129
61.756	23.354	20.905
63.221	20.213	19.355
61.712	17.631	17.021
61.639	13.956	17.947
61.066	10.952	15.683
57.81	9.013	15.712
56.118	6.34	13.629
52.556	6.561	12.354
50.211	3.899	13.711
46.83	5.227	12.642
45.248	8.489	11.509
42.065	9.051	13.522
40.802	12.318	12.056
41.681	15.908	11.305
43.03	16.832	14.747
44.175	13.524	16.272
46.643	10.834	15.276
48.022	7.687	16.917
51.809	7.424	16.921
54.522	5.164	18.256
56.467	7.585	20.431
59.604	6.484	22.276
58.669	2.821	22.0
54.992	3.064	22.971
51.701	3.845	21.194
50.214	7.231	22.074
47.408	9.458	20.827
48.372	13.011	19.894
46.136	16.062	19.556
47.409	18.696	17.112
48.202	21.975	18.854
46.4	25.22	18.015
44.009	23.8	15.438
40.253	23.261	15.395
39.159	20.943	12.597
35.544	20.093	11.722
34.594	16.913	13.601
33.848	13.761	11.61
29.892	14.805	10.559
30.474	18.551	10.281
31.093	20.391	7.014
34.635	19.772	5.719
35.135	17.194	8.46
35.909	14.385	5.993
38.032	16.765	3.883
40.184	17.66	6.89
40.492	14.002	7.912
41.494	12.826	4.441
43.987	15.676	4.153
45.735	14.804	7.417
45.597	11.077	6.632
47.163	11.442	3.187
49.888	13.768	4.471
50.784	11.42	7.324
50.562	8.036	5.573
52.669	9.165	2.593
55.426	10.746	4.691
58.884	9.177	4.897
59.522	10.755	8.285
57.098	11.863	10.993
58.326	14.073	13.811
56.636	15.372	16.941
57.424	18.68	18.596
56.141	19.456	22.085
55.653	23.094	23.041
56.77	24.753	26.29
53.481	24.356	28.163
51.585	21.294	29.405
52.334	18.248	27.213
49.08	16.259	27.585
45.409	17.193	27.868
42.842	15.842	30.335
42.178	12.837	28.086
45.789	11.642	28.057
46.535	12.879	24.537
49.913	14.438	23.778
49.754	18.086	22.678
52.189	18.786	19.861
53.042	20.129	16.444
53.337	17.241	13.982
55.709	17.309	11.014
55.492	15.162	7.874
58.755	15.215	5.891
59.593	18.573	7.42
56.177	20.103	6.736
54.102	20.968	9.81
50.669	19.354	9.532
49.138	21.908	11.926
50.163	24.721	9.557
49.175	22.945	6.319
45.63	22.365	7.609
45.101	26.009	8.503
46.724	27.303	5.297
44.54	25.035	3.18
41.524	26.408	5.05
40.655	23.061	6.663
40.978	24.258	10.242
40.853	27.402	12.34
43.46	28.502	14.86
42.277	27.459	18.322
42.776	29.391	21.555
46.173	29.001	23.216
46.242	26.184	25.782
48.357	26.255	28.952
51.226	28.29	27.509
51.557	26.311	24.278
51.815	29.189	21.817
55.26	29.121	20.204
53.733	28.846	16.705
50.506	30.824	17.24
51.615	33.732	15.041
52.771	31.462	12.233
49.364	29.788	12.268
47.429	33.055	12.58
49.074	34.357	9.41
48.393	31.139	7.491
44.741	31.443	8.552
44.483	35.078	7.428
45.723	34.021	3.991
43.28	31.103	3.748
40.498	33.517	4.679
41.605	36.044	2.049
41.592	33.236	-0.519
38.204	32.047	0.722
39.417	28.446	0.871
37.073	25.664	1.972
35.804	26.581	5.441
36.132	30.232	4.455
34.025	29.632	1.327
