135
0.883	36.063	21.38
3.863	37.351	19.45
6.501	35.985	17.148
10.134	35.914	18.182
13.001	35.208	15.843
14.804	31.901	16.092
17.464	30.375	13.892
17.275	26.813	12.646
19.935	24.54	14.044
18.442	21.285	12.845
15.087	19.8	12.0
14.83	16.529	13.933
11.563	15.308	12.473
8.263	16.718	11.292
7.286	18.251	14.622
10.545	18.611	16.528
13.289	21.03	15.65
16.402	22.412	17.251
16.486	26.181	17.124
18.753	28.869	18.457
16.328	30.785	20.659
17.627	33.856	22.491
21.135	32.713	21.729
20.325	29.323	23.243
20.087	26.055	21.357
16.68	24.634	22.188
14.573	21.775	20.913
11.11	22.968	19.941
8.05	20.806	19.601
5.297	22.073	17.315
2.197	22.977	19.34
-1.063	21.239	18.537
0.285	18.86	15.937
1.651	15.383	15.7
3.73	14.362	12.697
4.286	10.62	12.4
7.117	9.208	14.436
10.339	8.281	12.682
12.303	7.769	15.853
10.845	6.114	18.902
11.04	2.322	18.736
7.792	1.933	20.646
6.183	3.679	17.677
8.534	2.757	14.825
8.929	4.711	11.58
5.306	5.571	10.918
3.657	6.305	7.601
4.35	9.857	6.502
6.936	10.052	9.263
9.649	10.612	6.66
7.472	12.872	4.537
6.597	15.085	7.526
10.255	15.439	8.455
11.271	16.273	4.883
8.511	18.828	4.7
9.415	20.585	7.963
13.067	20.273	7.091
12.603	21.8	3.651
10.271	24.536	4.821
12.608	25.508	7.608
15.868	25.231	5.706
14.6	27.34	2.805
13.179	29.998	5.122
14.666	33.454	5.257
12.975	34.007	8.61
12.105	31.581	11.362
9.843	32.76	14.154
8.654	30.987	17.251
5.339	31.9	18.747
4.685	30.635	22.245
1.117	30.121	23.335
-0.481	31.449	26.514
0.296	28.385	28.651
3.474	26.424	29.317
6.319	27.135	26.933
8.003	23.794	27.507
6.754	20.201	27.796
8.072	17.718	30.378
10.978	16.935	28.046
12.104	20.535	28.187
11.144	21.171	24.558
9.813	24.667	23.809
6.179	24.487	22.732
5.462	26.96	19.983
3.834	27.683	16.696
6.776	27.977	14.345
6.669	30.219	11.307
8.864	29.964	8.224
8.678	33.262	6.357
5.441	33.99	8.132
3.947	30.609	7.235
3.011	28.561	10.3
4.785	25.253	9.935
2.279	23.692	12.306
-0.589	24.57	9.942
1.459	23.842	6.84
1.93	20.225	7.987
-1.71	19.805	8.995
-2.948	21.328	5.775
-0.83	18.774	3.852
-2.134	15.76	5.762
1.364	15.398	7.267
0.299	16.005	10.84
-2.827	15.538	12.875
-4.077	18.111	15.353
-2.94	16.481	18.605
-1.987	17.28	22.18
-4.428	20.12	22.454
-3.639	21.124	26.035
-5.595	24.213	27.077
-4.718	27.052	27.307
-2.058	26.367	24.639
-4.775	25.985	22.047
-4.824	29.471	20.648
-4.655	28.241	17.056
-6.575	25.007	17.49
-9.611	26.027	15.401
-7.269	27.287	12.689
-5.36	24.018	12.648
-8.596	22.047	12.973
-9.999	23.767	9.893
-6.846	22.954	7.94
-6.974	19.381	9.152
-10.61	19.061	8.028
-9.496	20.42	4.663
-6.663	17.877	4.472
-8.983	14.997	5.46
-11.53	16.431	3.015
-8.875	16.159	0.308
-7.693	12.792	1.579
-4.129	14.051	1.733
-1.302	11.861	2.948
-2.33	10.759	6.408
-5.991	10.971	5.378
-5.471	9.19	2.062
