164
36.815	-23.301	8.919
34.551	-20.908	10.776
34.201	-17.082	11.086
36.658	-17.036	14.032
39.432	-18.87	12.24
38.669	-16.938	9.118
39.077	-13.663	10.922
42.113	-14.795	12.795
43.775	-15.47	9.373
42.787	-12.073	8.012
43.697	-9.9	11.01
46.555	-11.675	12.729
47.199	-11.501	16.419
49.272	-8.752	18.038
49.788	-8.46	21.782
51.236	-5.0	21.634
49.475	-1.781	20.394
50.133	-1.46	16.759
49.029	0.56	13.774
46.69	-0.993	11.355
46.878	-0.739	7.551
45.174	2.707	7.774
47.522	3.937	10.451
45.177	3.486	13.433
45.959	2.151	16.875
44.893	-1.535	17.141
45.643	-4.467	19.413
44.847	-8.224	19.501
42.841	-9.528	16.627
42.008	-6.39	14.62
40.435	-4.564	17.539
40.499	-0.862	16.555
41.286	1.208	19.607
41.093	4.768	18.315
41.323	6.763	15.124
43.157	9.383	17.223
46.72	10.069	16.549
47.603	9.886	20.155
49.26	6.76	21.526
48.196	8.044	24.845
44.648	8.236	23.681
45.214	4.621	22.492
46.524	3.274	25.801
43.679	4.886	27.59
41.048	3.264	25.342
42.966	0.051	25.795
42.877	0.137	29.62
39.174	1.032	29.535
38.55	-1.977	27.288
40.539	-4.498	29.39
39.667	-3.181	32.834
43.286	-2.86	34.091
46.479	-0.823	33.657
47.848	-2.368	30.637
50.647	-0.196	29.701
50.07	-1.015	25.957
50.327	-4.743	26.279
47.789	-7.519	26.715
47.796	-11.35	27.169
46.491	-13.903	24.586
43.467	-14.462	26.731
42.599	-10.725	26.808
42.984	-10.581	23.087
40.664	-13.474	22.617
38.149	-11.907	24.958
38.117	-8.742	22.865
37.791	-10.924	19.751
34.798	-12.819	21.147
33.093	-9.481	21.834
33.778	-8.06	18.478
32.461	-11.032	16.481
29.352	-11.017	18.605
28.879	-7.255	18.18
29.393	-7.577	14.365
26.728	-10.341	14.098
24.165	-8.363	16.258
25.039	-5.318	14.305
23.995	-7.127	11.088
20.867	-8.426	12.625
19.807	-4.836	13.714
20.563	-3.168	10.509
17.649	-2.908	8.15
19.832	-3.025	5.069
21.989	-5.878	6.191
19.568	-8.192	7.905
17.726	-9.283	4.803
20.935	-9.911	2.918
22.25	-12.006	5.747
18.969	-13.998	5.988
19.113	-14.733	2.346
22.655	-16.164	2.406
24.064	-19.675	3.002
26.39	-20.321	5.952
29.677	-19.655	4.125
28.588	-16.362	2.537
27.237	-15.255	5.944
30.817	-15.586	7.315
31.9	-13.358	4.395
29.479	-10.585	5.357
30.478	-10.814	8.998
34.152	-10.456	7.857
33.351	-7.312	5.937
31.405	-5.759	8.747
34.029	-6.639	11.341
36.683	-4.781	9.198
34.763	-1.798	8.12
31.762	-1.297	10.425
27.967	-1.632	9.61
27.714	1.704	8.081
30.591	1.045	5.743
29.182	-2.226	4.349
25.692	-0.863	4.264
27.206	1.549	1.472
27.865	-1.265	-0.851
24.286	-0.871	-1.96
24.659	-2.372	-5.422
26.793	-5.328	-4.251
24.286	-6.001	-1.469
21.511	-6.175	-4.022
23.456	-8.58	-6.203
24.271	-10.859	-3.329
20.64	-10.855	-2.371
19.718	-11.808	-5.834
22.372	-14.613	-5.884
24.266	-13.064	-8.725
27.604	-14.311	-7.577
29.938	-13.376	-10.407
28.436	-9.96	-10.901
28.596	-9.163	-7.323
32.348	-10.232	-7.179
33.095	-7.848	-10.029
31.161	-4.945	-8.359
32.732	-5.513	-4.943
36.217	-5.051	-6.522
35.419	-1.499	-7.575
36.022	-0.149	-4.165
38.66	1.624	-2.132
38.443	-1.464	0.17
39.671	-3.732	-2.629
42.375	-1.233	-3.748
43.677	-0.748	-0.207
43.806	-4.371	0.941
43.652	-6.466	-2.224
44.782	-9.896	-0.824
42.237	-9.833	1.964
39.503	-8.294	-0.256
40.208	-11.034	-2.83
39.822	-13.716	-0.212
36.486	-12.313	0.966
35.342	-11.801	-2.505
36.083	-15.459	-3.411
34.151	-16.513	-0.422
31.133	-14.575	-1.758
31.587	-15.742	-5.373
31.972	-19.512	-4.614
30.373	-20.02	-1.316
33.331	-22.258	-0.285
36.308	-21.688	2.014
38.787	-22.313	-0.819
40.64	-18.936	-0.533
41.46	-19.733	2.992
42.442	-23.382	2.556
45.626	-22.255	1.309
46.51	-20.174	4.482
