Nr	Nidx	CaX	CaY	CaZ	PosX	PosY	PosZ	Let	Type
1	1	0.7889999747276306	7.769999980926514	44.34000015258789	-0.7139999866485596	7.544000148773193	44.0629997253418	K	B
2	2	2.634000062942505	7.270999908447266	41.11600112915039	4.0960001945495605	6.914000034332275	41.047000885009766	V	N
3	3	0.5910000205039978	6.433000087738037	38.097999572753906	-0.3179999887943268	7.453999996185303	37.46799850463867	F	N
4	4	1.5709999799728394	4.460999965667725	35.073001861572266	1.5709999799728394	4.460999965667725	35.073001861572266	G	G
5	5	0.9290000200271606	6.059999942779541	31.631000518798828	1.7669999599456787	5.78000020980835	30.43000030517578	R	B
6	6	-2.24399995803833	4.1620001792907715	30.775999069213867	-2.243000030517578	2.7279999256134033	30.20199966430664	C	P
7	7	-3.615999937057495	4.116000175476074	34.31100082397461	-2.759000062942505	3.632999897003174	35.43000030517578	E	A
8	8	-3.447000026702881	7.922999858856201	34.39899826049805	-2.1530001163482666	8.748000144958496	34.4379997253418	L	N
9	9	-4.839000225067139	8.210000038146973	30.826000213623047	-4.335999965667725	7.422999858856201	29.614999771118164	A	N
10	10	-7.798999786376953	6.120999813079834	31.847000122070312	-7.686999797821045	4.689000129699707	32.400001525878906	A	N
11	11	-8.442999839782715	8.16100025177002	35.018001556396484	-7.48799991607666	8.326000213623047	36.167999267578125	A	N
12	12	-8.142000198364258	11.454999923706055	33.10499954223633	-6.915999889373779	11.9350004196167	32.34700012207031	M	N
13	13	-10.597000122070312	10.145000457763672	30.517000198364258	-10.404999732971191	8.899999618530273	29.672000885009766	K	B
14	14	-13.02400016784668	9.192999839782715	33.3390007019043	-12.651000022888184	8.284000396728516	34.52799987792969	R	B
15	15	-12.751999855041504	12.795999526977539	34.57500076293945	-11.54800033569336	13.343000411987305	35.3390007019043	H	B
16	16	-13.982000350952148	14.270999908447266	31.23699951171875	-13.982000350952148	14.270999908447266	31.23699951171875	G	G
17	17	-10.571000099182129	15.694999694824219	30.18000030517578	-9.25100040435791	15.491999626159668	30.957000732421875	L	N
18	18	-10.543000221252441	14.317999839782715	26.625	-10.92300033569336	12.920999526977539	26.17300033569336	D	A
19	19	-11.145000457763672	17.268999099731445	24.243999481201172	-12.196000099182129	16.743000030517578	23.249000549316406	N	P
20	20	-11.706000328063965	19.570999145507812	27.165000915527344	-11.243000030517578	19.320999145507812	28.572999954223633	Y	P
21	21	-11.637999534606934	23.0939998626709	25.625	-10.890999794006348	24.04800033569336	26.57900047302246	R	B
22	22	-10.140000343322754	21.475000381469727	22.527999877929688	-10.140000343322754	21.475000381469727	22.527999877929688	G	G
23	23	-7.361000061035156	19.472000122070312	24.18600082397461	-6.5929999351501465	20.052000045776367	25.392000198364258	Y	P
24	24	-7.214000225067139	15.730999946594238	23.388999938964844	-6.665999889373779	15.182999610900879	22.07200050354004	S	P
25	25	-6.276000022888184	13.295999526977539	26.16200065612793	-6.826000213623047	11.881999969482422	26.235000610351562	L	N
26	26	-2.6429998874664307	12.85200023651123	24.95599937438965	-2.6429998874664307	12.85200023651123	24.95599937438965	G	G
27	27	-2.002000093460083	16.489999771118164	25.860000610351562	-2.86899995803833	17.695999145507812	25.496000289916992	N	P
28	28	-2.997999906539917	15.99899959564209	29.486000061035156	-4.46999979019165	15.708999633789062	29.85700035095215	T	N
29	29	-0.9490000009536743	12.732999801635742	29.878000259399414	-1.2359999418258667	11.390999794006348	29.131000518798828	V	N
30	30	2.0920000076293945	14.416999816894531	28.20199966430664	2.052999973297119	14.984999656677246	26.777999877929688	C	P
31	31	1.7079999446868896	17.42799949645996	30.514999389648438	0.515999972820282	18.351999282836914	30.655000686645508	A	N
32	32	1.5789999961853027	15.196000099182129	33.64099884033203	0.527999997138977	14.184000015258789	34.051998138427734	A	N
33	33	4.715000152587891	13.253000259399414	32.472999572753906	4.993000030517578	12.62600040435791	31.111000061035156	K	B
34	34	6.926000118255615	16.28700065612793	32.15999984741211	7.044000148773193	16.982999801635742	30.809999465942383	F	N
35	35	5.385000228881836	18.343000411987305	35.04100036621094	3.9100000858306885	18.804000854492188	35.26300048828125	E	A
36	36	5.491000175476074	15.701000213623047	37.71099853515625	4.163000106811523	15.602999687194824	38.4640007019043	S	P
37	37	6.565000057220459	12.357000350952148	36.198001861572266	7.986999988555908	12.067000389099121	36.7400016784668	N	P
38	38	3.1419999599456787	11.048999786376953	37.180999755859375	3.140000104904175	9.663000106811523	36.55799865722656	F	N
39	39	3.61299991607666	11.659000396728516	40.88800048828125	5.013999938964844	11.859999656677246	41.358001708984375	N	P
40	40	0.6520000100135803	13.041999816894531	42.867000579833984	-0.4959999918937683	12.23900032043457	43.50299835205078	T	P
41	41	2.950000047683716	14.305000305175781	45.590999603271484	3.437999963760376	13.291999816894531	46.61000061035156	Q	P
42	42	5.533999919891357	16.284000396728516	43.59700012207031	5.664999961853027	16.266000747680664	42.097999572753906	A	N
43	43	6.103000164031982	19.808000564575195	44.915000915527344	6.060999870300293	19.981000900268555	46.492000579833984	T	P
44	44	8.456000328063965	22.4689998626709	43.46900177001953	8.494000434875488	22.59600067138672	41.95100021362305	N	P
45	45	9.255999565124512	25.329999923706055	45.85200119018555	10.00100040435791	25.003000259399414	47.16999816894531	R	B
46	46	9.836999893188477	28.427000045776367	43.6879997253418	8.730999946594238	28.969999313354492	42.77899932861328	N	P
47	47	11.607000350952148	31.767000198364258	43.887001037597656	12.184000015258789	32.439998626708984	42.64099884033203	T	P
48	48	8.928999900817871	34.26100158691406	44.935001373291016	8.081000328063965	35.275001525878906	44.0989990234375	D	A
49	49	7.73799991607666	31.861000061035156	47.632999420166016	7.73799991607666	31.861000061035156	47.632999420166016	G	G
50	50	5.034999847412109	30.041000366210938	45.573001861572266	4.425000190734863	30.520999908447266	44.28499984741211	S	P
51	51	5.041999816894531	26.204999923706055	45.263999938964844	4.923999786376953	25.42300033569336	46.59000015258789	T	P
52	52	3.6760001182556152	24.031999588012695	42.48400115966797	4.423999786376953	23.85300064086914	41.13199996948242	D	A
53	53	1.6419999599456787	21.101999282836914	43.77899932861328	0.5339999794960022	21.459999084472656	44.80799865722656	Y	P
54	54	0.7289999723434448	17.645000457763672	42.50600051879883	0.7289999723434448	17.645000457763672	42.50600051879883	G	G
55	55	0.5070000290870667	15.666000366210938	39.32500076293945	-0.6200000047683716	14.663999557495117	38.76599884033203	I	N
56	56	-0.12600000202655792	18.780000686645508	37.25299835205078	-1.600000023841858	18.972000122070312	36.85499954223633	L	N
57	57	2.062000036239624	21.156999588012695	39.354000091552734	3.4079999923706055	21.236000061035156	38.555999755859375	Q	P
58	58	-0.5809999704360962	23.81399917602539	39.97200012207031	-2.0399999618530273	23.341999053955078	40.35599899291992	I	N
59	59	0.843999981880188	27.09600067138672	41.34600067138672	1.3350000381469727	28.204999923706055	40.4370002746582	N	P
60	60	-0.050999999046325684	28.47800064086914	44.777000427246094	0.5979999899864197	28.18199920654297	46.08700180053711	S	P
61	61	0.2590000033378601	32.202999114990234	43.87200164794922	1.2510000467300415	32.91299819946289	42.959999084472656	R	B
62	62	-3.0480000972747803	32.11800003051758	41.875	-2.9719998836517334	32.202999114990234	40.32600021362305	T	N
63	63	-4.831999778747559	28.812000274658203	42.36600112915039	-4.388000011444092	27.78700065612793	41.308998107910156	T	N
64	64	-4.830999851226807	27.30900001525879	45.86199951171875	-4.334000110626221	25.863000869750977	45.77299880981445	C	P
65	65	-4.135000228881836	28.48699951171875	49.37099838256836	-5.296999931335449	28.951000213623047	50.25899887084961	N	P
66	66	-1.1369999647140503	27.138999938964844	51.27299880981445	0.11100000143051147	26.579999923706055	50.53300094604492	D	A
67	67	-0.8629999756813049	29.982999801635742	53.8380012512207	-0.8629999756813049	29.982999801635742	53.8380012512207	G	G
68	68	2.757999897003174	30.975000381469727	52.98699951171875	3.76200008392334	29.895000457763672	53.39799880981445	R	B
69	69	2.7149999141693115	32.3129997253418	49.375999450683594	1.9390000104904175	31.642000198364258	48.19499969482422	T	P
70	70	3.3989999294281006	36.08599853515625	49.207000732421875	4.7230000495910645	36.540000915527344	48.63600158691406	P	N
71	71	0.5849999785423279	37.683998107910156	47.15700149536133	0.5849999785423279	37.683998107910156	47.15700149536133	G	G
72	72	-1.649999976158142	34.709999084472656	46.847999572753906	-1.444000005722046	33.487998962402344	47.70800018310547	S	P
73	73	-5.048999786376953	34.30799865722656	45.375	-5.164999961853027	34.76499938964844	43.939998626708984	R	B
74	74	-7.215000152587891	31.1299991607666	45.7859992980957	-7.716000080108643	30.85099983215332	47.20199966430664	N	P
75	75	-9.11299991607666	30.93600082397461	42.486000061035156	-8.517999649047852	31.37299919128418	41.14400100708008	L	N
76	76	-9.86299991607666	27.1560001373291	42.57400131225586	-8.920999526977539	25.999000549316406	42.24100112915039	C	P
77	77	-11.104000091552734	27.69300079345703	46.167999267578125	-12.61299991607666	27.881999969482422	46.04800033569336	N	P
78	78	-9.032999992370605	24.89699935913086	47.7239990234375	-8.762999534606934	23.67099952697754	46.803001403808594	I	N
79	79	-6.14900016784668	24.17300033569336	50.17300033569336	-6.38100004196167	23.34000015258789	51.391998291015625	P	N
80	80	-3.0199999809265137	23.31399917602539	48.15800094604492	-1.7200000286102295	24.091999053955078	48.167999267578125	C	P
81	81	-2.740999937057495	20.058000564575195	50.20500183105469	-2.8359999656677246	19.900999069213867	51.72200012207031	S	P
82	82	-5.927999973297119	18.724000930786133	48.33100128173828	-7.206999778747559	19.483999252319336	47.95600128173828	A	N
83	83	-3.7330000400543213	18.648000717163086	45.21799850463867	-3.0940001010894775	19.88800048828125	44.65700149536133	L	N
84	84	-1.3370000123977661	16.218000411987305	46.85300064086914	-0.4880000054836273	16.792999267578125	47.979000091552734	L	N
85	85	-3.73799991607666	13.302000045776367	47.23400115966797	-5.188000202178955	13.538999557495117	47.57400131225586	S	P
86	86	-3.7660000324249268	9.895999908447266	45.55799865722656	-3.881999969482422	8.576000213623047	46.36600112915039	S	P
87	87	-7.02400016784668	10.744000434875488	43.827999114990234	-8.354000091552734	10.460000038146973	44.54499816894531	D	A
88	88	-6.793000221252441	13.112000465393066	41.00199890136719	-6.451000213623047	12.241000175476074	39.72999954223633	I	N
89	89	-10.170000076293945	14.902000427246094	41.27000045776367	-11.357000350952148	14.411999702453613	42.141998291015625	T	P
90	90	-9.17300033569336	18.22100067138672	42.96200180053711	-8.642000198364258	18.32200050354004	44.3849983215332	A	N
91	91	-6.234000205993652	18.492000579833984	40.494998931884766	-5.058000087738037	17.506000518798828	40.4370002746582	S	P
92	92	-8.430999755859375	17.905000686645508	37.387001037597656	-9.178000450134277	16.611000061035156	36.845001220703125	V	N
93	93	-11.154000282287598	20.243999481201172	38.6619987487793	-12.02400016784668	20.070999145507812	39.915000915527344	N	P
94	94	-8.687999725341797	23.042999267578125	39.28099822998047	-7.659999847412109	23.06399917602539	40.38999938964844	C	P
95	95	-6.947999954223633	22.305999755859375	35.93199920654297	-6.377999782562256	20.966999053955078	35.44900131225586	A	N
96	96	-10.331000328063965	22.781999588012695	34.082000732421875	-11.61299991607666	22.020000457763672	34.34000015258789	K	B
97	97	-10.585000038146973	26.176000595092773	35.75600051879883	-10.657999992370605	26.341999053955078	37.25299835205078	K	B
98	98	-6.992000102996826	27.031999588012695	34.68299865722656	-5.769999980926514	26.20800018310547	35.0890007019043	I	N
99	99	-7.552000045776367	26.104999542236328	30.988000869750977	-7.7179999351501465	24.722000122070312	30.31599998474121	V	N
100	100	-10.753999710083008	28.08799934387207	30.833999633789062	-12.017000198364258	27.784000396728516	31.62299919128418	S	P
101	101	-9.055000305175781	31.275999069213867	32.1150016784668	-8.956000328063965	31.378000259399414	33.652000427246094	D	A
102	102	-5.392000198364258	31.516000747680664	31.27199935913086	-5.392000198364258	31.516000747680664	31.27199935913086	G	G
103	103	-4.650000095367432	30.823999404907227	27.641000747680664	-3.3320000171661377	31.55900001525879	27.309999465942383	N	P
104	104	-5.440000057220459	27.101999282836914	27.332000732421875	-5.440000057220459	27.101999282836914	27.332000732421875	G	G
105	105	-2.6419999599456787	24.697999954223633	28.194000244140625	-2.5220000743865967	23.312999725341797	27.57900047302246	M	N
106	106	0.0689999982714653	27.36199951171875	27.87700080871582	-0.03799999877810478	28.652000427246094	27.07200050354004	N	P
107	107	-0.3580000102519989	27.763999938964844	31.638999938964844	-1.715000033378601	27.58099937438965	32.297000885009766	A	N
108	108	1.7970000505447388	24.610000610351562	31.999000549316406	1.1449999809265137	23.249000549316406	31.854000091552734	T	N
109	109	5.429999828338623	25.38800048828125	30.94700050354004	6.682000160217285	25.94700050354004	31.69099998474121	V	N
110	110	6.255000114440918	21.67099952697754	30.465999603271484	6.2220001220703125	20.51300048828125	31.44300079345703	A	N
111	111	3.308000087738037	21.233999252319336	28.08300018310547	1.7649999856948853	21.479999542236328	28.327999114990234	T	N
112	112	4.256999969482422	24.395000457763672	26.211000442504883	4.072999954223633	25.78700065612793	26.892000198364258	R	B
113	113	7.9039998054504395	23.257999420166016	25.94499969482422	8.913000106811523	23.493000030517578	27.052000045776367	N	P
114	114	7.748000144958496	19.506000518798828	25.642000198364258	8.0600004196167	18.725000381469727	26.92099952697754	R	B
115	115	4.271999835968018	18.56800079345703	24.319000244140625	3.180999994277954	18.402000427246094	25.351999282836914	C	P
116	116	3.0739998817443848	21.437000274658203	22.198999404907227	3.2279999256134033	22.871000289916992	22.655000686645508	K	B
117	117	3.4630000591278076	20.631999969482422	18.493000030517578	3.4630000591278076	20.631999969482422	18.493000030517578	G	G
118	118	4.359000205993652	16.957000732421875	18.9060001373291	5.23799991607666	16.55500030517578	20.099000930786133	T	P
119	119	1.99399995803833	14.050999641418457	18.198999404907227	2.259000062942505	12.965999603271484	17.176000595092773	D	A
120	120	0.44999998807907104	13.534000396728516	21.62700080871582	-0.2840000092983246	14.71399974822998	22.349000930786133	V	N
121	121	-1.527999997138977	10.442000389099121	20.527999877929688	-1.8589999675750732	10.03600025177002	19.117000579833984	Q	P
122	122	1.6369999647140503	8.420999526977539	21.274999618530273	3.0739998817443848	8.907999992370605	21.058000564575195	A	N
123	123	1.0219999551773071	8.930999755859375	24.976999282836914	0.8460000157356262	10.29800033569336	25.642000198364258	T	N
124	124	-2.132999897003174	6.75	24.80900001525879	-3.4709999561309814	7.379000186920166	24.349000930786133	I	N
125	125	-0.32499998807907104	3.999000072479248	22.761999130249023	1.11899995803833	3.997999906539917	22.304000854492188	R	B
126	126	-1.2619999647140503	0.5170000195503235	23.944000244140625	-1.2619999647140503	0.5170000195503235	23.944000244140625	G	G
127	127	-3.86299991607666	1.7649999856948853	26.44499969482422	-4.089000225067139	3.0850000381469727	27.136999130249023	C	P
128	128	-7.10699987411499	0.23000000417232513	25.562999725341797	-7.5229997634887695	-1.187999963760376	25.902999877929688	R	B
129	129	-9.498000144958496	3.0969998836517334	26.350000381469727	-8.913999557495117	4.514999866485596	26.292999267578125	L	N
130	130	1.0160000324249268	8.868000030517578	45.262001037597656	1.0160000324249268	8.868000030517578	45.262001037597656	X	X
131	131	-10.840999603271484	3.1050000190734863	25.621999740600586	-10.840999603271484	3.1050000190734863	25.621999740600586	Z	Z
