Nr	Nidx	CaX	CaY	CaZ	PosX	PosY	PosZ	Let	Type
1	1	-3.4200000762939453	16.141000747680664	1.805999994277954	-4.664999961853027	16.96500015258789	1.4739999771118164	N	P
2	2	-4.936999797821045	12.682000160217285	2.062999963760376	-4.630000114440918	11.836000442504883	3.2990000247955322	S	P
3	3	-8.086999893188477	11.526000022888184	0.3100000023841858	-8.27299976348877	12.430999755859375	-0.9100000262260437	Y	P
4	4	-9.807999610900879	8.133000373840332	0.09700000286102295	-10.821999549865723	7.739999771118164	1.159000039100647	P	N
5	5	-9.96500015258789	7.191999912261963	-3.565999984741211	-9.96500015258789	7.191999912261963	-3.565999984741211	G	G
6	6	-8.906000137329102	4.491000175476074	-5.995999813079834	-8.38599967956543	3.377000093460083	-5.085000038146973	C	P
7	7	-10.586000442504883	4.2179999351501465	-9.404999732971191	-10.593999862670898	5.420000076293945	-10.335000038146973	P	N
8	8	-10.29800033569336	1.3179999589920044	-11.821999549865723	-11.505000114440918	0.5199999809265137	-12.315999984741211	S	P
9	9	-8.019000053405762	3.434999942779541	-13.979000091552734	-7.9629998207092285	4.965000152587891	-13.956999778747559	S	P
10	10	-5.046000003814697	1.7710000276565552	-12.331000328063965	-4.789999961853027	2.0299999713897705	-10.845000267028809	Y	P
11	11	-5.257999897003174	-1.9320000410079956	-11.581000328063965	-4.308000087738037	-2.441999912261963	-12.666999816894531	D	A
12	12	-5.504000186920166	-3.265000104904175	-8.04699993133545	-5.504000186920166	-3.265000104904175	-8.04699993133545	G	G
13	13	-2.996999979019165	-0.625	-7.007999897003174	-3.497999906539917	0.7730000019073486	-6.63700008392334	Y	P
14	14	-3.003000020980835	-2.5450000762939453	-3.746999979019165	-3.874000072479248	-2.1070001125335693	-2.569000005722046	C	P
15	15	-1.909999966621399	-6.164000034332275	-3.9670000076293945	-1.1200000047683716	-6.500999927520752	-5.232999801635742	L	N
16	16	-1.0299999713897705	-8.890000343322754	-1.49399995803833	0.31200000643730164	-8.347999572753906	-0.9980000257492065	N	P
17	17	-3.3570001125335693	-7.269999980926514	1.0119999647140503	-3.3570001125335693	-7.269999980926514	1.0119999647140503	G	G
18	18	-3.5450000762939453	-3.503000020980835	1.3459999561309814	-3.5450000762939453	-3.503000020980835	1.3459999561309814	G	G
19	19	-6.050000190734863	-0.6700000166893005	1.2000000476837158	-6.611999988555908	0.0	2.4549999237060547	V	N
20	20	-6.182000160217285	1.9880000352859497	-1.4919999837875366	-6.84499979019165	1.659999966621399	-2.8320000171661377	C	P
21	21	-5.9730000495910645	5.691999912261963	-0.7459999918937683	-5.363999843597412	5.90500020980835	0.640999972820282	M	N
22	22	-5.715000152587891	8.79800033569336	-2.8929998874664307	-6.900000095367432	9.355999946594238	-3.684000015258789	H	B
23	23	-3.174999952316284	11.508999824523926	-2.1649999618530273	-1.6920000314712524	11.142000198364258	-2.2109999656677246	I	N
24	24	-3.5230000019073486	15.255000114440918	-2.578000068664551	-4.466000080108643	16.016000747680664	-1.6410000324249268	E	A
25	25	0.18799999356269836	15.984000205993652	-2.4489998817443848	1.2649999856948853	15.074999809265137	-1.8519999980926514	S	P
26	26	0.12099999934434891	15.637999534606934	-6.2170000076293945	1.4989999532699585	15.11299991607666	-6.623000144958496	L	N
27	27	-3.3410000801086426	14.26099967956543	-6.876999855041504	-3.808000087738037	15.048999786376953	-8.104000091552734	D	A
28	28	-1.649999976158142	10.87399959564209	-6.935999870300293	-0.13199999928474426	10.727999687194824	-6.827000141143799	S	P
29	29	-3.0190000534057617	7.581999778747559	-5.668000221252441	-3.941999912261963	6.836999893188477	-6.633999824523926	Y	P
30	30	-1.2130000591278076	5.357999801635742	-3.193000078201294	-0.42100000381469727	6.144000053405762	-2.1470000743865967	T	P
31	31	-1.840000033378601	2.1600000858306885	-1.2690000534057617	-1.86899995803833	0.9710000157356262	-2.2300000190734863	C	P
32	32	-1.121000051498413	0.7789999842643738	2.180999994277954	-1.809000015258789	1.4780000448226929	3.3540000915527344	N	P
33	33	-0.13899999856948853	-2.7780001163482666	3.0250000953674316	0.9649999737739563	-3.4679999351501465	2.2209999561309814	C	P
34	34	0.9750000238418579	-4.421999931335449	6.247000217437744	-0.09799999743700027	-5.4029998779296875	6.723999977111816	V	N
35	35	4.054999828338623	-5.824999809265137	7.939000129699707	4.068999767303467	-6.482999801635742	9.319999694824219	I	N
36	36	6.271999835968018	-7.368000030517578	5.2870001792907715	6.271999835968018	-7.368000030517578	5.2870001792907715	G	G
37	37	4.6020002365112305	-5.139999866485596	2.7230000495910645	3.364000082015991	-5.960000038146973	2.3510000705718994	Y	P
38	38	4.256999969482422	-1.4229999780654907	2.0959999561309814	4.7820000648498535	-0.8140000104904175	3.3980000019073486	S	P
39	39	5.409999847412109	1.4730000495910645	-0.052000001072883606	5.409999847412109	1.4730000495910645	-0.052000001072883606	G	G
40	40	3.369999885559082	2.7170000076293945	-2.990000009536743	3.8440001010894775	2.7739999294281006	-4.443999767303467	D	A
41	41	1.090000033378601	-0.22599999606609344	-2.312999963760376	0.6809999942779541	-0.7649999856948853	-3.684999942779541	R	B
42	42	2.380000114440918	-3.619999885559082	-1.2389999628067017	1.225000023841858	-4.61899995803833	-1.1419999599456787	C	P
43	43	5.4710001945495605	-3.874000072479248	-3.4100000858306885	5.909999847412109	-2.8529999256134033	-4.459000110626221	Q	P
44	44	7.843999862670898	-3.322999954223633	-0.5139999985694885	8.013999938964844	-1.9620000123977661	0.1679999977350235	T	P
45	45	7.271999835968018	-6.840000152587891	0.7559999823570251	7.177000045776367	-8.098999977111816	-0.10599999874830246	R	B
46	46	9.553999900817871	-6.046999931335449	3.6700000762939453	10.722999572753906	-5.10699987411499	3.365000009536743	D	A
47	47	9.262999534606934	-5.210000038146973	7.348999977111816	10.055000305175781	-5.933000087738037	8.442000389099121	L	N
48	48	10.329000473022461	-1.7879999876022339	8.564000129699707	10.527000427246094	-1.0509999990463257	7.236999988555908	R	B
49	49	8.052000045776367	-0.7620000243186951	11.406999588012695	8.46500015258789	-0.6299999952316284	12.87399959564209	T	N
50	50	5.947000026702881	1.6549999713897705	9.392999649047852	5.7870001792907715	1.4320000410079956	7.88700008392334	T	N
51	51	3.575000047683716	2.7139999866485596	12.145999908447266	2.747999906539917	1.472000002861023	12.487000465393066	E	A
52	52	3.381999969482422	5.132999897003174	15.050000190734863	3.690000057220459	6.585999965667725	14.680999755859375	L	N
53	53	1.5230000019073486	4.965000152587891	18.3439998626709	0.46000000834465027	6.057000160217285	18.211000442504883	R	B
54	54	-2.2730000019073486	16.593000411987305	1.0390000343322754	-2.2730000019073486	16.593000411987305	1.0390000343322754	X	X
55	55	0.8479999899864197	3.5929999351501465	18.266000747680664	0.8479999899864197	3.5929999351501465	18.266000747680664	Z	Z
