Nr	Nidx	CaX	CaY	CaZ	PosX	PosY	PosZ	Let	Type
1	1	53.43899917602539	13.21500015258789	-4.519000053405762	53.43899917602539	13.21500015258789	-4.519000053405762	G	G
2	2	55.28300094604492	15.800000190734863	-6.534999847412109	56.30500030517578	16.82699966430664	-8.64799976348877	D	A
3	3	56.90700149536133	17.79199981689453	-3.753999948501587	57.94900131225586	17.290000915527344	-2.7639999389648438	V	N
4	4	58.055999755859375	20.535999298095703	-6.198999881744385	60.98699951171875	19.05500030517578	-8.166999816894531	E	A
5	5	54.709999084472656	20.702999114990234	-7.9770002365112305	53.641998291015625	17.291000366210938	-13.130999565124512	K	B
6	6	53.31399917602539	20.90399932861328	-4.447000026702881	53.31399917602539	20.90399932861328	-4.447000026702881	G	G
7	7	55.54399871826172	23.88599967956543	-3.5230000019073486	60.915000915527344	26.952999114990234	-3.1679999828338623	K	B
8	8	54.25600051879883	25.96500015258789	-6.425000190734863	55.29800033569336	26.472999572753906	-12.39799976348877	K	B
9	9	50.5880012512207	25.40999984741211	-5.3979997634887695	49.4739990234375	21.959999084472656	-6.9039998054504395	I	N
10	10	51.60100173950195	26.42799949645996	-1.8940000534057617	52.51516660054525	26.9586664835612	1.7200000335772831	F	N
11	11	53.31399917602539	29.729000091552734	-2.944999933242798	54.520999908447266	29.732999801635742	-3.931999921798706	V	N
12	12	50.375	30.513999938964844	-5.151000022888184	51.4640007019043	29.66699981689453	-8.767999649047852	Q	P
13	13	47.45100021362305	29.679000854492188	-2.940000057220459	44.96799850463867	25.600000381469727	-6.918000221252441	K	B
14	14	48.47700119018555	29.43400001525879	0.6899999976158142	48.09600067138672	26.750999450683594	0.1850000023841858	C	P
15	15	51.59700012207031	31.589000701904297	1.1970000267028809	52.70399856567383	31.708999633789062	0.15199999511241913	A	N
16	16	49.42499923706055	34.7140007019043	1.5809999704360962	46.29499816894531	36.59199905395508	0.01899999938905239	Q	P
17	17	48.16999816894531	33.58000183105469	4.974999904632568	45.54800033569336	34.224998474121094	3.865000009536743	C	P
18	18	50.54800033569336	30.868000030517578	6.2210001945495605	47.63800048828125	28.874400329589843	6.6187999725341795	H	B
19	19	54.15399932861328	30.006000518798828	7.10099983215332	56.12300109863281	30.430999755859375	8.789999961853027	T	P
20	20	55.53200149536133	26.46299934387207	7.190000057220459	55.481998443603516	25.54400062561035	5.959000110626221	V	N
21	21	58.9630012512207	26.94300079345703	8.779999732971191	59.08599853515625	29.954999923706055	7.466000080108643	E	A
22	22	60.058998107910156	26.340999603271484	12.36299991607666	61.95000076293945	24.534000396728516	16.816999435424805	K	B
23	23	59.27799987792969	29.274999618530273	14.588000297546387	59.27799987792969	29.274999618530273	14.588000297546387	G	G
24	24	57.902000427246094	31.113000869750977	11.47599983215332	57.902000427246094	31.113000869750977	11.47599983215332	G	G
25	25	55.159000396728516	33.68899917602539	12.173999786376953	55.25899887084961	38.02299880981445	7.763999938964844	K	B
26	26	51.393001556396484	33.51599884033203	12.270999908447266	51.19139938354492	31.244600296020508	14.998999977111817	H	B
27	27	49.96500015258789	35.58599853515625	9.407999992370605	52.56700134277344	35.42599868774414	4.063000202178955	K	B
28	28	46.125999450683594	35.83599853515625	8.871999740600586	43.736000061035156	35.97700119018555	7.671999931335449	T	P
29	29	46.33599853515625	32.02199935913086	9.303000450134277	46.33599853515625	32.02199935913086	9.303000450134277	G	G
30	30	48.66299819946289	30.114999771118164	11.593000411987305	46.79999923706055	28.584999084472656	11.736000061035156	P	N
31	31	52.222999572753906	28.861000061035156	10.958999633789062	54.64400100708008	28.222000122070312	11.71500015258789	N	P
32	32	52.07699966430664	25.22100067138672	9.944999694824219	50.54899978637695	25.764999389648438	7.820000171661377	L	N
33	33	55.29800033569336	23.663000106811523	11.29699993133545	58.55199966430664	22.488000106811523	11.79699993133545	H	B
34	34	54.35100173950195	20.34600067138672	12.880999565124512	54.35100173950195	20.34600067138672	12.880999565124512	G	G
35	35	50.84600067138672	19.874000549316406	11.460000038146973	49.0369987487793	20.510000228881836	9.63599967956543	L	N
36	36	50.94200134277344	16.128000259399414	10.661999702453613	51.29416592915853	15.949999968210856	6.822000026702881	F	N
37	37	50.00199890136719	13.954000473022461	13.692000389099121	50.00199890136719	13.954000473022461	13.692000389099121	G	G
38	38	48.60499954223633	16.88800048828125	15.635000228881836	50.88800048828125	22.030000686645508	14.973999977111816	R	B
39	39	44.979000091552734	17.67099952697754	16.36199951171875	41.95399856567383	13.187999725341797	18.143999099731445	K	B
40	40	43.1150016784668	20.632999420166016	14.972999572753906	41.569000244140625	19.41200065612793	13.185999870300293	T	P
41	41	43.638999938964844	24.118999481201172	16.371000289916992	43.638999938964844	24.118999481201172	16.371000289916992	G	G
42	42	46.99800109863281	23.395000457763672	18.040000915527344	45.749000549316406	21.424999237060547	20.27199935913086	Q	P
43	43	49.49100112915039	25.992000579833984	16.808000564575195	49.3849983215332	26.94499969482422	15.630999565124512	A	N
44	44	50.630001068115234	27.670000076293945	20.038000106811523	52.75400161743164	26.575000762939453	19.719999313354492	P	N
45	45	50.14699935913086	31.417999267578125	19.881999969482422	50.14699935913086	31.417999267578125	19.881999969482422	G	G
46	46	47.38399887084961	31.573999404907227	17.257999420166016	45.57533327738444	31.79866663614909	13.92633326848348	F	N
47	47	43.75299835205078	32.24800109863281	18.280000686645508	42.05400085449219	33.41999816894531	19.92300033569336	T	P
48	48	41.57600021362305	29.860000610351562	16.402999877929688	44.6721431187221	27.104714257376536	15.436714172363281	Y	P
49	49	37.83000183105469	29.767000198364258	15.991000175476074	37.17300033569336	30.878999710083008	13.736000061035156	T	P
50	50	36.189998626708984	27.301000595092773	18.461999893188477	35.00600051879883	28.351999282836914	20.468000411987305	D	A
51	51	35.09700012207031	25.274999618530273	15.402000427246094	34.40399932861328	25.881000518798828	14.182000160217285	A	N
52	52	38.71900177001953	24.743000030517578	14.458000183105469	40.821998596191406	25.176000595092773	13.114999771118164	N	P
53	53	39.80799865722656	24.04199981689453	17.996000289916992	40.86800003051758	28.354000091552734	21.746000289916992	K	B
54	54	36.98500061035156	21.545000076293945	18.625999450683594	35.53499984741211	22.964000701904297	20.246999740600586	N	P
55	55	36.957000732421875	19.684999465942383	15.234000205993652	34.54600143432617	17.861000061035156	10.623000144958496	K	B
56	56	38.86399841308594	17.059999465942383	17.07200050354004	38.86399841308594	17.059999465942383	17.07200050354004	G	G
57	57	40.48400115966797	14.954000473022461	14.348999977111816	41.2760009765625	15.949000358581543	11.140999794006348	I	N
58	58	44.255001068115234	14.335000038146973	13.692999839782715	46.46799850463867	12.82800006866455	13.657999992370605	T	P
59	59	45.83100128173828	15.829999923706055	10.605999946594238	44.003665924072266	19.468777974446613	10.013555632697212	T	N
60	60	47.159000396728516	13.206000328063965	8.178000450134277	43.96699905395508	9.07800006866455	11.182999610900879	K	B
61	61	46.97999954223633	12.866999626159668	4.35099983215332	50.138999938964844	10.906999588012695	3.075000047683716	E	A
62	62	43.41899871826172	11.666999816894531	4.540999889373779	42.744998931884766	9.475000381469727	2.315999984741211	E	A
63	63	41.926998138427734	14.369999885559082	6.735000133514404	41.22600173950195	13.27299976348877	8.967000007629395	T	P
64	64	43.875999450683594	16.996999740600586	4.747000217437744	46.19900131225586	17.784000396728516	5.7820000648498535	L	N
65	65	42.63999938964844	15.545999526977539	1.4459999799728394	43.00699996948242	13.684000015258789	-2.3499999046325684	M	N
66	66	38.91299819946289	16.010000228881836	2.4130001068115234	36.194000244140625	14.164999961853027	4.763000011444092	E	A
67	67	39.479000091552734	19.395000457763672	4.0929999351501465	41.20085688999721	22.56085695539202	6.345999990190778	Y	P
68	68	41.446998596191406	21.027999877929688	1.2990000247955322	43.983001708984375	20.979999542236328	1.878000020980835	L	N
69	69	38.665000915527344	20.197999954223633	-1.1009999513626099	36.25199890136719	17.51300048828125	-2.5199999809265137	E	A
70	70	36.1619987487793	22.30299949645996	0.8330000042915344	33.685001373291016	22.81599998474121	0.6179999709129333	N	P
71	71	37.483001708984375	23.863000869750977	4.046999931335449	38.63999938964844	25.356000900268555	2.5160000324249268	P	N
72	72	34.1870002746582	25.451000213623047	5.186999797821045	36.395999908447266	29.327999114990234	2.7160000801086426	K	B
73	73	32.375	22.17099952697754	4.665999889373779	27.573999404907227	19.972999572753906	3.1540000438690186	K	B
74	74	34.814998626708984	20.320999145507812	6.918000221252441	37.50357164655413	17.10185718536377	7.816857065473284	Y	P
75	75	35.1879997253418	23.1200008392334	9.531999588012695	38.979000091552734	22.232999801635742	10.4399995803833	I	N
76	76	31.881999969482422	24.966999053955078	9.685999870300293	31.18000030517578	22.650999069213867	9.602999687194824	P	N
77	77	32.49399948120117	28.381999969482422	11.088000297546387	32.49399948120117	28.381999969482422	11.088000297546387	G	G
78	78	36.20600128173828	28.33300018310547	10.13700008392334	36.698001861572266	27.055999755859375	7.790999889373779	T	P
79	79	37.67399978637695	31.788000106811523	9.569999694824219	40.974998474121094	33.81700134277344	14.413000106811523	K	B
80	80	39.88800048828125	30.39299964904785	6.747000217437744	42.2130012512207	26.56800079345703	3.98799991607666	M	N
81	81	38.18899917602539	31.860000610351562	3.5920000076293945	35.51300048828125	32.46500015258789	5.40500020980835	I	N
82	82	39.54800033569336	29.81599998474121	0.7139999866485596	42.30416679382324	27.715166409810383	-0.827166672796011	F	N
83	83	37.487998962402344	27.974000930786133	-1.8839999437332153	37.308998107910156	28.524999618530273	-3.2960000038146973	A	N
84	84	39.505001068115234	24.708999633789062	-1.8619999885559082	39.505001068115234	24.708999633789062	-1.8619999885559082	G	G
85	85	41.45600128173828	22.69499969482422	-4.468999862670898	44.638999938964844	23.14699935913086	-2.4590001106262207	I	N
86	86	39.047000885009766	20.93199920654297	-6.86899995803833	39.62699890136719	24.66900062561035	-11.37600040435791	K	B
87	87	41.45000076293945	18.43899917602539	-8.529000282287598	40.35200119018555	21.496000289916992	-12.475000381469727	K	B
88	88	42.665000915527344	15.404999732971191	-6.6020002365112305	41.5099983215332	9.366000175476074	-5.205999851226807	K	B
89	89	46.23400115966797	15.432999610900879	-7.941999912261963	46.189998626708984	13.670000076293945	-9.809000015258789	T	P
90	90	46.66699981689453	19.051000595092773	-6.935999870300293	45.305999755859375	21.94499969482422	-9.201000213623047	E	A
91	91	45.617000579833984	18.18600082397461	-3.388000011444092	40.3849983215332	16.722000122070312	-3.2760000228881836	R	B
92	92	48.01599884033203	15.218999862670898	-3.494999885559082	46.55699920654297	11.89799976348877	-5.190999984741211	E	A
93	93	50.93199920654297	17.33099937438965	-4.690999984741211	51.03300094604492	17.086000442504883	-7.23199987411499	D	A
94	94	50.30799865722656	19.976999282836914	-1.9989999532699585	48.935001373291016	21.940000534057617	-0.902999997138977	L	N
95	95	50.13600158691406	17.309999465942383	0.800000011920929	46.43600082397461	16.086000442504883	1.3849999904632568	I	N
96	96	53.439998626708984	15.767000198364258	-0.3019999861717224	53.696998596191406	14.977999687194824	-1.569000005722046	A	N
97	97	55.042999267578125	19.273000717163086	-0.1809999942779541	56.22228567940848	23.281571252005442	0.20757143355772964	Y	P
98	98	53.492000579833984	20.025999069213867	3.2300000190734863	51.242000579833984	21.327999114990234	3.122999906539917	L	N
99	99	54.65299987792969	16.746999740600586	4.857999801635742	53.641998291015625	10.593000411987305	4.932000160217285	K	B
100	100	58.15700149536133	17.61400032043457	3.7309999465942383	62.108001708984375	20.106000900268555	0.25	K	B
101	101	58.176998138427734	21.281999588012695	4.682000160217285	57.58599853515625	22.31599998474121	3.7109999656677246	A	N
102	102	56.08700180053711	21.131000518798828	7.857999801635742	53.73099899291992	21.80699920654297	6.892000198364258	T	P
103	103	58.27299880981445	18.511999130249023	9.619000434875488	58.62200164794922	16.211999893188477	8.454999923706055	N	P
104	104	61.55400085449219	20.093000411987305	8.369999885559082	62.709999084472656	21.37700080871582	11.810999870300293	E	A
