Nr	Nidx	CaX	CaY	CaZ	PosX	PosY	PosZ	Let	Type
1	1	26.266000747680664	25.413000106811523	2.8420000076293945	24.44700050354004	23.983999252319336	7.619999885559082	M	N
2	2	26.850000381469727	29.020999908447266	3.8980000019073486	26.785999298095703	32.5620002746582	2.2699999809265137	Q	P
3	3	26.235000610351562	30.058000564575195	7.497000217437744	27.966999053955078	28.086999893188477	10.416999816894531	I	N
4	4	26.77199935913086	33.43600082397461	9.196999549865723	24.968833287556965	34.68699963887533	6.162333408991496	F	N
5	5	28.604999542236328	33.96500015258789	12.503000259399414	29.96299934387207	33.31700134277344	12.814000129699707	V	N
6	6	27.69099998474121	37.314998626708984	14.142999649047852	22.375	40.720001220703125	14.906999588012695	K	B
7	7	30.225000381469727	38.643001556396484	16.66200065612793	32.2599983215332	37.96900177001953	15.170999526977539	T	P
8	8	29.60700035095215	41.18000030517578	19.466999053955078	29.183000564575195	39.72200012207031	21.58099937438965	L	N
9	9	31.422000885009766	43.939998626708984	17.55299949645996	33.65700149536133	43.319000244140625	18.672000885009766	T	P
10	10	28.97800064086914	43.959999084472656	14.678000450134277	28.97800064086914	43.959999084472656	14.678000450134277	G	G
11	11	31.19099998474121	42.012001037597656	12.331000328063965	35.099998474121094	40.073001861572266	9.10099983215332	K	B
12	12	29.54199981689453	39.02000045776367	10.652999877929688	27.58799934387207	37.6349983215332	9.71500015258789	T	P
13	13	31.719999313354492	36.28900146484375	9.175999641418457	34.53499984741211	34.02799987792969	10.720000267028809	I	N
14	14	30.5049991607666	33.88399887084961	6.51200008392334	29.420000076293945	35.75600051879883	5.11899995803833	T	P
15	15	31.677000045776367	30.274999618530273	6.638999938964844	32.63100051879883	29.444000244140625	9.0600004196167	L	N
16	16	31.219999313354492	27.340999603271484	4.275000095367432	31.67099952697754	28.291000366210938	0.49799999594688416	E	A
17	17	30.288000106811523	24.2450008392334	6.192999839782715	29.902999877929688	24.59000015258789	7.664999961853027	V	N
18	18	28.468000411987305	20.940000534057617	5.980000019073486	28.753999710083008	20.06100082397461	2.9779999256134033	E	A
19	19	25.82900047302246	19.825000762939453	8.494000434875488	24.298999786376953	20.134000778198242	6.703999996185303	P	N
20	20	28.054000854492188	16.834999084472656	9.210000038146973	28.523000717163086	15.819999694824219	8.182000160217285	S	P
21	21	30.79599952697754	19.08300018310547	10.565999984741211	31.92300033569336	20.43600082397461	8.755000114440918	D	A
22	22	31.398000717163086	19.06399917602539	14.28600025177002	32.35200119018555	16.700000762939453	14.630000114440918	T	P
23	23	31.288000106811523	22.201000213623047	16.41699981689453	28.406999588012695	22.947999954223633	16.365999221801758	I	N
24	24	35.03099822998047	21.722000122070312	17.069000244140625	37.56100082397461	18.85099983215332	18.082000732421875	E	A
25	25	35.59000015258789	21.94499969482422	13.302000045776367	35.54100036621094	21.417999267578125	10.871000289916992	N	P
26	26	33.53300094604492	25.097000122070312	12.977999687194824	32.060001373291016	25.256999969482422	13.36400032043457	V	N
27	27	35.59600067138672	26.71500015258789	15.736000061035156	33.45500183105469	25.90999984741211	21.54599952697754	K	B
28	28	38.79399871826172	25.76099967956543	13.880000114440918	39.28499984741211	24.336000442504883	13.565999984741211	A	N
29	29	37.47100067138672	27.391000747680664	10.668000221252441	34.91400146484375	24.944000244140625	6.440999984741211	K	B
30	30	36.73099899291992	30.56999969482422	12.645000457763672	33.284000396728516	30.503999710083008	14.552000045776367	I	N
31	31	40.26900100708008	30.507999420166016	14.114999771118164	43.09000015258789	28.827999114990234	16.094999313354492	Q	P
32	32	41.71799850463867	30.02199935913086	10.642999649047852	42.625999450683594	28.55699920654297	8.928000450134277	D	A
33	33	39.80799865722656	32.99399948120117	9.232999801635742	35.768001556396484	33.94499969482422	5.488999843597412	K	B
34	34	39.67599868774414	35.547000885009766	12.071999549865723	37.19200134277344	37.361000061035156	11.032999992370605	E	A
35	35	42.345001220703125	34.26900100708008	14.430999755859375	42.345001220703125	34.26900100708008	14.430999755859375	G	G
36	36	40.22600173950195	33.715999603271484	17.509000778198242	36.95800018310547	35.74599838256836	16.68000030517578	I	N
37	37	41.46099853515625	30.750999450683594	19.5939998626709	42.90399932861328	32.41400146484375	20.55299949645996	P	N
38	38	38.81700134277344	28.020000457763672	19.888999938964844	40.082000732421875	26.90399932861328	18.197999954223633	P	N
39	39	39.0629997253418	28.062999725341797	23.69499969482422	40.558998107910156	28.584999084472656	25.674999237060547	D	A
40	40	37.737998962402344	31.636999130249023	23.711999893188477	40.7599983215332	34.0359992980957	23.393999099731445	Q	P
41	41	34.737998962402344	30.875	21.472999572753906	36.08300018310547	30.194000244140625	17.875	Q	P
42	42	31.200000762939453	30.32900047302246	22.780000686645508	27.131999969482422	32.42300033569336	26.573999404907227	R	B
43	43	28.761999130249023	29.572999954223633	19.9060001373291	30.416000366210938	28.91200065612793	17.979999542236328	L	N
44	44	25.034000396728516	30.170000076293945	20.400999069213867	25.777999877929688	30.43600082397461	23.356000900268555	I	N
45	45	22.125999450683594	29.062000274658203	18.183000564575195	20.508166948954266	27.67816670735677	15.026166439056396	F	N
46	46	18.44300079345703	29.14299964904785	19.08300018310547	17.86400032043457	27.976999282836914	18.34600067138672	A	N
47	47	19.39900016784668	29.893999099731445	22.655000686645508	19.39900016784668	29.893999099731445	22.655000686645508	G	G
48	48	21.549999237060547	26.79599952697754	23.132999420166016	17.440000534057617	24.655000686645508	20.82699966430664	K	B
49	49	25.349000930786133	26.871999740600586	23.64299964904785	28.261999130249023	27.576000213623047	26.020000457763672	Q	P
50	50	26.826000213623047	24.520999908447266	21.011999130249023	25.930999755859375	25.8439998626709	18.958999633789062	L	N
51	51	29.014999389648438	21.656999588012695	22.288000106811523	28.722000122070312	19.047000885009766	25.06599998474121	E	A
52	52	32.262001037597656	20.670000076293945	20.513999938964844	34.17399978637695	22.128999710083008	21.354000091552734	D	A
53	53	31.56800079345703	16.961999893188477	19.825000762939453	31.56800079345703	16.961999893188477	19.825000762939453	G	G
54	54	28.107999801635742	17.43899917602539	18.275999069213867	27.60300064086914	14.42300033569336	20.655000686645508	R	B
55	55	27.573999404907227	18.191999435424805	14.562999725341797	28.236000061035156	15.86400032043457	13.557999610900879	T	P
56	56	25.5939998626709	21.108999252319336	13.071999549865723	27.426000595092773	22.615999221801758	11.902000427246094	L	N
57	57	22.923999786376953	18.58300018310547	12.024999618530273	23.05900001525879	17.326000213623047	11.154000282287598	S	P
58	58	22.417999267578125	17.63800048828125	15.692999839782715	24.18400001525879	16.016000747680664	16.618999481201172	D	A
59	59	21.07900047302246	21.14900016784668	16.250999450683594	23.953571319580078	21.659428460257395	19.240428379603795	Y	P
60	60	19.065000534057617	21.351999282836914	12.99899959564209	16.576000213623047	21.257999420166016	12.3149995803833	N	P
61	61	21.18400001525879	24.26300048828125	11.6899995803833	24.12299919128418	24.981000900268555	14.194999694824219	I	N
62	62	20.08099937438965	24.773000717163086	8.032999992370605	16.509000778198242	23.52899932861328	7.116000175476074	Q	P
63	63	21.6560001373291	26.847000122070312	5.239999771118164	17.884000778198242	26.54400062561035	1.0750000476837158	K	B
64	64	21.906999588012695	30.562999725341797	5.88100004196167	21.1560001373291	30.72599983215332	2.311000108718872	E	A
65	65	21.41900062561035	30.253000259399414	9.619999885559082	21.636999130249023	28.92300033569336	10.352999687194824	S	P
66	66	23.211999893188477	32.762001037597656	11.890999794006348	23.726999282836914	35.13100051879883	12.722000122070312	T	P
67	67	25.14900016784668	31.608999252319336	14.979999542236328	26.290000915527344	29.479999542236328	13.960000038146973	L	N
68	68	26.179000854492188	34.12699890136719	17.649999618530273	23.074800109863283	35.62979965209961	17.61240005493164	H	B
69	69	29.801000595092773	34.14500045776367	18.82900047302246	32.345001220703125	34.18299865722656	18.357999801635742	L	N
70	70	30.479000091552734	35.36899948120117	22.374000549316406	29.472000122070312	35.180999755859375	23.49799919128418	V	N
71	71	34.14500045776367	35.47200012207031	23.481000900268555	35.92599868774414	35.979000091552734	21.73699951171875	L	N
72	72	35.1609992980957	34.17399978637695	26.895999908447266	34.3380012512207	29.10300064086914	26.649999618530273	R	B
73	73	38.667999267578125	35.50199890136719	27.68000030517578	39.50199890136719	37.34000015258789	26.00200080871582	L	N
74	74	40.87300109863281	33.801998138427734	30.253000259399414	44.17399978637695	29.905000686645508	29.554000854492188	R	B
75	75	41.845001220703125	36.54999923706055	32.68600082397461	41.845001220703125	36.54999923706055	32.68600082397461	G	G
76	76	40.37300109863281	39.8129997253418	33.944000244140625	40.37300109863281	39.8129997253418	33.944000244140625	G	G
