Nr	Nidx	CaX	CaY	CaZ	PosX	PosY	PosZ	Let	Type
7	1	0.8830000162124634	36.0629997253418	21.3799991607666	-0.6299999952316284	33.861000061035156	20.96500015258789	L	N
8	2	3.86299991607666	37.35100173950195	19.450000762939453	5.828600025177002	38.447600555419925	22.14720039367676	H	B
9	3	6.500999927520752	35.98500061035156	17.148000717163086	2.759999990463257	35.391998291015625	13.85200023651123	K	B
10	4	10.133999824523926	35.91400146484375	18.18199920654297	10.199000358581543	35.59000015258789	22.06100082397461	E	A
11	5	13.00100040435791	35.20800018310547	15.843000411987305	13.720999717712402	37.46699905395508	16.3439998626709	P	N
12	6	14.803999900817871	31.900999069213867	16.091999053955078	13.944000244140625	30.735000610351562	16.534000396728516	A	N
13	7	17.464000701904297	30.375	13.892000198364258	19.898000717163086	30.558000564575195	13.07800006866455	T	P
14	8	17.274999618530273	26.812999725341797	12.645999908447266	16.26799964904785	25.23699951171875	10.756999969482422	L	N
15	9	19.934999465942383	24.540000915527344	14.043999671936035	20.60700035095215	25.115999221801758	17.858999252319336	I	N
16	10	18.441999435424805	21.28499984741211	12.845000267028809	19.268999099731445	16.030000686645508	13.329999923706055	K	B
17	11	15.086999893188477	19.799999237060547	12.0	14.354999542236328	19.941999435424805	10.701000213623047	A	N
18	12	14.829999923706055	16.52899932861328	13.932999610900879	16.756999969482422	17.861000061035156	15.559000015258789	I	N
19	13	11.562999725341797	15.307999610900879	12.472999572753906	10.355999946594238	14.24899959564209	14.373000144958496	D	A
20	14	8.262999534606934	16.718000411987305	11.291999816894531	8.262999534606934	16.718000411987305	11.291999816894531	G	G
21	15	7.285999774932861	18.250999450683594	14.621999740600586	6.269000053405762	16.319000244140625	15.876999855041504	D	A
22	16	10.545000076293945	18.611000061035156	16.527999877929688	11.890999794006348	17.667999267578125	18.517000198364258	T	P
23	17	13.288999557495117	21.030000686645508	15.649999618530273	12.748000144958496	22.020000457763672	14.604999542236328	V	N
24	18	16.402000427246094	22.41200065612793	17.250999450683594	20.268999099731445	19.941999435424805	19.738000869750977	K	B
25	19	16.486000061035156	26.180999755859375	17.124000549316406	13.930999755859375	26.32699966430664	16.334999084472656	L	N
26	20	18.753000259399414	28.868999481201172	18.457000732421875	22.115999221801758	27.972000122070312	18.290000915527344	M	N
27	21	16.327999114990234	30.78499984741211	20.659000396728516	12.935285704476494	32.06771469116211	22.54385675702776	Y	P
28	22	17.62700080871582	33.85599899291992	22.490999221801758	12.472999572753906	35.08300018310547	25.899999618530273	K	B
29	23	21.135000228881836	32.7130012512207	21.729000091552734	21.135000228881836	32.7130012512207	21.729000091552734	G	G
30	24	20.325000762939453	29.322999954223633	23.243000030517578	17.635000228881836	28.680999755859375	25.922000885009766	Q	P
31	25	20.086999893188477	26.05500030517578	21.35700035095215	22.117000579833984	25.475000381469727	22.46299934387207	P	N
32	26	16.68000030517578	24.634000778198242	22.187999725341797	13.508999824523926	25.70199966430664	24.54199981689453	M	N
33	27	14.572999954223633	21.774999618530273	20.913000106811523	15.795999526977539	19.740999221801758	22.0	T	P
34	28	11.109999656677246	22.968000411987305	19.94099998474121	11.555500030517578	26.630666732788086	20.498833656311035	F	N
35	29	8.050000190734863	20.805999755859375	19.60099983215332	4.645999908447266	17.1299991607666	18.785999298095703	R	B
36	30	5.296999931335449	22.072999954223633	17.315000534057617	6.232999801635742	21.996000289916992	14.845999717712402	L	N
37	31	2.197000026702881	22.976999282836914	19.34000015258789	2.4030001163482666	24.9950008392334	20.975000381469727	L	N
38	32	-1.062999963760376	21.23900032043457	18.53700065612793	-2.3299999237060547	23.395999908447266	19.264999389648438	L	N
39	33	0.2849999964237213	18.860000610351562	15.937000274658203	0.8980000019073486	19.513999938964844	14.682999610900879	V	N
40	34	1.6510000228881836	15.383000373840332	15.699999809265137	1.9859999418258667	13.206999778747559	16.836999893188477	D	A
41	35	3.7300000190734863	14.362000465393066	12.696999549865723	4.748000144958496	16.43899917602539	11.545999526977539	T	P
42	36	4.285999774932861	10.619999885559082	12.399999618530273	3.055999994277954	10.881999969482422	10.380000114440918	P	N
43	37	7.117000102996826	9.208000183105469	14.435999870300293	8.53499984741211	9.093000411987305	17.038000106811523	E	A
44	38	10.33899974822998	8.281000137329102	12.682000160217285	9.909000396728516	9.947999954223633	10.765000343322754	T	P
45	39	12.303000450134277	7.769000053405762	15.852999687194824	15.493000030517578	11.406999588012695	13.586000442504883	K	B
46	40	10.845000267028809	6.113999843597412	18.902000427246094	9.647600173950195	5.357199954986572	22.015400314331053	H	B
47	41	11.039999961853027	2.322000026702881	18.736000061035156	13.194999694824219	2.684000015258789	19.729999542236328	P	N
48	42	7.791999816894531	1.9329999685287476	20.645999908447266	4.109000205993652	5.409999847412109	22.792999267578125	K	B
49	43	6.183000087738037	3.678999900817871	17.677000045776367	2.4560000896453857	8.380000114440918	18.749000549316406	K	B
50	44	8.534000396728516	2.756999969482422	14.824999809265137	8.534000396728516	2.756999969482422	14.824999809265137	G	G
51	45	8.928999900817871	4.710999965667725	11.579999923706055	9.937999725341797	4.434999942779541	10.460000038146973	V	N
52	46	5.306000232696533	5.571000099182129	10.918000221252441	3.7130000591278076	6.110000133514404	14.314000129699707	E	A
53	47	3.6570000648498535	6.304999828338623	7.60099983215332	-0.43299999833106995	5.453999996185303	3.9820001125335693	K	B
54	48	4.349999904632568	9.857000350952148	6.501999855041504	1.1367142775229044	9.185000010899135	4.158142839159284	Y	P
55	49	6.935999870300293	10.052000045776367	9.262999534606934	6.935999870300293	10.052000045776367	9.262999534606934	G	G
56	50	9.64900016784668	10.612000465393066	6.659999847412109	9.621000289916992	8.232000350952148	6.5879998207092285	P	N
57	51	7.4720001220703125	12.871999740600586	4.5370001792907715	6.6570000648498535	10.154999732971191	3.2060000896453857	E	A
58	52	6.5970001220703125	15.085000038146973	7.526000022888184	5.826000213623047	14.590999603271484	8.73900032043457	A	N
59	53	10.255000114440918	15.439000129699707	8.454999923706055	11.279000282287598	14.375	8.79699993133545	S	P
60	54	11.270999908447266	16.273000717163086	4.882999897003174	11.038000106811523	15.407999992370605	3.6549999713897705	A	N
61	55	8.51099967956543	18.827999114990234	4.699999809265137	5.1988333861033125	20.627999941507976	4.316666642824809	F	N
62	56	9.414999961853027	20.584999084472656	7.9629998207092285	9.904999732971191	20.746999740600586	10.505000114440918	T	P
63	57	13.067000389099121	20.273000717163086	7.091000080108643	18.315000534057617	17.433000564575195	5.3470001220703125	K	B
64	58	12.602999687194824	21.799999237060547	3.6510000228881836	13.869999885559082	17.259000778198242	2.8350000381469727	K	B
65	59	10.270999908447266	24.535999298095703	4.821000099182129	5.677999973297119	26.665000915527344	6.322000026702881	M	N
66	60	12.607999801635742	25.507999420166016	7.607999801635742	10.052000045776367	23.738000869750977	12.069999694824219	K	B
67	61	15.868000030517578	25.231000900268555	5.705999851226807	17.375999450683594	21.677000045776367	5.64900016784668	E	A
68	62	14.600000381469727	27.34000015258789	2.805000066757202	14.406000137329102	25.55900001525879	0.9940000176429749	N	P
69	63	13.178999900817871	29.99799919128418	5.122000217437744	12.430000305175781	29.77199935913086	6.427000045776367	A	N
70	64	14.666000366210938	33.45399856567383	5.256999969482422	12.145999908447266	37.6510009765625	1.8389999866485596	K	B
71	65	12.975000381469727	34.00699996948242	8.609999656677246	11.680999755859375	39.90399932861328	7.679999828338623	K	B
72	66	12.104999542236328	31.58099937438965	11.362000465393066	12.317000389099121	29.31999969482422	9.550000190734863	I	N
73	67	9.843000411987305	32.7599983215332	14.154000282287598	8.628999710083008	36.020999908447266	12.633000373840332	E	A
74	68	8.654000282287598	30.98699951171875	17.250999450683594	9.694000244140625	30.415000915527344	18.202999114990234	V	N
75	69	5.339000225067139	31.899999618530273	18.746999740600586	1.9420000314712524	32.97999954223633	17.31999969482422	E	A
76	70	4.684999942779541	30.635000228881836	22.2450008392334	8.23283322652181	30.238499959309895	23.41266663869222	F	N
77	71	1.1169999837875366	30.121000289916992	23.334999084472656	-1.1260000467300415	29.231000900268555	22.72800064086914	D	A
78	72	-0.48100000619888306	31.448999404907227	26.513999938964844	-5.426000118255615	30.95800018310547	24.81999969482422	K	B
79	73	0.29600000381469727	28.385000228881836	28.650999069213867	0.29600000381469727	28.385000228881836	28.650999069213867	G	G
80	74	3.4739999771118164	26.423999786376953	29.316999435424805	1.4179999828338623	24.20199966430664	30.674999237060547	Q	P
81	75	6.318999767303467	27.135000228881836	26.933000564575195	4.684999942779541	32.323001861572266	27.479000091552734	R	B
82	76	8.003000259399414	23.79400062561035	27.506999969482422	9.960000038146973	25.28700065612793	28.128000259399414	T	P
83	77	6.754000186920166	20.201000213623047	27.79599952697754	7.631999969482422	18.882999420166016	25.891000747680664	D	A
84	78	8.071999549865723	17.718000411987305	30.378000259399414	4.459000110626221	13.072999954223633	28.930999755859375	K	B
85	79	10.977999687194824	16.934999465942383	28.04599952697754	9.023285729544503	13.460428510393415	27.057571411132812	Y	P
86	80	12.104000091552734	20.53499984741211	28.187000274658203	12.104000091552734	20.53499984741211	28.187000274658203	G	G
87	81	11.144000053405762	21.17099952697754	24.558000564575195	8.770000457763672	16.239999771118164	22.12299919128418	R	B
88	82	9.812999725341797	24.66699981689453	23.80900001525879	9.812999725341797	24.66699981689453	23.80900001525879	G	G
89	83	6.178999900817871	24.48699951171875	22.73200035095215	5.4120001792907715	22.76099967956543	24.496999740600586	L	N
90	84	5.461999893188477	26.959999084472656	19.982999801635742	6.806000232696533	27.666000366210938	19.725000381469727	A	N
91	85	3.8340001106262207	27.683000564575195	16.695999145507812	0.10414287128618785	27.79457119532994	18.39942823137556	Y	P
92	86	6.776000022888184	27.976999282836914	14.345000267028809	9.277000427246094	25.575000762939453	16.125999450683594	I	N
93	87	6.669000148773193	30.2189998626709	11.307000160217285	3.3621428183146884	31.72642844063895	13.226285934448242	Y	P
94	88	8.86400032043457	29.964000701904297	8.223999977111816	9.15999984741211	28.62299919128418	7.635000228881836	A	N
95	89	8.678000450134277	33.262001037597656	6.35699987411499	10.616999626159668	33.0989990234375	4.861000061035156	D	A
96	90	5.440999984741211	33.9900016784668	8.131999969482422	5.440999984741211	33.9900016784668	8.131999969482422	G	G
97	91	3.947000026702881	30.608999252319336	7.235000133514404	5.415999889373779	27.860000610351562	2.4600000381469727	K	B
98	92	3.010999917984009	28.56100082397461	10.300000190734863	-0.382999986410141	29.239999771118164	13.26200008392334	M	N
99	93	4.784999847412109	25.253000259399414	9.9350004196167	6.176000118255615	24.836000442504883	10.4399995803833	V	N
100	94	2.2790000438690186	23.691999435424805	12.305999755859375	2.86899995803833	24.743000030517578	14.571999549865723	N	P
101	95	-0.5889999866485596	24.56999969482422	9.942000389099121	-2.4709999561309814	25.97100067138672	7.51200008392334	E	A
102	96	1.4589999914169312	23.841999053955078	6.840000152587891	2.8519999980926514	24.356000900268555	6.605999946594238	A	N
103	97	1.9299999475479126	20.225000381469727	7.986999988555908	4.206999778747559	20.02899932861328	9.244000434875488	L	N
104	98	-1.7100000381469727	19.80500030517578	8.994999885559082	-2.4030001163482666	20.624000549316406	10.118000030517578	V	N
105	99	-2.947999954223633	21.327999114990234	5.775000095367432	-5.618000030517578	22.138999938964844	1.8580000400543213	R	B
106	100	-0.8299999833106995	18.77400016784668	3.8519999980926514	0.7850000262260437	20.17099952697754	1.5809999704360962	Q	P
107	101	-2.134000062942505	15.760000228881836	5.76200008392334	-2.134000062942505	15.760000228881836	5.76200008392334	G	G
108	102	1.3639999628067017	15.39799976348877	7.267000198364258	2.694999933242798	15.871999740600586	5.110000133514404	L	N
109	103	0.29899999499320984	16.0049991607666	10.84000015258789	1.0199999809265137	17.208999633789062	11.404999732971191	A	N
110	104	-2.8269999027252197	15.538000106811523	12.875	0.3109999895095825	11.902000427246094	13.312999725341797	K	B
111	105	-4.077000141143799	18.111000061035156	15.352999687194824	-5.295000076293945	19.003000259399414	15.230999946594238	V	N
112	106	-2.940000057220459	16.481000900268555	18.604999542236328	-2.0209999084472656	15.303000450134277	18.288999557495117	A	N
113	107	-1.9869999885559082	17.280000686645508	22.18000030517578	0.8794285710901022	14.311428615025111	21.492714200701034	Y	P
114	108	-4.427999973297119	20.1200008392334	22.45400047302246	-5.75600004196167	20.224000930786133	21.694000244140625	V	N
115	109	-3.6389999389648438	21.124000549316406	26.03499984741211	-1.5140000241143363	17.47085680280413	26.2014285496303	Y	P
116	110	-5.59499979019165	24.21299934387207	27.07699966430664	-11.805000305175781	23.841999053955078	26.055999755859375	K	B
117	111	-4.7179999351501465	27.052000045776367	27.30699920654297	-3.36899995803833	27.979000091552734	29.027000427246094	P	N
118	112	-2.058000087738037	26.367000579833984	24.638999938964844	0.2980000078678131	26.111000061035156	25.641000747680664	N	P
119	113	-4.775000095367432	25.985000610351562	22.047000885009766	-6.926000118255615	26.04800033569336	23.329999923706055	N	P
120	114	-4.823999881744385	29.47100067138672	20.648000717163086	-4.071000099182129	31.843000411987305	19.988000869750977	T	P
121	115	-4.65500020980835	28.240999221801758	17.055999755859375	-2.2122000217437745	30.788199996948244	16.52660026550293	H	B
122	116	-6.574999809265137	25.006999969482422	17.489999771118164	-8.765999794006348	22.698999404907227	19.77199935913086	E	A
123	117	-9.611000061035156	26.027000427246094	15.401000022888184	-11.887999534606934	25.236000061035156	16.944000244140625	Q	P
124	118	-7.269000053405762	27.28700065612793	12.689000129699707	-4.861799860000611	28.7242000579834	10.53179988861084	H	B
125	119	-5.360000133514404	24.01799964904785	12.64799976348877	-3.1760001182556152	24.589000701904297	14.005000114440918	L	N
126	120	-8.595999717712402	22.047000885009766	12.972999572753906	-9.083000183105469	19.246000289916992	17.18899917602539	R	B
127	121	-9.99899959564209	23.767000198364258	9.892999649047852	-8.85200023651123	29.13800048828125	8.206000328063965	K	B
128	122	-6.8460001945495605	22.95400047302246	7.940000057220459	-5.47599983215332	23.54400062561035	8.032999992370605	S	P
129	123	-6.973999977111816	19.381000518798828	9.152000427246094	-6.723999977111816	16.804000854492188	12.085000038146973	E	A
130	124	-10.609999656677246	19.06100082397461	8.027999877929688	-11.690999984741211	20.018999099731445	8.515000343322754	A	N
131	125	-9.496000289916992	20.420000076293945	4.663000106811523	-10.256999969482422	21.98900032043457	2.2679998874664307	Q	P
132	126	-6.663000106811523	17.87700080871582	4.4720001220703125	-5.439000129699707	17.820999145507812	5.374000072479248	A	N
133	127	-8.982999801635742	14.996999740600586	5.460000038146973	-10.0649995803833	15.105999946594238	11.371000289916992	K	B
134	128	-11.529999732971191	16.430999755859375	3.015000104904175	-14.147000312805176	21.02199935913086	5.297999858856201	K	B
135	129	-8.875	16.159000396728516	0.30799999833106995	-7.673999786376953	19.7549991607666	-0.1679999977350235	E	A
136	130	-7.692999839782715	12.791999816894531	1.5789999961853027	-10.482000350952148	8.517000198364258	2.437000036239624	K	B
137	131	-4.129000186920166	14.050999641418457	1.7330000400543213	-4.11299991607666	16.542999267578125	0.8209999799728394	L	N
138	132	-1.3020000457763672	11.861000061035156	2.947999954223633	0.4189999997615814	13.510000228881836	2.2850000858306885	N	P
139	133	-2.3299999237060547	10.758999824523926	6.4079999923706055	-0.3330000042915344	12.508000373840332	9.322999954223633	I	N
140	134	-5.991000175476074	10.970999717712402	5.377999782562256	-6.489000002543132	13.173111067877876	8.603777779473198	T	N
141	135	-5.4710001945495605	9.1899995803833	2.062000036239624	-4.294000148773193	9.458000183105469	1.1549999713897705	S	P
