Nr	Nidx	CaX	CaY	CaZ	PosX	PosY	PosZ	Let	Type
1	1	10.795999526977539	21.06599998474121	8.434000015258789	13.71500015258789	17.283000946044922	9.149999618530273	M	N
2	2	7.843999862670898	20.57900047302246	6.119999885559082	6.3460001945495605	23.815000534057617	1.25600004196167	K	B
3	3	6.271999835968018	17.077999114990234	5.99399995803833	6.468999862670898	16.201000213623047	7.270999908447266	V	N
4	4	3.36899995803833	15.307000160217285	4.361999988555908	4.8979997634887695	14.930999755859375	0.8240000009536743	I	N
5	5	1.2610000371932983	13.324000358581543	6.853000164031982	1.6743333041667938	15.197333335876465	10.11799987157186	F	N
6	6	0.5220000147819519	9.746999740600586	5.730999946594238	2.8269999027252197	9.152999877929688	4.559000015258789	L	N
7	7	-1.4859999418258667	8.986000061035156	8.857000350952148	-0.574999988079071	4.177999973297119	7.5960001945495605	K	B
8	8	-3.260999917984009	11.050000190734863	11.553999900817871	-5.793000221252441	11.192999839782715	11.324999809265137	D	A
9	9	-1.0010000467300415	11.871999740600586	14.468000411987305	0.4830000102519989	12.215999603271484	14.184000015258789	V	N
10	10	-3.0799999237060547	13.163000106811523	17.374000549316406	-6.678999900817871	12.336999893188477	22.174999237060547	K	B
11	11	-1.9980000257492065	16.610000610351562	18.444000244140625	-1.9980000257492065	16.610000610351562	18.444000244140625	G	G
12	12	0.27399998903274536	17.025999069213867	15.430999755859375	4.50600004196167	18.79800033569336	18.191999435424805	K	B
13	13	-1.399999976158142	16.368000030517578	12.133999824523926	-1.399999976158142	16.368000030517578	12.133999824523926	G	G
14	14	-3.944999933242798	14.631999969482422	9.925999641418457	-9.300999641418457	17.226999282836914	12.149999618530273	K	B
15	15	-3.4739999771118164	12.335000038146973	6.9670000076293945	-5.046999931335449	7.208000183105469	3.6619999408721924	K	B
16	16	-3.0209999084472656	14.461000442504883	3.805999994277954	-3.0209999084472656	14.461000442504883	3.805999994277954	G	G
17	17	-1.8140000104904175	17.65999984741211	5.4710001945495605	-3.7230000495910645	18.80299949645996	8.652000427246094	E	A
18	18	1.4290000200271606	19.32200050354004	4.484000205993652	1.3639999628067017	18.900999069213867	0.6340000033378601	I	N
19	19	2.86299991607666	21.31800079345703	7.310999870300293	-0.8429999947547913	19.97100067138672	11.645000457763672	K	B
20	20	5.879000186920166	22.356000900268555	9.314000129699707	7.763999938964844	23.926000595092773	9.930000305175781	N	P
21	21	6.991000175476074	20.339000701904297	12.357000350952148	6.572999954223633	18.85099983215332	12.347999572753906	V	N
22	22	10.015000343322754	20.250999450683594	14.633999824523926	9.96500015258789	19.979000091552734	16.111000061035156	A	N
23	23	12.986000061035156	18.57200050354004	12.934000015258789	14.223999977111816	20.450000762939453	11.72599983215332	D	A
24	24	13.74899959564209	16.225000381469727	15.881999969482422	13.74899959564209	16.225000381469727	15.881999969482422	G	G
25	25	10.140999794006348	15.083999633789062	15.946999549865723	6.090571403503418	14.439999989100865	16.64185701097761	Y	P
26	26	10.104999542236328	14.380000114440918	12.170000076293945	10.376999855041504	15.39900016784668	11.0649995803833	A	N
27	27	13.461000442504883	12.53600025177002	12.329000473022461	15.232999801635742	14.11299991607666	11.380999565124512	N	P
28	28	12.967000007629395	10.468000411987305	15.538000106811523	14.883000373840332	11.378000259399414	16.8700008392334	N	P
29	29	9.215999603271484	9.779000282287598	15.338000297546387	5.716666618982951	9.37766663233439	16.72849973042806	F	N
30	30	7.322999954223633	10.567999839782715	12.126999855041504	6.210999965667725	12.925999641418457	12.506999969482422	L	N
31	31	9.869999885559082	9.291999816894531	9.54800033569336	10.919333299001059	12.67300001780192	8.057166576385498	F	N
32	32	10.987000465393066	6.427000045776367	11.822999954223633	14.630999565124512	2.755000114440918	13.79699993133545	K	B
33	33	7.416999816894531	5.156000137329102	12.135000228881836	7.7170000076293945	4.105999946594238	15.125	Q	P
34	34	6.322999954223633	5.883999824523926	8.505000114440918	6.322999954223633	5.883999824523926	8.505000114440918	G	G
35	35	3.7869999408721924	8.467000007629395	9.675000190734863	3.684000015258789	7.7179999351501465	12.130999565124512	L	N
36	36	4.986000061035156	11.234999656677246	7.395999908447266	5.071000099182129	12.53499984741211	8.152999877929688	A	N
37	37	7.535999774932861	11.82699966430664	4.671000003814697	6.145999908447266	11.135000228881836	1.0880000591278076	I	N
38	38	9.656999588012695	14.833999633789062	3.7829999923706055	13.345000267028809	15.776000022888184	3.555000066757202	E	A
39	39	7.71999979019165	17.41699981689453	1.6950000524520874	6.843999862670898	18.520999908447266	2.305000066757202	A	N
40	40	10.229000091552734	17.548999786376953	-1.2059999704360962	12.156999588012695	16.667999267578125	0.10499999672174454	T	P
41	41	9.16100025177002	17.974000930786133	-4.86899995803833	10.564000129699707	19.857999801635742	-4.9019999504089355	P	N
42	42	10.3100004196167	14.413000106811523	-5.603000164031982	11.746999740600586	13.885000228881836	-5.413000106811523	A	N
43	43	8.272000312805176	13.003000259399414	-2.7230000495910645	9.67300033569336	12.333000183105469	-0.7200000286102295	N	P
44	44	5.122000217437744	14.848999977111816	-3.690999984741211	5.041999816894531	16.951000213623047	-2.312000036239624	L	N
45	45	5.328999996185303	13.505999565124512	-7.230000019073486	9.295999526977539	15.987000465393066	-11.390000343322754	K	B
46	46	5.925000190734863	9.982000350952148	-6.059999942779541	7.107999801635742	9.480999946594238	-5.2870001792907715	A	N
47	47	3.121000051498413	10.260000228881836	-3.493000030517578	1.9490000009536743	11.008000373840332	-1.2920000553131104	L	N
48	48	0.6140000224113464	11.57800006866455	-6.00600004196167	0.11900000274181366	15.432000160217285	-6.064000129699707	E	A
49	49	1.5140000581741333	8.635000228881836	-8.307000160217285	2.881999969482422	8.345000267028809	-8.868000030517578	A	N
50	50	0.9480000138282776	6.1570000648498535	-5.494999885559082	4.515999794006348	5.6570000648498535	-4.519000053405762	Q	P
51	51	-2.3589999675750732	7.618000030517578	-4.166999816894531	-1.684999942779541	13.710000038146973	-2.5940001010894775	K	B
