Nr	Nidx	CaX	CaY	CaZ	PosX	PosY	PosZ	Let	Type
2	1	9.178000450134277	18.624000549316406	-0.2879999876022339	8.038999557495117	19.641000747680664	-0.296999990940094	A	N
3	2	10.437999725341797	18.7810001373291	3.303999900817871	12.515999794006348	17.58099937438965	2.5360000133514404	T	P
4	3	9.390999794006348	20.360000610351562	6.60099983215332	8.185999870300293	19.832000732421875	7.385000228881836	V	N
5	4	12.107000350952148	21.851999282836914	8.786999702453613	17.5939998626709	21.743999481201172	8.406999588012695	K	B
6	5	11.5600004196167	22.312000274658203	12.517000198364258	9.964333534240723	18.82183329264323	12.64133326212565	F	N
7	6	13.241000175476074	22.132999420166016	15.878999710083008	16.986000061035156	25.795000076293945	14.27299976348877	K	B
8	7	12.07699966430664	19.6299991607666	18.43600082397461	8.831285681043353	17.30057171412877	19.64400018964495	Y	P
9	8	13.477999687194824	19.15399932861328	21.924999237060547	9.152000427246094	15.32699966430664	23.13800048828125	K	B
10	9	16.700000762939453	20.979000091552734	21.065000534057617	16.700000762939453	20.979000091552734	21.065000534057617	G	G
11	10	17.261999130249023	19.020999908447266	17.840999603271484	19.52199935913086	16.905000686645508	18.632999420166016	E	A
12	11	16.972000122070312	20.15399932861328	14.229000091552734	16.731000900268555	22.378999710083008	12.11400032043457	E	A
13	12	14.628999710083008	17.999000549316406	12.140000343322754	15.005999565124512	14.793999671936035	16.48200035095215	K	B
14	13	13.880000114440918	17.965999603271484	8.41100025177002	15.859000205993652	19.687999725341797	5.514999866485596	E	A
15	14	11.142000198364258	15.571999549865723	7.367000102996826	10.098999977111816	15.23799991607666	8.475000381469727	V	N
16	15	9.956999778747559	14.708000183105469	3.8529999256134033	9.92300033569336	13.541000366210938	1.621999979019165	D	A
17	16	6.315000057220459	15.720000267028809	3.5380001068115234	5.785999774932861	19.54199981689453	2.993000030517578	I	N
18	17	5.456999778747559	12.225000381469727	2.2339999675750732	6.349999904632568	11.411999702453613	1.2920000553131104	S	P
19	18	6.133999824523926	10.960000038146973	5.744999885559082	8.152999877929688	8.194000244140625	2.6559998989105225	K	B
20	19	3.6710000038146973	13.307000160217285	7.484000205993652	5.4019999504089355	15.812000274658203	8.083999633789062	I	N
21	20	1.0360000133514404	11.142000198364258	9.064000129699707	0.6019999980926514	6.046000003814697	12.973999977111816	K	B
22	21	-1.4730000495910645	13.479000091552734	10.71500015258789	-6.005000114440918	12.144000053405762	13.942000389099121	K	B
23	22	-1.6480000019073486	17.302000045776367	10.79699993133545	-0.9620000123977661	18.041000366210938	9.562000274658203	V	N
24	23	-3.8239998817443848	19.676000595092773	12.838000297546387	-2.153888894451989	17.580222129821777	16.104222297668457	T	N
25	24	-4.01800012588501	23.371999740600586	13.753000259399414	-3.9230000972747803	27.6200008392334	10.854999542236328	R	B
26	25	-3.5450000762939453	24.777999877929688	17.288000106811523	-2.562999963760376	24.047000885009766	18.224000930786133	V	N
27	26	-4.052000045776367	28.51799964904785	16.80699920654297	-4.052000045776367	28.51799964904785	16.80699920654297	G	G
28	27	-1.121999979019165	29.711999893188477	14.70199966430664	-1.8329999446868896	35.14400100708008	14.666000366210938	K	B
29	28	0.7450000047683716	26.444000244140625	15.28600025177002	0.6570000052452087	23.613000869750977	19.07200050354004	M	N
30	29	0.6380000114440918	23.677000045776367	12.687000274658203	-0.8629999756813049	25.301000595092773	10.722999572753906	I	N
31	30	1.1319999694824219	20.448999404907227	14.647000312805176	0.4339999854564667	20.343000411987305	16.01099967956543	S	P
32	31	1.7979999780654907	17.017000198364258	13.12600040435791	5.017166614532471	18.30316670735677	11.57966677347819	F	N
33	32	2.99399995803833	13.40999984741211	13.484999656677246	1.3380000591278076	12.788999557495117	15.317999839782715	T	P
34	33	5.243000030517578	11.619000434875488	10.996999740600586	8.885285786220006	13.188285555158343	12.487857137407575	Y	P
35	34	6.623000144958496	8.152000427246094	10.27400016784668	4.896999835968018	6.864999771118164	9.00100040435791	D	A
36	35	10.095999717712402	7.400000095367432	11.52400016784668	10.72599983215332	9.395999908447266	14.661999702453613	E	A
37	36	12.321000099182129	4.36899995803833	11.463000297546387	12.321000099182129	4.36899995803833	11.463000297546387	G	G
38	37	11.600000381469727	1.3509999513626099	13.637999534606934	11.600000381469727	1.3509999513626099	13.637999534606934	G	G
39	38	7.86299991607666	1.5750000476837158	13.057999610900879	7.86299991607666	1.5750000476837158	13.057999610900879	G	G
40	39	7.744999885559082	4.6519999504089355	15.265000343322754	9.185999870300293	2.009999990463257	19.44300079345703	K	B
41	40	5.8520002365112305	7.942999839782715	15.0600004196167	3.7039999961853027	9.255000114440918	15.029999732971191	T	P
42	41	7.572999954223633	11.315999984741211	15.581999778747559	7.572999954223633	11.315999984741211	15.581999778747559	G	G
43	42	5.892000198364258	14.64900016784668	16.518999099731445	5.745999813079834	13.050999641418457	21.76099967956543	R	B
44	43	6.574999809265137	18.106000900268555	15.121000289916992	6.574999809265137	18.106000900268555	15.121000289916992	G	G
45	44	5.169000148773193	21.635000228881836	14.914999961853027	4.635000228881836	22.01300048828125	16.277000427246094	A	N
46	45	5.86299991607666	24.763999938964844	12.918000221252441	6.304999828338623	24.535999298095703	11.454000473022461	V	N
47	46	4.538000106811523	28.253000259399414	12.678000450134277	5.427000045776367	29.490999221801758	12.75100040435791	S	P
48	47	1.7510000467300415	28.71500015258789	10.050000190734863	-0.9700000286102295	31.35099983215332	11.02400016784668	E	A
49	48	3.9049999713897705	31.562999725341797	8.741999626159668	3.7360000610351562	35.91999816894531	9.380000114440918	K	B
50	49	6.638999938964844	28.976999282836914	8.09000015258789	8.293999671936035	27.10700035095215	8.73799991607666	D	A
51	50	4.298999786376953	26.216999053955078	6.874000072479248	2.875999927520752	26.36199951171875	7.375	A	N
52	51	4.921000003814697	24.73200035095215	3.4079999923706055	6.624000072479248	23.451000213623047	4.447000026702881	P	N
53	52	1.7239999771118164	24.85300064086914	1.3040000200271606	2.4489998817443848	29.4950008392334	-2.884000062942505	K	B
54	53	1.9229999780654907	21.055999755859375	0.8450000286102295	4.271999835968018	18.124000549316406	-0.5080000162124634	E	A
55	54	1.5369999408721924	20.636999130249023	4.64900016784668	2.374000072479248	20.760000228881836	7.130000114440918	L	N
56	55	-1.1640000343322754	23.27400016784668	4.921999931335449	-0.024000000208616257	25.445999145507812	5.488999843597412	L	N
57	56	-3.114000082015991	21.582000732421875	2.0799999237060547	-1.437000036239624	22.152999877929688	-1.3539999723434448	Q	P
58	57	-3.0350000858306885	18.332000732421875	4.00600004196167	-0.46399998664855957	14.769000053405762	5.311999797821045	M	N
59	58	-4.822000026702881	20.124000549316406	6.835000038146973	-4.160999774932861	21.674999237060547	8.86299991607666	L	N
60	59	-7.696000099182129	21.249000549316406	4.619999885559082	-6.25600004196167	23.427000045776367	1.6670000553131104	E	A
61	60	-7.6479997634887695	17.908000946044922	2.803999900817871	-5.439000129699707	20.857999801635742	-0.9049999713897705	K	B
62	61	-7.505000114440918	15.85200023651123	5.998000144958496	-4.034999847412109	13.958000183105469	6.052000045776367	Q	P
63	62	-8.645999908447266	17.540000915527344	9.237000465393066	-8.675000190734863	22.733999252319336	11.178000450134277	K	B
64	63	-8.895999908447266	13.97599983215332	10.58899974822998	-13.824999809265137	13.89900016784668	8.347999572753906	K	B
