Nr	Nidx	CaX	CaY	CaZ	PosX	PosY	PosZ	Let	Type
1	1	21.628000259399414	26.69099998474121	-3.9830000400543213	21.117000579833984	27.770000457763672	-5.001999855041504	S	P
2	2	19.395000457763672	26.125	-0.9490000009536743	19.198999404907227	23.628999710083008	-0.5759999752044678	D	A
3	3	22.309999465942383	25.875	1.4880000352859497	20.829999923706055	20.756999969482422	1.6150000095367432	K	B
4	4	24.28700065612793	28.908000946044922	0.3319999873638153	26.177000045776367	27.02199935913086	-1.3839999437332153	I	N
5	5	24.075000762939453	32.125	2.371999979019165	23.52199935913086	30.764999389648438	5.0269999504089355	I	N
6	6	23.208999633789062	35.2599983215332	0.3970000147819519	21.707999801635744	37.837799835205075	-1.4770000278949738	H	B
7	7	25.573999404907227	38.06100082397461	1.49399995803833	27.558000564575195	36.60900115966797	2.361999988555908	L	N
8	8	25.457000732421875	41.80699920654297	1.0369999408721924	22.905000686645508	41.85300064086914	0.6970000267028809	T	P
9	9	27.926000595092773	44.558998107910156	1.7450000047683716	29.027999877929688	45.577999114990234	-0.3310000002384186	D	A
10	10	25.969999313354492	45.5369987487793	4.868000030517578	24.631000518798828	47.625999450683594	4.315999984741211	D	A
11	11	25.472999572753906	42.02199935913086	6.151000022888184	24.415000915527344	41.069000244140625	5.651000022888184	S	P
12	12	29.099000930786133	40.93299865722656	5.758999824523926	32.1990000406901	39.71999931335449	3.971166650454203	F	N
13	13	30.284000396728516	41.74800109863281	9.265000343322754	30.724000930786133	43.119998931884766	11.343999862670898	D	A
14	14	27.292999267578125	40.13999938964844	10.977999687194824	24.77899932861328	39.74100112915039	11.61400032043457	T	P
15	15	27.198999404907227	37.02000045776367	8.810999870300293	25.058000564575195	37.319000244140625	7.423999786376953	D	A
16	16	30.878999710083008	36.362998962402344	8.140999794006348	31.44700050354004	36.82600021362305	6.7820000648498535	V	N
17	17	33.08399963378906	38.202999114990234	10.586000442504883	33.95600128173828	40.15999984741211	9.085000038146973	L	N
18	18	31.08099937438965	37.132999420166016	13.628000259399414	32.516998291015625	42.012001037597656	14.211999893188477	K	B
19	19	30.36400032043457	33.654998779296875	12.255000114440918	30.724000930786133	33.064998626708984	10.875	A	N
20	20	30.65999984741211	30.590999603271484	14.430000305175781	29.805999755859375	29.030000686645508	16.239999771118164	D	A
21	21	32.91899871826172	28.07900047302246	12.605999946594238	32.91899871826172	28.07900047302246	12.605999946594238	G	G
22	22	34.54399871826172	28.218000411987305	9.194999694824219	35.33599853515625	26.993999481201172	8.711000442504883	A	N
23	23	32.78300094604492	30.040000915527344	6.36899995803833	29.783000946044922	32.53499984741211	6.339000225067139	I	N
24	24	33.78499984741211	29.851999282836914	2.683000087738037	34.47700119018555	28.43899917602539	0.625	L	N
25	25	32.85900115966797	32.99700164794922	0.7139999866485596	33.0890007019043	34.36899948120117	1.3680000305175781	V	N
26	26	32.52000045776367	32.87099838256836	-3.1080000400543213	31.570999145507812	31.777999877929688	-5.235000133514404	D	A
27	27	32.98099899291992	36.242000579833984	-4.921000003814697	34.421000162760414	38.06849988301595	-1.9656666616598766	F	N
28	28	31.163999557495117	35.95800018310547	-8.28499984741211	27.04277801513672	34.947999742296005	-8.12033330069648	T	N
29	29	29.211000442504883	37.766998291015625	-11.005000114440918	29.9950008392334	38.90299987792969	-11.590999603271484	A	N
30	30	26.743000030517578	36.60100173950195	-13.583000183105469	23.051000595092773	36.49599838256836	-12.730999946594238	E	A
31	31	28.976999282836914	37.46699905395508	-16.52199935913086	31.564666959974502	40.20855628119575	-14.598111046685112	T	N
32	32	31.749000549316406	35.263999938964844	-15.067000389099121	33.55500030517578	34.457000732421875	-13.062000274658203	C	P
33	33	31.92300033569336	31.972000122070312	-16.915000915527344	31.92300033569336	31.972000122070312	-16.915000915527344	G	G
34	34	34.308998107910156	30.132999420166016	-14.57699966430664	36.0369987487793	31.216999053955078	-15.76099967956543	P	N
35	35	32.1870002746582	31.3439998626709	-11.645000457763672	32.92300033569336	33.992000579833984	-11.125	C	P
36	36	29.143999099731445	29.597999572753906	-13.083999633789062	26.496999740600586	32.98400115966797	-17.135000228881836	K	B
37	37	31.23699951171875	26.464000701904297	-13.697999954223633	35.422000885009766	25.695999145507812	-15.895000457763672	M	N
38	38	32.051998138427734	26.05500030517578	-9.982999801635742	34.02399826049805	28.76300048828125	-7.9120001792907715	I	N
39	39	28.5310001373291	26.836999893188477	-8.70199966430664	27.452999114990234	27.672000885009766	-9.39900016784668	A	N
40	40	27.440000534057617	23.17300033569336	-8.654000282287598	27.36400032043457	23.253000259399414	-11.015999794006348	P	N
41	41	30.634000778198242	22.1299991607666	-6.925000190734863	33.638999938964844	22.19300079345703	-9.428000450134277	I	N
42	42	29.875	24.631000518798828	-4.150000095367432	31.107999801635742	26.85300064086914	-4.546999931335449	L	N
43	43	26.43600082397461	23.023000717163086	-3.7190001010894775	24.66900062561035	24.13599967956543	-5.145999908447266	D	A
44	44	28.02400016784668	19.586000442504883	-3.381999969482422	29.23900032043457	17.97599983215332	-6.7220001220703125	E	A
45	45	30.540000915527344	20.889999389648438	-0.843999981880188	33.45800018310547	20.023000717163086	-1.4450000524520874	I	N
46	46	27.740999221801758	22.631999969482422	1.1169999837875366	26.770000457763672	23.670000076293945	0.5730000138282776	A	N
47	47	25.99799919128418	19.256000518798828	1.4880000352859497	23.87700080871582	19.131999969482422	0.07599999755620956	D	A
48	48	29.132999420166016	17.236000061035156	2.1600000858306885	30.874000549316406	15.855999946594238	-1.0839999914169312	E	A
49	49	30.520999908447266	19.621000289916992	4.781000137329102	34.426570892333984	19.2394289289202	3.1435714108603343	Y	P
50	50	27.179000854492188	20.531999588012695	6.3460001945495605	23.40999984741211	19.93600082397461	5.875999927520752	Q	P
51	51	27.738000869750977	21.106000900268555	10.02299976348877	27.738000869750977	21.106000900268555	10.02299976348877	G	G
52	52	31.510000228881836	21.763999938964844	9.59000015258789	31.799999237060547	16.41900062561035	6.752999782562256	K	B
53	53	31.450000762939453	24.604999542236328	7.067999839782715	32.6510009765625	25.04199981689453	4.831999778747559	L	N
54	54	29.052000045776367	27.340999603271484	5.927999973297119	27.430999755859375	29.360000610351562	6.197999954223633	T	P
55	55	29.222000122070312	28.360000610351562	2.2669999599456787	29.093000411987305	27.285999298095703	1.1660000085830688	V	N
56	56	28.229999542236328	31.8799991607666	1.2089999914169312	28.511999130249023	32.816001892089844	2.4100000858306885	A	N
57	57	28.139999389648438	34.020999908447266	-1.9520000219345093	26.035999298095703	29.829999923706055	-6.2729997634887695	K	B
58	58	28.69099998474121	37.689998626708984	-2.6640000343322754	29.459999084472656	39.94499969482422	-1.7610000371932983	L	N
59	59	27.740999221801758	38.99800109863281	-6.1020002365112305	26.20800018310547	39.42900085449219	-8.031999588012695	N	P
60	60	30.229999542236328	41.784000396728516	-6.828000068664551	33.20600128173828	41.36199951171875	-9.298999786376953	I	N
61	61	27.98200035095215	43.599998474121094	-9.347999572753906	28.155000686645508	42.577999114990234	-11.642999649047852	D	A
62	62	25.31599998474121	44.02299880981445	-6.688000202178955	22.927000045776367	41.16299819946289	-7.441999912261963	Q	P
63	63	27.725000381469727	44.60300064086914	-3.75	26.14299964904785	43.165000915527344	-2.3970000743865967	N	P
64	64	30.823999404907227	46.38399887084961	-4.999000072479248	29.371000289916992	48.24100112915039	-5.390999794006348	P	N
65	65	32.138999938964844	47.479000091552734	-1.593000054359436	32.138999938964844	47.479000091552734	-1.593000054359436	G	G
66	66	33.47100067138672	44.24100112915039	-0.13600000739097595	33.5	41.98699951171875	1.2029999494552612	T	P
67	67	35.90399932861328	42.81700134277344	-2.7260000705718994	35.58300018310547	42.59199905395508	-4.192999839782715	A	N
68	68	38.19900131225586	45.86800003051758	-2.6429998874664307	36.3849983215332	47.00899887084961	-3.736999988555908	P	N
69	69	38.624000549316406	45.54399871826172	1.1059999465942383	33.16600036621094	46.5359992980957	3.9619998931884766	K	B
70	70	40.16400146484375	42.08300018310547	0.6610000133514404	37.72328622000558	41.05257143293108	3.729285614831107	Y	P
71	71	42.27899932861328	43.097999572753906	-2.325000047683716	42.27899932861328	43.097999572753906	-2.325000047683716	G	G
72	72	40.34400177001953	40.805999755859375	-4.672999858856201	37.457000732421875	39.21099853515625	-2.618000030517578	I	N
73	73	41.505001068115234	41.354000091552734	-8.232999801635742	45.527000427246094	43.22200012207031	-11.821000099182129	R	B
74	74	39.69300079345703	38.62699890136719	-10.211000442504883	39.69300079345703	38.62699890136719	-10.211000442504883	G	G
75	75	36.77199935913086	36.178001403808594	-9.880000114440918	33.39400100708008	37.92300033569336	-11.020000457763672	I	N
76	76	36.00199890136719	33.58399963378906	-8.873000144958496	36.12099838256836	31.464000701904297	-9.949999809265137	P	N
77	77	37.91899871826172	34.08300018310547	-5.64900016784668	39.486000061035156	35.277000427246094	-4.019000053405762	T	P
78	78	37.20899963378906	31.885000228881836	-2.6059999465942383	36.388999938964844	29.719999313354492	-3.8350000381469727	L	N
79	79	37.97999954223633	33.29999923706055	0.8730000257492065	38.65299987792969	35.845001220703125	0.8629999756813049	L	N
80	80	37.99700164794922	30.90399932861328	3.859999895095825	38.448001861572266	28.614999771118164	4.994999885559082	L	N
81	81	37.268001556396484	32.83100128173828	7.10699987411499	36.42933336893717	36.208666483561196	5.497166713078816	F	N
82	82	37.77899932861328	31.52899932861328	10.628999710083008	40.53099822998047	26.05699920654297	10.907999992370605	K	B
83	83	37.409000396728516	33.65599822998047	13.781000137329102	38.42399978637695	31.74799919128418	15.095000267028809	N	P
84	84	36.89699935913086	36.91400146484375	11.871999740600586	36.89699935913086	36.91400146484375	11.871999740600586	G	G
85	85	39.94200134277344	36.66299819946289	9.678000450134277	43.3380012512207	37.479000091552734	11.267999649047852	E	A
86	86	40.9640007019043	35.22100067138672	6.333000183105469	41.35900115966797	36.04999923706055	5.093999862670898	V	N
87	87	42.60200119018555	31.834999084472656	6.921000003814697	41.81800079345703	30.687999725341797	7.546000003814697	A	N
88	88	43.22600173950195	30.913999557495117	3.247999906539917	43.26499938964844	29.405000686645508	3.240000009536743	A	N
89	89	42.27899932861328	31.993999481201172	-0.24500000476837158	42.319000244140625	34.444000244140625	0.6119999885559082	T	P
90	90	42.042999267578125	30.413000106811523	-3.677000045776367	43.823001861572266	28.243000030517578	-7.4079999923706055	K	B
91	91	41.77299880981445	32.3390007019043	-6.935999870300293	42.80799865722656	33.448001861572266	-7.244999885559082	V	N
92	92	40.29199981689453	30.80500030517578	-10.092000007629395	40.29199981689453	30.80500030517578	-10.092000007629395	G	G
93	93	38.185001373291016	27.788999557495117	-10.90999984741211	37.50699996948242	27.52899932861328	-12.243000030517578	A	N
94	94	39.082000732421875	24.368000030517578	-9.524999618530273	38.834999084472656	24.56999969482422	-6.89900016784668	L	N
95	95	37.643001556396484	20.851999282836914	-9.439000129699707	38.45899963378906	19.679000854492188	-10.00100040435791	S	P
96	96	35.70100021362305	19.325000762939453	-6.579999923706055	31.23200035095215	15.343000411987305	-4.605999946594238	K	B
97	97	38.720001220703125	17.18000030517578	-5.607999801635742	38.720001220703125	17.18000030517578	-5.607999801635742	G	G
98	98	41.00299835205078	20.249000549316406	-5.489999771118164	42.29899978637695	21.343000411987305	-8.946000099182129	Q	P
99	99	38.435001373291016	22.145999908447266	-3.4240000247955322	36.233001708984375	23.381999969482422	-2.8259999752044678	L	N
100	100	38.19499969482422	19.291000366210938	-0.9259999990463257	34.869998931884766	14.428000450134277	-0.765999972820282	K	B
101	101	41.96900177001953	19.19499969482422	-0.5460000038146973	44.529998779296875	17.385000228881836	-2.812000036239624	E	A
102	102	42.10100173950195	22.950000762939453	-0.06300000101327896	41.46866671244303	26.713499704996746	-0.17949999123811722	F	N
103	103	39.40999984741211	22.700000762939453	2.6559998989105225	37.180999755859375	23.341999053955078	1.5779999494552612	L	N
104	104	40.92399978637695	19.709999084472656	4.4070000648498535	39.66600036621094	17.7189998626709	3.611999988555908	D	A
105	105	44.27799987792969	21.547000885009766	4.617000102996826	45.04800033569336	22.143999099731445	3.4210000038146973	A	N
106	106	42.58700180053711	24.32900047302246	6.538000106811523	43.07400131225586	26.084999084472656	4.823999881744385	N	P
107	107	39.8120002746582	22.78700065612793	8.604999542236328	37.8380012512207	23.04800033569336	6.951000213623047	L	N
108	108	42.1510009765625	20.618999481201172	10.673999786376953	41.441001892089844	20.368999481201172	11.98799991607666	A	N
