Nr	Nidx	CaX	CaY	CaZ	PosX	PosY	PosZ	Let	Type
1	1	53.43899917602539	13.21500015258789	-4.519000053405762	53.43899917602539	13.21500015258789	-4.519000053405762	G	G
2	2	55.28300094604492	15.800000190734863	-6.534999847412109	55.090999603271484	16.242000579833984	-7.961999893188477	D	A
3	3	56.90700149536133	17.79199981689453	-3.753999948501587	57.94900131225586	17.290000915527344	-2.7639999389648438	V	N
4	4	58.055999755859375	20.535999298095703	-6.198999881744385	59.224998474121094	20.569000244140625	-7.150000095367432	E	A
5	5	54.709999084472656	20.702999114990234	-7.9770002365112305	53.94200134277344	19.641000747680664	-8.725000381469727	K	B
6	6	53.31399917602539	20.90399932861328	-4.447000026702881	53.31399917602539	20.90399932861328	-4.447000026702881	G	G
7	7	55.54399871826172	23.88599967956543	-3.5230000019073486	57.06100082397461	24.05900001525879	-3.61299991607666	K	B
8	8	54.25600051879883	25.96500015258789	-6.425000190734863	54.26100158691406	25.628000259399414	-7.909999847412109	K	B
9	9	50.5880012512207	25.40999984741211	-5.3979997634887695	49.821998596191406	24.04400062561035	-5.335000038146973	I	N
10	10	51.60100173950195	26.42799949645996	-1.8940000534057617	52.55699920654297	25.742000579833984	-0.9179999828338623	F	N
11	11	53.31399917602539	29.729000091552734	-2.944999933242798	54.520999908447266	29.732999801635742	-3.931999921798706	V	N
12	12	50.375	30.513999938964844	-5.151000022888184	50.263999938964844	29.767000198364258	-6.507999897003174	Q	P
13	13	47.45100021362305	29.679000854492188	-2.940000057220459	46.611000061035156	28.475000381469727	-3.3310000896453857	K	B
14	14	48.47700119018555	29.43400001525879	0.6899999976158142	48.854000091552734	28.041000366210938	1.2510000467300415	C	P
15	15	51.59700012207031	31.589000701904297	1.1970000267028809	52.70399856567383	31.708999633789062	0.15199999511241913	A	N
16	16	49.42499923706055	34.7140007019043	1.5809999704360962	48.279998779296875	35.018001556396484	0.6029999852180481	Q	P
17	17	48.16999816894531	33.58000183105469	4.974999904632568	46.64899826049805	33.369998931884766	4.960999965667725	C	P
18	18	50.54800033569336	30.868000030517578	6.2210001945495605	50.125	29.42799949645996	5.849999904632568	H	B
19	19	54.15399932861328	30.006000518798828	7.10099983215332	54.76900100708008	30.836000442504883	8.293000221252441	T	P
20	20	55.53200149536133	26.46299934387207	7.190000057220459	55.481998443603516	25.54400062561035	5.959000110626221	V	N
21	21	58.9630012512207	26.94300079345703	8.779999732971191	60.1349983215332	27.656999588012695	8.133000373840332	E	A
22	22	60.058998107910156	26.340999603271484	12.36299991607666	61.24399948120117	25.475000381469727	12.692999839782715	K	B
23	23	59.27799987792969	29.274999618530273	14.588000297546387	59.27799987792969	29.274999618530273	14.588000297546387	G	G
24	24	57.902000427246094	31.113000869750977	11.47599983215332	57.902000427246094	31.113000869750977	11.47599983215332	G	G
25	25	55.159000396728516	33.68899917602539	12.173999786376953	55.31800079345703	35.17599868774414	11.809000015258789	K	B
26	26	51.393001556396484	33.51599884033203	12.270999908447266	50.553001403808594	33.40399932861328	13.541000366210938	H	B
27	27	49.96500015258789	35.58599853515625	9.407999992370605	50.486000061035156	35.25199890136719	8.038999557495117	K	B
28	28	46.125999450683594	35.83599853515625	8.871999740600586	45.268001556396484	36.03499984741211	7.589000225067139	T	P
29	29	46.33599853515625	32.02199935913086	9.303000450134277	46.33599853515625	32.02199935913086	9.303000450134277	G	G
30	30	48.66299819946289	30.114999771118164	11.593000411987305	48.0359992980957	29.035999298095703	12.486000061035156	P	N
31	31	52.222999572753906	28.861000061035156	10.958999633789062	53.448001861572266	29.177000045776367	11.73900032043457	N	P
32	32	52.07699966430664	25.22100067138672	9.944999694824219	51.7130012512207	25.038999557495117	8.465999603271484	L	N
33	33	55.29800033569336	23.663000106811523	11.29699993133545	56.59199905395508	24.249000549316406	11.86299991607666	H	B
34	34	54.35100173950195	20.34600067138672	12.880999565124512	54.35100173950195	20.34600067138672	12.880999565124512	G	G
35	35	50.84600067138672	19.874000549316406	11.460000038146973	50.50299835205078	20.40999984741211	10.010000228881836	L	N
36	36	50.94200134277344	16.128000259399414	10.661999702453613	51.98899841308594	15.673999786376953	9.626999855041504	F	N
37	37	50.00199890136719	13.954000473022461	13.692000389099121	50.00199890136719	13.954000473022461	13.692000389099121	G	G
38	38	48.60499954223633	16.88800048828125	15.635000228881836	49.430999755859375	18.167999267578125	15.442999839782715	R	B
39	39	44.979000091552734	17.67099952697754	16.36199951171875	44.24300003051758	17.554000854492188	17.68199920654297	K	B
40	40	43.1150016784668	20.632999420166016	14.972999572753906	41.678001403808594	20.41699981689453	14.357999801635742	T	P
41	41	43.638999938964844	24.118999481201172	16.371000289916992	43.638999938964844	24.118999481201172	16.371000289916992	G	G
42	42	46.99800109863281	23.395000457763672	18.040000915527344	47.24300003051758	21.857999801635742	18.17300033569336	Q	P
43	43	49.49100112915039	25.992000579833984	16.808000564575195	49.3849983215332	26.94499969482422	15.630999565124512	A	N
44	44	50.630001068115234	27.670000076293945	20.038000106811523	51.90299987792969	27.238000869750977	20.759000778198242	P	N
45	45	50.14699935913086	31.417999267578125	19.881999969482422	50.14699935913086	31.417999267578125	19.881999969482422	G	G
46	46	47.38399887084961	31.573999404907227	17.257999420166016	47.500999450683594	30.858999252319336	15.904999732971191	F	N
47	47	43.75299835205078	32.24800109863281	18.280000686645508	43.18000030517578	33.56700134277344	18.895999908447266	T	P
48	48	41.57600021362305	29.860000610351562	16.402999877929688	41.84600067138672	28.363000869750977	16.48699951171875	Y	P
49	49	37.83000183105469	29.767000198364258	15.991000175476074	36.98500061035156	29.683000564575195	14.678999900817871	T	P
50	50	36.189998626708984	27.301000595092773	18.461999893188477	34.915000915527344	27.4060001373291	19.297000885009766	D	A
51	51	35.09700012207031	25.274999618530273	15.402000427246094	34.40399932861328	25.881000518798828	14.182000160217285	A	N
52	52	38.71900177001953	24.743000030517578	14.458000183105469	39.7130012512207	25.815000534057617	13.951000213623047	N	P
53	53	39.80799865722656	24.04199981689453	17.996000289916992	39.625	25.020999908447266	19.12700080871582	K	B
54	54	36.98500061035156	21.545000076293945	18.625999450683594	35.61899948120117	22.170000076293945	18.9689998626709	N	P
55	55	36.957000732421875	19.684999465942383	15.234000205993652	37.689998626708984	19.97800064086914	13.9399995803833	K	B
56	56	38.86399841308594	17.059999465942383	17.07200050354004	38.86399841308594	17.059999465942383	17.07200050354004	G	G
57	57	40.48400115966797	14.954000473022461	14.348999977111816	39.808998107910156	14.822999954223633	12.968000411987305	I	N
58	58	44.255001068115234	14.335000038146973	13.692999839782715	44.987998962402344	12.998000144958496	14.074999809265137	T	P
59	59	45.83100128173828	15.829999923706055	10.605999946594238	46.4109992980957	17.187999725341797	10.368000030517578	T	N
60	60	47.159000396728516	13.206000328063965	8.178000450134277	46.95100021362305	11.845000267028809	8.779000282287598	K	B
61	61	46.97999954223633	12.866999626159668	4.35099983215332	47.70500183105469	11.901000022888184	3.4000000953674316	E	A
62	62	43.41899871826172	11.666999816894531	4.540999889373779	42.900001525878906	10.27400016784668	4.85699987411499	E	A
63	63	41.926998138427734	14.369999885559082	6.735000133514404	41.94599914550781	14.454000473022461	8.288999557495117	T	P
64	64	43.875999450683594	16.996999740600586	4.747000217437744	45.39400100708008	17.138999938964844	4.678999900817871	L	N
65	65	42.63999938964844	15.545999526977539	1.4459999799728394	42.70800018310547	14.121000289916992	0.8960000276565552	M	N
66	66	38.91299819946289	16.010000228881836	2.4130001068115234	38.23500061035156	15.095999717712402	3.3949999809265137	E	A
67	67	39.479000091552734	19.395000457763672	4.0929999351501465	40.470001220703125	19.527000427246094	5.26200008392334	Y	P
68	68	41.446998596191406	21.027999877929688	1.2990000247955322	42.9010009765625	20.7189998626709	0.8659999966621399	L	N
69	69	38.665000915527344	20.197999954223633	-1.1009999513626099	38.005001068115234	18.888999938964844	-1.409999966621399	E	A
70	70	36.1619987487793	22.30299949645996	0.8330000042915344	34.79999923706055	21.822999954223633	0.36000001430511475	N	P
71	71	37.483001708984375	23.863000869750977	4.046999931335449	38.51100158691406	24.981000900268555	3.9489998817443848	P	N
72	72	34.1870002746582	25.451000213623047	5.186999797821045	33.340999603271484	26.54800033569336	4.590000152587891	K	B
73	73	32.375	22.17099952697754	4.665999889373779	32.29100036621094	21.354999542236328	3.4130001068115234	K	B
74	74	34.814998626708984	20.320999145507812	6.918000221252441	36.22600173950195	19.858999252319336	6.520999908447266	Y	P
75	75	35.1879997253418	23.1200008392334	9.531999588012695	36.667999267578125	23.395999908447266	9.982000350952148	I	N
76	76	31.881999969482422	24.966999053955078	9.685999870300293	30.68600082397461	24.042999267578125	9.949999809265137	P	N
77	77	32.49399948120117	28.381999969482422	11.088000297546387	32.49399948120117	28.381999969482422	11.088000297546387	G	G
78	78	36.20600128173828	28.33300018310547	10.13700008392334	37.0369987487793	27.3439998626709	9.265000343322754	T	P
79	79	37.67399978637695	31.788000106811523	9.569999694824219	38.11000061035156	32.63600158691406	10.717000007629395	K	B
80	80	39.88800048828125	30.39299964904785	6.747000217437744	40.58599853515625	29.054000854492188	6.823999881744385	M	N
81	81	38.18899917602539	31.860000610351562	3.5920000076293945	37.54100036621094	33.26499938964844	3.7939999103546143	I	N
82	82	39.54800033569336	29.81599998474121	0.7139999866485596	40.88999938964844	29.25200080871582	1.1440000534057617	F	N
83	83	37.487998962402344	27.974000930786133	-1.8839999437332153	37.308998107910156	28.524999618530273	-3.2960000038146973	A	N
84	84	39.505001068115234	24.708999633789062	-1.8619999885559082	39.505001068115234	24.708999633789062	-1.8619999885559082	G	G
85	85	41.45600128173828	22.69499969482422	-4.468999862670898	42.89799880981445	22.299999237060547	-4.0970001220703125	I	N
86	86	39.047000885009766	20.93199920654297	-6.86899995803833	38.41999816894531	21.582000732421875	-8.088000297546387	K	B
87	87	41.45000076293945	18.43899917602539	-8.529000282287598	42.54499816894531	18.805999755859375	-9.538000106811523	K	B
88	88	42.665000915527344	15.404999732971191	-6.6020002365112305	42.16600036621094	13.996999740600586	-6.820000171661377	K	B
89	89	46.23400115966797	15.432999610900879	-7.941999912261963	46.683998107910156	15.079999923706055	-9.420000076293945	T	P
90	90	46.66699981689453	19.051000595092773	-6.935999870300293	45.89099884033203	20.23900032043457	-7.421000003814697	E	A
91	91	45.617000579833984	18.18600082397461	-3.388000011444092	44.270999908447266	17.700000762939453	-2.875999927520752	R	B
92	92	48.01599884033203	15.218999862670898	-3.494999885559082	47.965999603271484	13.97700023651123	-4.381999969482422	E	A
93	93	50.93199920654297	17.33099937438965	-4.690999984741211	50.974998474121094	18.01099967956543	-6.039000034332275	D	A
94	94	50.30799865722656	19.976999282836914	-1.9989999532699585	49.119998931884766	20.937000274658203	-2.013000011444092	L	N
95	95	50.13600158691406	17.309999465942383	0.800000011920929	49.06800079345703	16.214000701904297	1.1080000400543213	I	N
96	96	53.439998626708984	15.767000198364258	-0.3019999861717224	53.696998596191406	14.977999687194824	-1.569000005722046	A	N
97	97	55.042999267578125	19.273000717163086	-0.1809999942779541	54.90700149536133	20.51799964904785	-1.090000033378601	Y	P
98	98	53.492000579833984	20.025999069213867	3.2300000190734863	51.9900016784668	20.08799934387207	3.5190000534057617	L	N
99	99	54.65299987792969	16.746999740600586	4.857999801635742	54.39099884033203	15.38599967956543	4.2210001945495605	K	B
100	100	58.15700149536133	17.61400032043457	3.7309999465942383	58.439998626708984	17.792999267578125	2.2260000705718994	K	B
101	101	58.176998138427734	21.281999588012695	4.682000160217285	57.58599853515625	22.31599998474121	3.7109999656677246	A	N
102	102	56.08700180053711	21.131000518798828	7.857999801635742	54.512001037597656	20.99799919128418	7.935999870300293	T	P
103	103	58.27299880981445	18.511999130249023	9.619000434875488	57.95600128173828	17.045000076293945	9.512999534606934	N	P
104	104	61.55400085449219	20.093000411987305	8.369999885559082	62.555999755859375	20.208999633789062	9.520999908447266	E	A
105	105	52.50400161743164	12.864999771118164	-5.570000171661377	52.50400161743164	12.864999771118164	-5.570000171661377	X	X
106	106	62.22800064086914	19.267000198364258	7.258999824523926	62.22800064086914	19.267000198364258	7.258999824523926	Z	Z
