Nr	Nidx	CaX	CaY	CaZ	PosX	PosY	PosZ	Let	Type
7	1	0.23100000619888306	-0.5350000262260437	30.104999542236328	0.5609999895095825	0.41200000047683716	31.256000518798828	L	N
8	2	0.6370000243186951	-3.947000026702881	31.702999114990234	0.6290000081062317	-5.125	30.68000030517578	H	B
9	3	1.9190000295639038	-5.453999996185303	34.88800048828125	0.9649999737739563	-5.771999835968018	36.02799987792969	K	B
10	4	4.9670000076293945	-7.764999866485596	35.02799987792969	6.177000045776367	-7.321000099182129	34.215999603271484	E	A
11	5	6.303999900817871	-9.845000267028809	37.909000396728516	6.336999893188477	-11.383000373840332	37.854000091552734	P	N
12	6	9.197999954223633	-9.008999824523926	40.130001068115234	9.46500015258789	-7.514999866485596	40.071998596191406	A	N
13	7	10.383000373840332	-9.984000205993652	43.61899948120117	10.930000305175781	-11.413000106811523	43.74700164794922	T	P
14	8	11.657999992370605	-7.821000099182129	46.47100067138672	11.019000053405762	-7.663000106811523	47.85599899291992	L	N
15	9	15.369999885559082	-7.811999797821045	47.01100158691406	16.46299934387207	-7.485000133514404	45.994998931884766	I	N
16	10	15.479999542236328	-4.855000019073486	49.474998474121094	16.945999145507812	-4.651000022888184	49.808998107910156	K	B
17	11	13.744999885559082	-1.7020000219345093	50.58300018310547	13.074999809265137	-1.621000051498413	51.96699905395508	A	N
18	12	15.92199993133545	1.3969999551773071	50.10599899291992	16.586000442504883	1.7480000257492065	48.757999420166016	I	N
19	13	13.85200023651123	4.526000022888184	50.823001861572266	14.753000259399414	5.76200008392334	50.75400161743164	D	A
20	14	10.496000289916992	6.24399995803833	50.09700012207031	10.496000289916992	6.24399995803833	50.09700012207031	G	G
21	15	10.715999603271484	6.057000160217285	46.3120002746582	10.534000396728516	7.449999809265137	45.715999603271484	D	A
22	16	13.503000259399414	3.5510001182556152	45.4640007019043	14.928000450134277	4.053999900817871	45.37900161743164	T	P
23	17	13.440999984741211	-0.2070000022649765	45.909000396728516	11.987000465393066	-0.7139999866485596	45.98500061035156	V	N
24	18	15.718000411987305	-3.015000104904175	44.87099838256836	17.049999237060547	-3.3440001010894775	45.564998626708984	K	B
25	19	13.744999885559082	-5.656000137329102	42.99700164794922	12.515999794006348	-5.144000053405762	42.23500061035156	L	N
26	20	14.562999725341797	-8.727999687194824	40.821998596191406	14.77299976348877	-10.14900016784668	41.35100173950195	M	N
27	21	13.145000457763672	-8.178999900817871	37.32699966430664	12.869999885559082	-6.695000171661377	36.98899841308594	Y	P
28	22	13.512999534606934	-10.762999534606934	34.571998596191406	13.708000183105469	-10.154999732971191	33.21099853515625	K	B
29	23	15.890999794006348	-12.47599983215332	37.00400161743164	15.890999794006348	-12.47599983215332	37.00400161743164	G	G
30	24	18.270000457763672	-9.472000122070312	37.290000915527344	18.594999313354492	-8.652999877929688	36.0099983215332	Q	P
31	25	18.680999755859375	-7.223999977111816	40.33599853515625	19.860000610351562	-7.388999938964844	41.308998107910156	P	N
32	26	17.783000946044922	-3.622999906539917	39.5620002746582	16.791000366210938	-3.7720000743865967	38.415000915527344	M	N
33	27	17.059999465942383	-0.5090000033378601	41.59600067138672	18.108999252319336	0.503000020980835	42.090999603271484	T	P
34	28	13.680999755859375	0.902999997138977	40.65599822998047	12.430000305175781	0.03999999910593033	40.69499969482422	F	N
35	29	12.734000205993652	4.574999809265137	40.94599914550781	13.640999794006348	5.6579999923706055	40.37300109863281	R	B
36	30	8.940999984741211	5.204999923706055	41.28900146484375	8.185999870300293	5.479000091552734	42.62699890136719	L	N
37	31	7.539999961853027	7.109000205993652	38.388999938964844	6.7789998054504395	6.460000038146973	37.19200134277344	L	N
38	32	5.806000232696533	10.456000328063965	38.819000244140625	4.447999954223633	10.08899974822998	38.1870002746582	E	A
39	33	6.484000205993652	10.901000022888184	42.54899978637695	5.828999996185303	9.843999862670898	43.422000885009766	V	N
40	34	9.053000450134277	12.29800033569336	45.005001068115234	9.569999694824219	13.654000282287598	44.52399826049805	D	A
41	35	9.600000381469727	11.378999710083008	48.60300064086914	9.708999633789062	9.927000045776367	49.1150016784668	T	P
42	36	11.767999649047852	13.293999671936035	51.005001068115234	11.26099967956543	13.79800033569336	52.3650016784668	P	N
43	37	15.281999588012695	11.916999816894531	51.42300033569336	16.601999282836914	12.637999534606934	51.119998931884766	E	A
50	38	15.765000343322754	9.975000381469727	54.6349983215332	16.607999801635742	8.718999862670898	54.83700180053711	F	N
51	39	17.732999801635742	12.960000038146973	56.071998596191406	19.031999588012695	13.513999938964844	55.417999267578125	N	P
52	40	14.652000427246094	15.197999954223633	55.56700134277344	14.26099967956543	15.630000114440918	54.1349983215332	E	A
53	41	11.359000205993652	15.763999938964844	57.31399917602539	10.755000114440918	17.14699935913086	57.540000915527344	K	B
54	42	9.086000442504883	12.763999938964844	56.67300033569336	7.85099983215332	13.333000183105469	55.90599822998047	Y	P
55	43	11.97700023651123	10.868000030517578	54.999000549316406	11.97700023651123	10.868000030517578	54.999000549316406	G	G
56	44	11.984999656677246	8.196000099182129	57.71099853515625	12.288000106811523	8.593999862670898	59.19200134277344	P	N
57	45	8.149999618530273	7.914000034332275	57.625	7.230999946594238	9.090999603271484	57.869998931884766	E	A
58	46	8.253000259399414	7.605000019073486	53.76499938964844	8.734000205993652	8.668000221252441	52.78300094604492	A	N
59	47	10.935999870300293	4.928999900817871	54.013999938964844	12.336000442504883	5.076000213623047	54.632999420166016	S	P
60	48	9.01099967956543	2.9179999828338623	56.638999938964844	8.675999641418457	3.4719998836517334	58.04399871826172	A	N
61	49	5.790999889373779	3.247999906539917	54.57600021362305	5.144999980926514	4.571000099182129	54.137001037597656	F	N
62	50	7.230000019073486	1.8539999723434448	51.284000396728516	8.244999885559082	2.5789999961853027	50.3849983215332	T	P
63	51	9.27400016784668	-0.6990000009536743	53.231998443603516	10.204999923706055	-0.3610000014305115	54.40800094604492	K	B
64	52	6.252999782562256	-2.11299991607666	55.0359992980957	5.419000148773193	-1.3589999675750732	56.051998138427734	K	B
65	53	4.165999889373779	-2.1010000705718994	51.86800003051758	3.7739999294281006	-0.8190000057220459	51.124000549316406	M	N
66	54	6.834000110626221	-3.946000099182129	49.81399917602539	8.041000366210938	-3.382999897003174	49.016998291015625	V	N
67	55	7.901000022888184	-6.379000186920166	52.57400131225586	8.697999954223633	-5.99399995803833	53.84400177001953	E	A
68	56	4.311999797821045	-7.3460001945495605	53.45500183105469	3.325000047683716	-6.504000186920166	54.257999420166016	N	P
69	57	3.38100004196167	-7.922999858856201	49.80099868774414	3.7909998893737793	-7.048999786376953	48.66400146484375	A	N
70	58	2.8489999771118164	-11.432999610900879	48.52299880981445	1.5210000276565552	-12.222999572753906	48.520999908447266	K	B
71	59	2.9839999675750732	-10.258000373840332	44.93299865722656	1.680999994277954	-10.58899974822998	44.19599914550781	K	B
72	60	5.135000228881836	-7.415999889373779	43.6349983215332	6.603000164031982	-7.13100004196167	44.03099822998047	I	N
73	61	4.539999961853027	-6.211999893188477	40.11399841308594	3.066999912261963	-6.236000061035156	39.709999084472656	E	A
74	62	6.1579999923706055	-3.6530001163482666	37.8849983215332	7.7220001220703125	-3.634000062942505	37.641998291015625	V	N
75	63	4.494999885559082	-1.5470000505447388	35.23400115966797	3.0929999351501465	-1.1519999504089355	35.6870002746582	E	A
76	64	6.543000221252441	0.4000000059604645	32.707000732421875	7.501999855041504	-0.22599999606609344	31.674999237060547	F	N
77	65	4.997000217437744	3.4230000972747803	31.05299949645996	5.131999969482422	4.835999965667725	31.64900016784668	D	A
78	66	5.1479997634887695	4.251999855041504	27.30699920654297	4.019999980926514	5.050000190734863	26.639999389648438	K	B
79	67	8.52400016784668	6.074999809265137	27.52899932861328	8.52400016784668	6.074999809265137	27.52899932861328	G	G
80	68	11.97599983215332	5.60699987411499	28.945999145507812	12.642999649047852	6.863999843597412	29.47599983215332	Q	P
81	69	12.378000259399414	2.444999933242798	31.0939998626709	12.265000343322754	1.065000057220459	30.4689998626709	R	B
82	70	15.746000289916992	3.38700008392334	32.58300018310547	16.89299964904785	2.5850000381469727	31.927000045776367	T	P
83	71	16.96500015258789	6.745999813079834	33.88800048828125	16.534000396728516	7.449999809265137	35.209999084472656	D	A
84	72	20.37299919128418	8.279000282287598	33.516998291015625	20.634000778198242	9.77400016784668	33.47700119018555	K	B
85	73	21.547000885009766	6.515999794006348	36.71699905395508	21.07900047302246	6.979000091552734	38.143001556396484	Y	P
86	74	20.489999771118164	3.0320000648498535	35.4109992980957	20.489999771118164	3.0320000648498535	35.4109992980957	G	G
87	75	17.39299964904785	2.8940000534057617	37.667999267578125	16.96500015258789	3.9690001010894775	38.70500183105469	R	B
88	76	14.307000160217285	1.2309999465942383	36.31100082397461	14.307000160217285	1.2309999465942383	36.31100082397461	G	G
89	77	11.375	3.5989999771118164	36.025001525878906	11.480999946594238	4.833000183105469	35.15599822998047	L	N
90	78	8.038000106811523	2.0230000019073486	36.858001708984375	8.270999908447266	0.49900001287460327	36.95399856567383	A	N
91	79	4.809999942779541	1.9850000143051147	38.823001861572266	3.365000009536743	2.2320001125335693	38.263999938964844	Y	P
92	80	5.26200008392334	-0.6520000100135803	41.50400161743164	6.388000011444092	-0.5109999775886536	42.55699920654297	I	N
93	81	2.2730000019073486	-2.634999990463257	42.849998474121094	1.2970000505447388	-3.2269999980926514	41.86000061035156	Y	P
94	82	2.052000045776367	-4.515999794006348	46.14500045776367	2.555999994277954	-3.8529999256134033	47.41899871826172	A	N
95	83	-0.7620000243186951	-7.059000015258789	46.00299835205078	-1.090999960899353	-7.429999828338623	47.45199966430664	D	A
96	84	-2.5450000762939453	-4.991000175476074	43.38199996948242	-2.5450000762939453	-4.991000175476074	43.38199996948242	G	G
97	85	-2.125999927520752	-1.5859999656677246	45.1870002746582	-2.1440000534057617	-1.4809999465942383	46.685001373291016	K	B
98	86	0.17299999296665192	1.0169999599456787	43.55500030517578	-0.2529999911785126	2.00600004196167	42.49399948120117	M	N
99	87	2.880000114440918	2.1050000190734863	45.9739990234375	4.302000045776367	1.5290000438690186	46.00899887084961	V	N
100	88	3.3269999027252197	5.3470001220703125	43.94599914550781	3.444999933242798	5.499000072479248	42.395999908447266	N	P
101	89	-0.33399999141693115	6.252999782562256	44.52899932861328	-1.531999945640564	5.598999977111816	43.8129997253418	E	A
102	90	-0.3930000066757202	5.099999904632568	48.178001403808594	-0.08500000089406967	3.7039999961853027	48.641998291015625	A	N
103	91	2.5230000019073486	7.419000148773193	49.1510009765625	3.890000104904175	7.394999980926514	48.46900177001953	L	N
104	92	0.8299999833106995	10.39799976348877	47.513999938964844	0.5329999923706055	10.53499984741211	45.999000549316406	V	N
105	93	-2.5369999408721924	9.5649995803833	49.1619987487793	-3.38700008392334	8.289999961853027	48.8849983215332	R	B
106	94	-0.9020000100135803	9.5600004196167	52.60499954223633	-0.19699999690055847	8.326000213623047	53.20399856567383	Q	P
107	95	1.0089999437332153	12.756999969482422	52.03799819946289	1.0089999437332153	12.756999969482422	52.03799819946289	G	G
108	96	4.36299991607666	10.90999984741211	52.15999984741211	4.508999824523926	9.473999977111816	52.694000244140625	L	N
109	97	5.1570000648498535	11.91100025177002	48.49800109863281	5.306000232696533	10.727999687194824	47.55400085449219	A	N
110	98	4.485000133514404	14.694000244140625	46.005001068115234	5.311999797821045	15.979000091552734	45.9739990234375	K	B
111	99	3.49399995803833	14.25	42.375999450683594	2.1510000228881836	14.607999801635742	41.74800109863281	V	N
112	100	6.77400016784668	15.154999732971191	40.582000732421875	7.791999816894531	15.105999946594238	41.742000579833984	A	N
113	101	9.008999824523926	14.468000411987305	37.630001068115234	9.994999885559082	13.407999992370605	38.20399856567383	Y	P
114	102	6.046000003814697	14.13700008392334	35.3120002746582	4.646999835968018	14.704999923706055	35.630001068115234	V	N
115	103	7.710999965667725	13.836999893188477	31.882999420166016	9.102999687194824	13.152000427246094	31.770999908447266	Y	P
116	104	5.76800012588501	13.619000434875488	28.60700035095215	6.038000106811523	14.52400016784668	27.375	K	B
117	105	6.828999996185303	10.071999549865723	27.715999603271484	6.828999996185303	10.071999549865723	27.715999603271484	G	G
118	106	5.822000026702881	8.571999549865723	30.993000030517578	7.164000034332275	8.338000297546387	31.738000869750977	N	P
119	107	2.635999917984009	10.243000030517578	32.30400085449219	2.4749999046325684	11.635000228881836	31.78499984741211	N	P
120	108	-0.11800000071525574	7.611999988555908	31.97599983215332	0.08699999749660492	6.144999980926514	31.583999633789062	T	P
121	109	-1.1150000095367432	7.853000164031982	35.70500183105469	-0.5460000038146973	6.8470001220703125	36.69200134277344	H	B
122	110	-0.7089999914169312	11.583000183105469	36.19900131225586	-0.4090000092983246	12.60200023651123	35.10300064086914	E	A
123	111	-4.326000213623047	12.394000053405762	36.82600021362305	-5.395999908447266	12.319999694824219	35.70800018310547	Q	P
124	112	-4.8420000076293945	9.451000213623047	39.23899841308594	-4.438000202178955	8.026000022888184	38.85100173950195	L	N
125	113	-1.8630000352859497	10.571999549865723	41.23899841308594	-0.3959999978542328	10.512999534606934	40.79800033569336	L	N
126	114	-2.9260001182556152	14.244999885559082	41.28799819946289	-3.069999933242798	15.178000450134277	40.07600021362305	R	B
127	115	-6.35099983215332	13.156000137329102	42.5369987487793	-7.322999954223633	12.175999641418457	41.88999938964844	K	B
128	116	-4.695000171661377	11.33899974822998	45.42399978637695	-3.7780001163482666	10.159000396728516	45.250999450683594	A	N
129	117	-2.5179998874664307	14.380000114440918	46.215999603271484	-1.5420000553131104	15.07800006866455	45.263999938964844	E	A
130	118	-5.552000045776367	16.707000732421875	46.17900085449219	-6.5	16.9950008392334	45.012001037597656	A	N
131	119	-7.169000148773193	14.46500015258789	48.840999603271484	-7.849999904632568	13.128999710083008	48.47800064086914	Q	P
132	120	-3.9489998817443848	14.223999977111816	50.96799850463867	-2.5280001163482666	13.753000259399414	50.53499984741211	A	N
133	121	-3.743000030517578	17.97800064086914	50.92300033569336	-3.569999933242798	18.843000411987305	49.67599868774414	K	B
134	122	-7.432000160217285	18.292999267578125	51.766998291015625	-8.592000007629395	17.576000213623047	51.05400085449219	K	B
135	123	-6.894000053405762	16.069000244140625	54.83399963378906	-6.875999927520752	14.541999816894531	54.770999908447266	E	A
136	124	-3.697000026702881	18.018999099731445	55.707000732421875	-4.090000152587891	18.93899917602539	56.86899948120117	K	B
137	125	-1.6269999742507935	14.803999900817871	55.79199981689453	-1.9910000562667847	13.498000144958496	55.064998626708984	L	N
138	126	1.9980000257492065	14.585000038146973	56.821998596191406	2.4119999408721924	13.241999626159668	56.22999954223633	N	P
139	127	3.819000005722046	16.77400016784668	54.220001220703125	4.251999855041504	16.298999786376953	52.81100082397461	I	N
140	128	0.6890000104904175	18.92300033569336	53.92499923706055	-0.4909999966621399	18.503999710083008	53.05500030517578	T	N
141	129	0.4410000145435333	19.52400016784668	57.74100112915039	0.5230000019073486	18.398000717163086	58.79100036621094	S	P
130	130	-0.906000018119812	-0.041999999433755875	29.18899917602539	-0.906000018119812	-0.041999999433755875	29.18899917602539	X	X
131	131	1.3220000267028809	20.716999053955078	58.178001403808594	1.3220000267028809	20.716999053955078	58.178001403808594	Z	Z
