Nr	Nidx	CaX	CaY	CaZ	PosX	PosY	PosZ	Let	Type
126	1	-17.280000686645508	9.942000389099121	-4.170000076293945	-17.982999801635742	9.586999893188477	-5.48199987411499	Q	P
127	2	-14.248000144958496	7.6579999923706055	-4.427000045776367	-13.968999862670898	6.875999927520752	-5.711999893188477	N	P
128	3	-11.42300033569336	8.586000442504883	-2.055000066757202	-11.399999618530273	8.288999557495117	-0.5550000071525574	N	P
129	4	-7.771999835968018	8.23799991607666	-3.065999984741211	-6.682000160217285	9.279000282287598	-2.805000066757202	D	A
130	5	-6.554999828338623	4.63700008392334	-2.950000047683716	-6.433000087738037	3.7160000801086426	-4.156000137329102	A	N
131	6	-3.1019999980926514	5.828999996185303	-1.8930000066757202	-2.1010000705718994	6.468999862670898	-2.8580000400543213	L	N
132	7	-2.7130000591278076	6.9070000648498535	1.7339999675750732	-3.1410000324249268	5.961999893188477	2.8589999675750732	S	P
133	8	-0.11699999868869781	9.281999588012695	3.2750000953674316	-0.578000009059906	10.251999855041504	4.364999771118164	P	N
134	9	1.4190000295639038	6.515999794006348	5.386000156402588	0.7490000128746033	5.8520002365112305	6.579999923706055	A	N
135	10	1.2029999494552612	3.947999954223633	2.5899999141693115	-0.07900000363588333	3.4839999675750732	1.86899995803833	I	N
136	11	2.9600000381469727	6.36899995803833	0.24500000476837158	2.505000114440918	7.795000076293945	-0.0729999989271164	R	B
137	12	5.875999927520752	6.875999927520752	2.625999927520752	5.781000137329102	7.50600004196167	4.021999835968018	R	B
138	13	6.021999835968018	3.138000011444092	3.2809998989105225	4.875	2.306999921798706	3.861999988555908	L	N
139	14	5.873000144958496	2.3589999675750732	-0.43700000643730164	4.732999801635742	2.760999917984009	-1.375	L	N
140	15	8.555000305175781	4.9029998779296875	-1.319000005722046	8.425000190734863	6.409999847412109	-1.1610000133514404	A	N
141	16	10.654999732971191	3.453000068664551	1.496000051498413	10.187000274658203	3.260999917984009	2.940999984741211	E	A
142	17	10.651000022888184	-0.04500000178813934	0.004999999888241291	9.682999610900879	-1.1269999742507935	0.4860000014305115	H	B
143	18	10.751999855041504	1.3739999532699585	-3.5320000648498535	12.097999572753906	0.9129999876022339	-4.0980000495910645	N	P
144	19	7.343999862670898	-0.2529999911785126	-4.000999927520752	6.689000129699707	-1.0880000591278076	-2.8959999084472656	L	N
145	20	4.289999961853027	0.9380000233650208	-5.921999931335449	4.47599983215332	0.9789999723434448	-7.440000057220459	D	A
146	21	0.6850000023841858	0.7850000262260437	-4.710999965667725	-0.14300000667572021	1.9789999723434448	-4.261000156402588	A	N
147	22	-0.19099999964237213	-0.2150000035762787	-8.279000282287598	0.4860000014305115	0.32100000977516174	-9.541999816894531	S	P
148	23	1.340000033378601	-3.625	-7.581999778747559	2.8350000381469727	-3.884000062942505	-7.4670000076293945	A	N
149	24	-0.44600000977516174	-3.7890000343322754	-4.22599983215332	0.04100000113248825	-3.0139999389648438	-2.9860000610351562	I	N
150	25	-4.171000003814697	-4.4770002365112305	-3.884000062942505	-4.755000114440918	-5.881999969482422	-4.039000034332275	K	B
151	26	-6.300000190734863	-2.2070000171661377	-1.7230000495910645	-6.300000190734863	-2.2070000171661377	-1.7230000495910645	G	G
152	27	-8.831999778747559	-3.808000087738037	0.6069999933242798	-8.446999549865723	-5.133999824523926	1.2649999856948853	T	P
153	28	-9.942000389099121	-0.6520000100135803	2.3980000019073486	-9.942000389099121	-0.6520000100135803	2.3980000019073486	G	G
154	29	-13.211999893188477	1.274999976158142	2.2869999408721924	-13.60200023651123	2.4800000190734863	3.1670000553131104	V	N
155	30	-13.809000015258789	1.0089999437332153	-1.4479999542236328	-13.809000015258789	1.0089999437332153	-1.4479999542236328	G	G
156	31	-10.718999862670898	-1.0260000228881836	-2.2690000534057617	-10.718999862670898	-1.0260000228881836	-2.2690000534057617	G	G
157	32	-8.154999732971191	1.503999948501587	-1.0579999685287476	-8.456999778747559	2.6989998817443848	-0.15299999713897705	R	B
158	33	-4.63700008392334	0.48100000619888306	-0.032999999821186066	-3.36299991607666	0.984000027179718	-0.7160000205039978	L	N
159	34	-3.9170000553131104	-0.29899999499320984	3.619999885559082	-5.014999866485596	-1.1139999628067017	4.304999828338623	T	P
160	35	-0.8159999847412109	-0.8309999704360962	5.76200008392334	-0.6430000066757202	-0.34200000762939453	7.201000213623047	R	B
161	36	-1.7929999828338623	-4.507999897003174	5.771999835968018	-3.1619999408721924	-5.052999973297119	6.185999870300293	E	A
162	37	-1.6740000247955322	-4.697999954223633	1.975000023841858	-2.609999895095825	-3.944000005722046	1.027999997138977	D	A
163	38	1.6790000200271606	-2.9119999408721924	1.8559999465942383	1.9609999656677246	-1.4739999771118164	2.3340001106262207	V	N
164	39	3.319999933242798	-4.988999843597412	4.586999893188477	2.937999963760376	-4.965000152587891	6.066999912261963	E	A
165	40	1.8450000286102295	-8.144000053405762	3.055999994277954	0.3479999899864197	-8.425000190734863	2.9000000953674316	K	B
166	41	3.1419999599456787	-7.289999961853027	-0.4169999957084656	2.8320000171661377	-6.002999782562256	-1.1829999685287476	H	B
167	42	6.650000095367432	-7.053999900817871	1.034000039100647	7.113999843597412	-5.933000087738037	1.965999960899353	L	N
168	43	6.298999786376953	-10.288999557495117	3.00600004196167	5.098999977111816	-10.675000190734863	3.8570001125335693	A	N
169	44	6.142000198364258	-12.185999870300293	-0.2879999876022339	4.836999893188477	-12.359999656677246	-1.0700000524520874	K	B
170	45	8.45300006866455	-9.880000114440918	-2.239000082015991	8.243000030517578	-8.385000228881836	-2.4240000247955322	A	N
46	46	-16.613000869750977	11.260000228881836	-4.331999778747559	-16.613000869750977	11.260000228881836	-4.331999778747559	X	X
47	47	9.847000122070312	-10.154999732971191	-1.684000015258789	9.847000122070312	-10.154999732971191	-1.684000015258789	Z	Z
