Nr	Nidx	CaX	CaY	CaZ	PosX	PosY	PosZ	Let	Type
1	1	12.435999870300293	7.763999938964844	9.902000427246094	12.611000061035156	9.263999938964844	10.0600004196167	R	B
2	2	14.73799991607666	6.044000148773193	12.368000030517578	15.182000160217285	4.556000232696533	12.119999885559082	I	N
3	3	17.316999435424805	8.190999984741211	14.194000244140625	16.742000579833984	9.54800033569336	14.704000473022461	C	P
4	4	20.07200050354004	7.60099983215332	16.711999893188477	21.566999435424805	7.922999858856201	16.558000564575195	F	N
5	5	19.033000946044922	8.640000343322754	20.222000122070312	17.57699966430664	8.380000114440918	20.55900001525879	N	P
6	6	22.132999420166016	7.77400016784668	22.381000518798828	23.121000289916992	6.644999980926514	22.100000381469727	H	B
7	7	23.98200035095215	10.390999794006348	24.400999069213867	23.611000061035156	10.574000358581543	25.90399932861328	Q	P
8	8	27.608999252319336	11.22700023651123	23.613000869750977	28.275999069213867	11.529000282287598	24.969999313354492	S	P
9	9	29.804000854492188	8.192999839782715	23.040000915527344	31.329999923706055	8.333000183105469	23.00200080871582	S	P
10	10	27.552000045776367	5.613999843597412	24.746999740600586	26.392000198364258	5.999000072479248	25.650999069213867	Q	P
11	11	26.5	2.3949999809265137	22.982999801635742	26.08099937438965	1.2020000219345093	23.857999801635742	P	N
12	12	24.32200050354004	3.240999937057495	19.983999252319336	24.70400047302246	2.865000009536743	18.542999267578125	Q	P
13	13	20.56100082397461	3.197999954223633	20.31399917602539	19.908000946044922	3.384000062942505	21.701000213623047	T	P
14	14	17.860000610351562	4.125999927520752	17.81800079345703	17.86400032043457	3.361999988555908	16.448999404907227	T	P
15	15	14.352999687194824	5.551000118255615	17.93199920654297	14.258999824523926	6.874000072479248	18.65999984741211	K	B
16	16	11.593999862670898	5.1620001792907715	15.385000228881836	10.678000450134277	3.9200000762939453	15.119999885559082	T	P
17	17	10.07699966430664	8.656000137329102	14.859999656677246	10.706000328063965	9.75	13.984000205993652	C	P
18	18	6.435999870300293	9.552000045776367	14.567000389099121	5.686999797821045	10.569999694824219	15.336999893188477	S	P
19	19	4.791999816894531	9.427000045776367	11.112000465393066	3.2990000247955322	8.972000122070312	11.03499984741211	P	N
20	20	5.75	12.274999618530273	8.807999610900879	5.75	12.274999618530273	8.807999610900879	G	G
21	21	8.802000045776367	13.255000114440918	10.857000350952148	9.081999778747559	12.887999534606934	12.29699993133545	E	A
22	22	11.699000358581543	13.38700008392334	8.378999710083008	11.491000175476074	14.079999923706055	7.013999938964844	S	P
23	23	14.48799991607666	14.854999542236328	10.510000228881836	14.364999771118164	16.35099983215332	10.95300006866455	S	P
24	24	16.961999893188477	13.756999969482422	13.147000312805176	17.927000045776367	12.607999801635742	12.880000114440918	C	P
25	25	19.05299949645996	16.033000946044922	15.347000122070312	18.240999221801758	17.10099983215332	16.113000869750977	Y	P
26	26	22.381999969482422	16.198999404907227	17.089000701904297	23.570999145507812	15.76200008392334	16.222000122070312	H	B
27	27	22.649999618530273	18.854999542236328	19.86199951171875	21.474000930786133	18.954999923706055	20.865999221801758	K	B
28	28	25.79599952697754	19.621000289916992	21.74799919128418	26.992000579833984	19.54800033569336	20.795000076293945	Q	P
29	29	26.570999145507812	21.916000366210938	24.635000228881836	25.288999557495117	22.51300048828125	25.145000457763672	T	N
30	30	28.742000579833984	22.179000854492188	27.72800064086914	30.05500030517578	22.969999313354492	27.551000595092773	S	P
31	31	27.784000396728516	22.38599967956543	31.364999771118164	26.464000701904297	21.889999389648438	31.816999435424805	D	A
32	32	29.905000686645508	22.152000427246094	34.5099983215332	29.518999099731445	22.729000091552734	35.882999420166016	F	N
33	33	29.91699981689453	18.29599952697754	34.15299987792969	28.687999725341797	17.406999588012695	34.20000076293945	R	B
34	34	31.385000228881836	18.10700035095215	30.64900016784668	31.385000228881836	18.10700035095215	30.64900016784668	G	G
35	35	30.43600082397461	18.141000747680664	26.985000610351562	31.531999588012695	18.006000518798828	25.8799991607666	T	P
36	36	27.072999954223633	16.643999099731445	26.167999267578125	25.834999084472656	17.101999282836914	27.06800079345703	I	N
37	37	25.687000274658203	15.364999771118164	22.884000778198242	26.55900001525879	14.57699966430664	21.85300064086914	I	N
38	38	21.97800064086914	14.579999923706055	22.702999114990234	21.020999908447266	15.479000091552734	23.5049991607666	E	A
39	39	20.378000259399414	12.90999984741211	19.659000396728516	21.187999725341797	11.713000297546387	19.163000106811523	R	B
40	40	16.788000106811523	12.222000122070312	18.677000045776367	16.788000106811523	12.222000122070312	18.677000045776367	G	G
41	41	13.954000473022461	12.604000091552734	16.222999572753906	12.644000053405762	11.805999755859375	16.34600067138672	C	P
42	42	12.930999755859375	15.963000297546387	14.75100040435791	12.930999755859375	15.963000297546387	14.75100040435791	G	G
43	43	14.67300033569336	19.281999588012695	14.430999755859375	14.803999900817871	19.795000076293945	12.98799991607666	C	P
44	44	14.145000457763672	21.33799934387207	17.562999725341797	14.623000144958496	20.808000564575195	18.898000717163086	P	N
45	45	14.340999603271484	25.1200008392334	17.929000854492188	13.416000366210938	25.961999893188477	18.923999786376953	T	P
46	46	17.836999893188477	26.702999114990234	17.881000518798828	18.66699981689453	27.29599952697754	16.749000549316406	V	N
47	47	18.52400016784668	27.781999588012695	21.48900032043457	18.389999389648438	26.874000549316406	22.68600082397461	K	B
48	48	21.204999923706055	30.246999740600586	22.562999725341797	20.808000564575195	31.482999801635742	23.371999740600586	P	N
49	49	24.562999725341797	28.645000457763672	23.31399917602539	24.562999725341797	28.645000457763672	23.31399917602539	G	G
50	50	23.47599983215332	25.20599937438965	22.016000747680664	22.030000686645508	24.614999771118164	22.240999221801758	I	N
51	51	25.020999908447266	23.820999145507812	18.815000534057617	26.437000274658203	23.33300018310547	18.729999542236328	K	B
52	52	22.302000045776367	22.07900047302246	16.75	20.915000915527344	22.74799919128418	17.04199981689453	L	N
53	53	22.614999771118164	20.082000732421875	13.538999557495117	23.878999710083008	19.218000411987305	13.432000160217285	S	P
54	54	19.54199981689453	18.589000701904297	11.76099967956543	18.260000228881836	19.37700080871582	11.717000007629395	C	P
55	55	19.648000717163086	16.09000015258789	8.895000457763672	20.89900016784668	15.234000205993652	8.975000381469727	C	P
56	56	16.9060001373291	14.342000007629395	6.921999931335449	16.143999099731445	15.340999603271484	6.0279998779296875	E	A
57	57	18.06100082397461	10.774999618530273	6.205999851226807	19.23699951171875	10.722000122070312	5.267000198364258	S	P
58	58	18.055999755859375	7.432000160217285	8.076000213623047	17.966999053955078	6.001999855041504	7.4710001945495605	E	A
59	59	20.275999069213867	7.3470001220703125	11.1850004196167	20.812999725341797	5.947999954223633	11.524999618530273	V	N
60	60	22.020999908447266	10.503000259399414	9.930000305175781	21.288000106811523	11.467000007629395	8.944999694824219	C	P
61	61	22.72599983215332	12.015999794006348	13.369000434875488	21.445999145507812	12.534000396728516	14.116000175476074	N	P
62	62	25.732999801635742	10.03600025177002	14.70300006866455	26.55699920654297	8.970999717712402	14.015999794006348	N	P
63	63	11.0649995803833	7.3520002365112305	9.597999572753906	11.0649995803833	7.3520002365112305	9.597999572753906	X	X
64	64	26.547000885009766	11.215999603271484	15.253000259399414	26.547000885009766	11.215999603271484	15.253000259399414	Z	Z
