Nr	Nidx	CaX	CaY	CaZ	PosX	PosY	PosZ	Let	Type
3	1	17.996999740600586	38.57699966430664	42.79499816894531	17.785999298095703	38.59299850463867	41.27899932861328	V	N
4	2	19.56800079345703	41.80500030517578	44.10900115966797	20.597999572753906	40.92100143432617	47.7869987487793	I	N
5	3	20.308000564575195	43.99599838256836	41.10200119018555	18.62299919128418	43.3650016784668	39.31999969482422	N	P
6	4	19.17799949645996	47.555999755859375	41.90599822998047	16.695999145507812	47.10100173950195	42.1619987487793	T	P
7	5	21.2810001373291	50.599998474121094	42.71200180053711	22.129000027974445	52.469333012898765	39.52133369445801	F	N
8	6	20.09600067138672	50.71799850463867	46.321998596191406	18.70599937438965	52.79499816894531	46.590999603271484	D	A
9	7	20.125999450683594	46.94499969482422	46.82600021362305	20.125999450683594	46.94499969482422	46.82600021362305	G	G
10	8	23.64900016784668	46.415000915527344	45.5620002746582	24.086999893188477	46.345001220703125	44.10900115966797	V	N
11	9	25.065000534057617	49.56700134277344	47.19900131225586	24.464000701904297	50.972999572753906	47.06800079345703	A	N
12	10	23.72599983215332	48.52399826049805	50.582000732421875	21.80699920654297	50.04199981689453	51.270999908447266	D	A
13	11	24.88800048828125	44.902000427246094	50.143001556396484	25.098857062203543	40.76214272635324	49.48271451677595	Y	P
14	12	28.43199920654297	46.02399826049805	49.27799987792969	28.71299934387207	46.34299850463867	46.707000732421875	L	N
15	13	28.83099937438965	48.36600112915039	52.22200012207031	28.34000015258789	52.16699981689453	51.79899978637695	Q	P
16	14	27.59600067138672	45.63800048828125	54.566001892089844	25.822999954223633	44.31999969482422	55.79199981689453	T	P
17	15	29.084999084472656	42.37200164794922	53.250999450683594	25.415856770106725	40.33400017874582	53.61500004359654	Y	P
18	16	32.07699966430664	43.832000732421875	51.37699890136719	32.75359954833984	45.40340042114258	54.4697998046875	H	B
19	17	31.246000289916992	41.624000549316406	48.41899871826172	28.764999389648438	36.81700134277344	51.229000091552734	K	B
20	18	28.790000915527344	41.40599822998047	45.542999267578125	29.642000198364258	42.584999084472656	43.37699890136719	L	N
21	19	25.700000762939453	39.233001708984375	45.95100021362305	24.42300033569336	41.20500183105469	45.39899826049805	P	N
22	20	25.68400001525879	35.71799850463867	44.53200149536133	23.611000061035156	34.47700119018555	45.28799819946289	D	A
23	21	23.98200035095215	36.56800079345703	41.257999420166016	22.597999572753906	38.62799835205078	41.742000579833984	N	P
24	22	27.132999420166016	38.25699996948242	39.91999816894531	25.651428495134628	42.08214242117746	40.42699977329799	Y	P
25	23	29.84600067138672	36.67399978637695	37.77000045776367	28.229999542236328	34.79399871826172	34.744998931884766	I	N
26	24	32.930999755859375	38.270999908447266	36.20899963378906	34.61000061035156	38.18899917602539	38.0890007019043	T	P
27	25	33.33000183105469	38.85100173950195	32.465999603271484	34.448001861572266	43.93899917602539	32.547000885009766	K	B
28	26	35.882999420166016	35.99100112915039	32.292999267578125	37.21200180053711	35.9630012512207	33.07699966430664	S	P
29	27	33.52299880981445	33.63600158691406	34.064998626708984	33.61000061035156	33.869998931884766	37.93899917602539	E	A
30	28	30.643999099731445	34.56700134277344	31.714000701904297	30.04800033569336	35.97700119018555	31.611000061035156	A	N
31	29	32.805999755859375	34.07400131225586	28.628000259399414	35.24800109863281	37.01300048828125	27.79400062561035	Q	P
32	30	33.84199905395508	30.617000579833984	29.82900047302246	34.69599914550781	30.22599983215332	30.979999542236328	A	N
33	31	30.179000854492188	29.645999908447266	30.22599983215332	29.511999130249023	29.792999267578125	32.7239990234375	L	N
34	32	29.41699981689453	30.655000686645508	26.660999298095703	29.41699981689453	30.655000686645508	26.660999298095703	G	G
35	33	28.562000274658203	34.36800003051758	26.827999114990234	28.98466682434082	38.629110972086586	27.80177773369683	T	N
36	34	29.05699920654297	36.03099822998047	23.461999893188477	28.77199935913086	35.21099853515625	22.215999603271484	V	N
37	35	28.621999740600586	39.77000045776367	23.81399917602539	29.683000564575195	40.82600021362305	24.070999145507812	A	N
38	36	27.535999298095703	40.356998443603516	20.243000030517578	28.44099998474121	40.22800064086914	19.0049991607666	S	P
39	37	24.704999923706055	37.79199981689453	20.54800033569336	26.017000198364258	32.130001068115234	18.32900047302246	K	B
40	38	23.187999725341797	39.270999908447266	23.715999603271484	23.187999725341797	39.270999908447266	23.715999603271484	G	G
41	39	22.957000732421875	35.78200149536133	25.204999923706055	24.94499969482422	34.3489990234375	24.493999481201172	N	P
42	40	23.94099998474121	36.12799835205078	28.861000061035156	24.85099983215332	37.229000091552734	31.027000427246094	L	N
43	41	20.551000595092773	35.125	30.243999481201172	19.285999298095703	35.9640007019043	30.218000411987305	A	N
44	42	20.50200080871582	31.961999893188477	28.1560001373291	19.444000244140625	32.66400146484375	25.95599937438965	D	A
45	43	23.944000244140625	30.700000762939453	29.195999145507812	25.18199920654297	31.05900001525879	28.371000289916992	V	N
46	44	24.000999450683594	31.898000717163086	32.790000915527344	25.18600082397461	32.816001892089844	33.04499816894531	A	N
47	45	20.3799991607666	32.22600173950195	33.91899871826172	20.2189998626709	29.916000366210938	33.25699996948242	P	N
48	46	19.815000534057617	34.76100158691406	36.691001892089844	19.815000534057617	34.76100158691406	36.691001892089844	G	G
49	47	23.3439998626709	36.1510009765625	36.47100067138672	24.667999267578125	32.44200134277344	40.323001861572266	K	B
50	48	24.64900016784668	39.680999755859375	35.869998931884766	24.12700080871582	40.854000091552734	36.72700119018555	S	P
51	49	28.226999282836914	40.75899887084961	35.00199890136719	28.95599937438965	39.25899887084961	32.42499923706055	I	N
52	50	30.118999481201172	42.32699966430664	37.91600036621094	30.118999481201172	42.32699966430664	37.91600036621094	G	G
53	51	33.2760009765625	42.39099884033203	39.986000061035156	33.2760009765625	42.39099884033203	39.986000061035156	G	G
54	52	35.88999938964844	43.39799880981445	37.426998138427734	35.430999755859375	41.935001373291016	35.40700149536133	D	A
55	53	38.48400115966797	46.08100128173828	38.04100036621094	41.82099914550781	45.319000244140625	39.797000885009766	I	N
56	54	37.641998291015625	49.44599914550781	36.48400115966797	35.82133356730143	52.57749938964844	35.4259999593099	F	N
57	55	40.766998291015625	51.31700134277344	35.369998931884766	41.439998626708984	51.25899887084961	33.98899841308594	S	P
58	56	39.65399932861328	54.89699935913086	36.05799865722656	39.369998931884766	56.487998962402344	38.005001068115234	N	P
59	57	41.96200180053711	55.95000076293945	33.21699905395508	39.3390007019043	53.0880012512207	28.604000091552734	R	B
60	58	40.15399932861328	59.257999420166016	32.62099838256836	37.12900161743164	58.755001068115234	30.19099998474121	E	A
61	59	40.55500030517578	60.06399917602539	36.305999755859375	40.55500030517578	60.06399917602539	36.305999755859375	G	G
62	60	36.88100051879883	60.91999816894531	36.685001373291016	34.39500045776367	60.60100173950195	31.1200008392334	K	B
63	61	36.47800064086914	59.06399917602539	39.9640007019043	35.02000045776367	57.01300048828125	39.334999084472656	L	N
64	62	38.41600036621094	60.29399871826172	42.9900016784668	36.319000244140625	60.10900115966797	44.14400100708008	P	N
65	63	41.845001220703125	58.75899887084961	43.236000061035156	41.845001220703125	58.75899887084961	43.236000061035156	G	G
66	64	44.00199890136719	57.84600067138672	46.22200012207031	42.404998779296875	57.715999603271484	52.375	K	B
67	65	47.11000061035156	55.737998962402344	46.87799835205078	48.33599853515625	56.14699935913086	47.696998596191406	S	P
68	66	46.01300048828125	52.12099838256836	47.327999114990234	46.01300048828125	52.12099838256836	47.327999114990234	G	G
69	67	42.46900177001953	52.70000076293945	46.13999938964844	39.323001861572266	57.034000396728516	47.47100067138672	R	B
70	68	41.13800048828125	50.23500061035156	43.5620002746582	40.95500183105469	47.90599822998047	42.57600021362305	T	P
71	69	37.82099914550781	50.625	41.709999084472656	36.72155549791124	54.477555168999565	42.592222425672745	T	N
72	70	35.50899887084961	47.83599853515625	40.54600143432617	38.715999603271484	43.40999984741211	42.13800048828125	R	B
73	71	32.250999450683594	47.79899978637695	38.61600112915039	32.85599899291992	47.70500183105469	34.76900100708008	E	A
74	72	29.023000717163086	45.82400131225586	38.36899948120117	28.606000900268555	45.27299880981445	39.71699905395508	A	N
75	73	26.023000717163086	45.8849983215332	36.04899978637695	26.655000686645508	44.87799835205078	33.805999755859375	D	A
76	74	22.729000091552734	47.20000076293945	37.465999603271484	23.732999801635742	47.64500045776367	40.4109992980957	I	N
77	75	19.152000427246094	46.54999923706055	36.36600112915039	18.336999893188477	48.89099884033203	36.987998962402344	N	P
78	76	20.084999084472656	43.66699981689453	34.04800033569336	21.55742835998535	40.98485728672573	31.376428604125977	Y	P
79	77	17.62299919128418	40.86600112915039	33.37099838256836	15.770000457763672	41.83000183105469	34.7599983215332	T	P
80	78	18.07200050354004	39.65599822998047	29.785999298095703	16.82900047302246	38.8489990234375	29.44700050354004	S	P
81	79	19.4060001373291	40.64400100708008	26.3799991607666	19.4060001373291	40.64400100708008	26.3799991607666	G	G
82	80	22.30900001525879	42.91600036621094	25.636999130249023	22.665666898091633	42.60149955749512	21.899166742960613	F	N
83	81	23.909000396728516	44.707000732421875	28.579999923706055	29.226999282836914	44.47999954223633	30.652000427246094	R	B
84	82	22.4950008392334	48.11800003051758	29.437999725341797	21.707000732421875	47.94900131225586	31.844999313354492	N	P
85	83	24.21500015258789	51.40599822998047	30.347999572753906	23.780000686645508	52.65700149536133	29.56999969482422	S	P
86	84	23.78499984741211	51.236000061035156	34.11800003051758	21.253000259399414	51.69300079345703	34.20600128173828	D	A
87	85	26.7189998626709	50.4640007019043	36.38999938964844	27.29199981689453	48.17599868774414	31.795000076293945	R	B
88	86	27.701000213623047	50.724998474121094	40.04399871826172	26.009000778198242	49.94900131225586	43.52299880981445	I	N
89	87	31.309999465942383	51.74100112915039	40.77000045776367	32.111000061035156	52.89500045776367	38.57099914550781	L	N
90	88	32.742000579833984	50.76100158691406	44.15800094604492	32.50785691397531	46.57300022670201	43.7264278956822	Y	P
91	89	36.1510009765625	51.40399932861328	45.698001861572266	36.58599853515625	52.82699966430664	46.06100082397461	S	P
92	90	38.284000396728516	49.34199905395508	48.05799865722656	39.777000427246094	49.07600021362305	47.858001708984375	S	P
93	91	37.28799819946289	51.858001708984375	50.7140007019043	38.34199905395508	54.104000091552734	50.095001220703125	D	A
94	92	33.584999084472656	51.604000091552734	50.04999923706055	33.95444446139865	47.71855545043945	50.51499938964844	T	N
95	93	32.736000061035156	54.75899887084961	48.18000030517578	34.724998474121094	56.43299865722656	48.53300094604492	L	N
96	94	29.868999481201172	54.03499984741211	45.7599983215332	29.59600067138672	51.22800064086914	47.35599899291992	I	N
97	95	29.12700080871582	55.88600158691406	42.52299880981445	31.839571271623885	58.87528555733817	43.548428126743865	Y	P
98	96	26.56999969482422	55.380001068115234	39.79100036621094	20.652999877929688	57.400001525878906	40.13199996948242	K	B
99	97	26.631000518798828	55.867000579833984	36.064998626708984	28.291000366210938	54.22999954223633	35.09000015258789	T	P
100	98	23.618999481201172	55.52199935913086	33.744998931884766	21.916000366210938	55.645999908447266	35.595001220703125	T	P
101	99	25.447999954223633	56.71900177001953	30.638999938964844	26.50200080871582	58.917999267578125	31.410999298095703	D	A
102	100	28.104000091552734	54.11000061035156	29.968000411987305	27.06719970703125	51.562799072265626	27.74020004272461	H	B
103	101	30.777999877929688	55.637001037597656	32.2130012512207	31.481571469988143	51.4178581237793	32.1242858341762	Y	P
104	102	30.617000579833984	59.180999755859375	30.83099937438965	28.84000015258789	59.459999084472656	27.391000747680664	Q	P
105	103	29.43199920654297	60.79100036621094	34.05400085449219	28.6560001373291	62.762001037597656	32.68299865722656	T	P
106	104	29.22800064086914	59.63399887084961	37.64699935913086	31.92050043741862	57.31683349609375	36.33316739400228	F	N
107	105	27.361000061035156	60.72700119018555	40.75199890136719	25.763999938964844	62.1619987487793	39.46699905395508	T	P
108	106	27.923999786376953	59.5989990234375	44.3489990234375	30.746999740600586	59.20500183105469	49.066001892089844	K	B
109	107	25.208999633789062	57.44499969482422	45.91299819946289	24.459999084472656	53.99300003051758	44.15999984741211	I	N
110	108	27.033000946044922	56.297000885009766	49.06100082397461	22.43899917602539	53.680999755859375	49.180999755859375	R	B
