Nr	Nidx	CaX	CaY	CaZ	PosX	PosY	PosZ	Let	Type
1	1	31.718000411987305	13.291999816894531	-12.187999725341797	26.660999298095703	13.086999893188477	-13.72700023651123	R	B
2	2	34.97600173950195	13.366999626159668	-9.84000015258789	34.05799865722656	15.390999794006348	-8.737000465393066	P	N
3	3	36.39500045776367	9.970999717712402	-9.48900032043457	38.72600173950195	10.45300006866455	-8.656000137329102	D	A
4	4	35.54600143432617	9.854000091552734	-5.800000190734863	35.090000788370766	13.417166550954184	-4.64900000890096	F	N
5	5	31.773000717163086	10.208000183105469	-6.681000232696533	31.45599937438965	12.942000389099121	-7.124000072479248	C	P
6	6	32.05699920654297	6.763000011444092	-8.279000282287598	32.80500030517578	7.521999835968018	-10.586000442504883	L	N
7	7	33.50299835205078	5.118000030517578	-5.110000133514404	35.176998138427734	7.645999908447266	-2.7039999961853027	E	A
8	8	31.202999114990234	3.0869998931884766	-2.888000011444092	32.92100143432617	1.315999984741211	-3.0940001010894775	P	N
9	9	30.040000915527344	4.583000183105469	0.3240000009536743	27.884000778198242	3.497999906539917	-0.21799999475479126	P	N
10	10	32.22100067138672	3.7060000896453857	3.2709999084472656	35.9355719430106	2.748571446963719	4.950285741261074	Y	P
11	11	30.70800018310547	2.8919999599456787	6.620999813079834	29.56800079345703	1.5529999732971191	8.428000450134277	T	P
12	12	34.150001525878906	2.3410000801086426	8.104999542236328	34.150001525878906	2.3410000801086426	8.104999542236328	G	G
13	13	35.2140007019043	0.4729999899864197	11.25100040435791	37.24599838256836	1.8680000305175781	11.062000274658203	P	N
14	14	33.45000076293945	2.556999921798706	13.906000137329102	35.43199920654297	4.427000045776367	14.565999984741211	C	P
15	15	30.059999465942383	1.5190000534057617	15.28600025177002	31.62299919128418	-2.859999895095825	13.076000213623047	K	B
16	16	27.982999801635742	4.795000076293945	15.218999862670898	28.445999145507812	6.248000144958496	15.003000259399414	A	N
17	17	24.937000274658203	4.892000198364258	12.960000038146973	21.86400032043457	-0.5189999938011169	13.895999908447266	R	B
18	18	25.15999984741211	8.307000160217285	11.397000312805176	28.393999099731445	9.720999717712402	12.965999603271484	I	N
19	19	22.916000366210938	8.758999824523926	8.371999740600586	21.270999908447266	6.4770002365112305	9.138999938964844	I	N
20	20	24.780000686645508	10.454999923706055	5.493000030517578	28.749000549316406	12.756999969482422	8.661999702453613	R	B
21	21	24.2549991607666	10.95300006866455	1.7549999952316284	20.494428634643555	12.729571342468262	1.5437142636094774	Y	P
22	22	26.406999588012695	9.350000381469727	-0.9330000281333923	25.34583282470703	5.772499958674113	-1.615500013033549	F	N
23	23	26.222000122070312	9.654999732971191	-4.7230000495910645	26.05271421160017	10.803000177655901	-8.718428407396589	Y	P
24	24	24.98699951171875	6.376999855041504	-6.164999961853027	23.423999786376953	4.415999889373779	-6.460000038146973	N	P
25	25	26.523000717163086	6.696000099182129	-9.645000457763672	28.023000717163086	6.705999851226807	-9.967000007629395	A	N
26	26	24.589000701904297	3.609999895095825	-10.998000144958496	22.864999771118164	-2.492000102996826	-10.595999717712402	K	B
27	27	21.261999130249023	5.35699987411499	-10.069999694824219	20.711999893188477	5.302000045776367	-8.625	A	N
28	28	22.441999435424805	8.873000144958496	-10.836999893188477	22.441999435424805	8.873000144958496	-10.836999893188477	G	G
29	29	21.0	9.960000038146973	-7.381999969482422	18.719999313354492	9.218999862670898	-8.192000389099121	L	N
30	30	22.256999969482422	10.927000045776367	-3.9210000038146973	23.777000427246094	13.225000381469727	-4.311999797821045	C	P
31	31	20.961999893188477	8.416999816894531	-1.4160000085830688	20.16200065612793	5.732999801635742	-4.052000045776367	Q	P
32	32	21.347999572753906	7.625999927520752	2.2939999103546143	19.448999404907227	8.994000434875488	3.2799999713897705	T	P
33	33	23.83799934387207	5.24399995803833	3.8570001125335693	27.393499692281086	6.503499984741211	3.6063334147135415	F	N
34	34	24.979999542236328	4.5289998054504395	7.385000228881836	24.441999435424805	3.3519999980926514	8.201000213623047	V	N
35	35	28.375	5.995999813079834	8.395999908447266	31.565143040248326	8.607285703931536	9.093428475516182	Y	P
36	36	30.1299991607666	4.420000076293945	11.35200023651123	30.1299991607666	4.420000076293945	11.35200023651123	G	G
37	37	31.552000045776367	7.7270002365112305	12.677000045776367	31.552000045776367	7.7270002365112305	12.677000045776367	G	G
38	38	35.28200149536133	7.501999855041504	11.824000358581543	36.284000396728516	5.103000164031982	12.857000350952148	C	P
39	39	37.59400177001953	7.449999809265137	8.817000389099121	42.0099983215332	4.190999984741211	11.873000144958496	R	B
40	40	35.12699890136719	8.956999778747559	6.406000137329102	34.393001556396484	10.288000106811523	6.625999927520752	A	N
41	41	35.847999572753906	8.913000106811523	2.6689999103546143	38.81399917602539	4.432000160217285	2.444999933242798	K	B
42	42	35.005001068115234	11.760000228881836	0.2879999876022339	38.04399871826172	15.130999565124512	-3.1549999713897705	R	B
43	43	31.591999053955078	10.281999588012695	-1.062999963760376	30.166000366210938	9.118000030517578	-2.7660000324249268	N	P
44	44	29.990999221801758	11.142000198364258	2.2880001068115234	30.447999954223633	10.600000381469727	4.728000164031982	N	P
45	45	27.750999450683594	14.253999710083008	2.5899999141693115	29.054333686828613	14.458500067392984	-0.9321666409571966	F	N
46	46	25.7549991607666	15.75100040435791	5.418000221252441	29.75200080871582	17.64299964904785	9.95199966430664	K	B
47	47	23.06999969482422	16.999000549316406	2.9809999465942383	22.81999969482422	18.507999420166016	3.0320000648498535	S	P
48	48	21.514999389648438	16.097999572753906	-0.3930000066757202	19.996999740600586	15.96500015258789	-0.6259999871253967	A	N
49	49	22.472999572753906	19.57699966430664	-1.649999976158142	19.77899932861328	20.336999893188477	-0.0949999988079071	E	A
50	50	26.1200008392334	19.076000213623047	-0.7429999709129333	26.638999938964844	19.916000366210938	1.590000033378601	D	A
51	51	26.049999237060547	15.720000267028809	-2.5510001182556152	25.340999603271484	13.057000160217285	-3.0439999103546143	C	P
52	52	24.364999771118164	17.118000030517578	-5.651000022888184	20.68400001525879	16.77199935913086	-8.038000106811523	M	N
53	53	26.701000213623047	20.07900047302246	-5.935999870300293	26.413999557495117	23.108999252319336	-1.8639999628067017	R	B
54	54	29.804000854492188	17.916000366210938	-5.7170000076293945	31.759000778198242	16.781999588012695	-4.585000038146973	T	P
55	55	28.649999618530273	14.779999732971191	-7.571000099182129	30.06100082397461	13.220999717712402	-5.710999965667725	C	P
56	56	25.572999954223633	15.468000411987305	-9.642999649047852	25.572999954223633	15.468000411987305	-9.642999649047852	G	G
57	57	27.42099952697754	16.841999053955078	-12.73900032043457	27.42099952697754	16.841999053955078	-12.73900032043457	G	G
58	58	27.05699920654297	19.95800018310547	-14.967000007629395	27.43600082397461	19.989999771118164	-16.46299934387207	A	N
