Nr	Nidx	CaX	CaY	CaZ	PosX	PosY	PosZ	Let	Type
1	1	-7.610000133514404	-12.373000144958496	-9.734999656677246	-8.519000053405762	-12.119000434875488	-10.9399995803833	K	B
2	2	-8.291000366210938	-9.3149995803833	-7.550000190734863	-7.5	-7.98799991607666	-7.686999797821045	V	N
3	3	-11.939000129699707	-9.321000099182129	-6.3460001945495605	-12.46399974822998	-10.065999984741211	-5.113999843597412	S	P
4	4	-11.859999656677246	-5.557000160217285	-6.061999797821045	-11.859999656677246	-5.557000160217285	-6.061999797821045	G	G
5	5	-10.36299991607666	-2.5329999923706055	-4.3420000076293945	-10.093999862670898	-1.187000036239624	-5.01200008392334	T	P
6	6	-11.413999557495117	-2.1110000610351562	-0.703000009059906	-11.541999816894531	-3.430999994277954	0.0949999988079071	V	N
7	7	-11.12600040435791	0.8199999928474426	1.7289999723434448	-12.265000343322754	1.7450000047683716	2.1589999198913574	C	P
8	8	-8.87600040435791	0.24400000274181366	4.734000205993652	-7.60699987411499	1.027999997138977	5.081999778747559	L	N
9	9	-11.66100025177002	1.6469999551773071	6.995999813079834	-12.326000213623047	3.0139999389648438	6.8470001220703125	S	P
10	10	-13.866999626159668	-1.3389999866485596	6.043000221252441	-14.39900016784668	-1.5240000486373901	4.629000186920166	A	N
11	11	-11.317999839782715	-3.927000045776367	7.124000072479248	-9.899999618530273	-4.01200008392334	6.513000011444092	L	N
12	12	-10.960000038146973	-5.367000102996826	10.614999771118164	-10.520999908447266	-6.828000068664551	10.807000160217285	P	N
13	13	-9.012999534606934	-3.009000062942505	12.961000442504883	-9.53499984741211	-2.7760000228881836	14.402000427246094	P	N
14	14	-6.216000080108643	-5.571000099182129	13.01200008392334	-6.329999923706055	-7.064000129699707	13.338000297546387	E	A
15	15	-5.49399995803833	-4.868000030517578	9.28600025177002	-6.442999839782715	-4.931000232696533	8.098999977111816	A	N
16	16	-4.631999969482422	-1.281000018119812	10.192000389099121	-5.60099983215332	-0.2639999985694885	10.831000328063965	T	P
17	17	-2.3259999752044678	-2.575000047683716	12.925000190734863	-2.799999952316284	-3.3910000324249268	14.126999855041504	K	B
18	18	-0.5929999947547913	-4.869999885559082	10.446999549865723	-1.2359999418258667	-6.052000045776367	9.699000358581543	T	P
19	19	-0.09799999743700027	-2.068000078201294	7.946000099182129	-1.1380000114440918	-1.1990000009536743	7.257999897003174	L	N
20	20	1.496999979019165	0.04699999839067459	10.61400032043457	0.8450000286102295	0.6510000228881836	11.845999717712402	N	P
21	21	3.8519999980926514	-2.822000026702881	11.468000411987305	3.5429999828338623	-4.189000129699707	12.062999725341797	L	N
22	22	4.739999771118164	-3.135999917984009	7.775000095367432	3.7690000534057617	-3.4189999103546143	6.636000156402588	I	N
23	23	5.355999946594238	0.6209999918937683	7.7270002365112305	4.335000038146973	1.7009999752044678	8.074999809265137	A	N
24	24	7.730999946594238	0.45899999141693115	10.706999778747559	7.269000053405762	0.5740000009536743	12.15999984741211	S	P
25	25	9.380000114440918	-2.742000102996826	9.461999893188477	10.77299976348877	-2.3410000801086426	8.95199966430664	K	B
26	26	8.154999732971191	-4.553999900817871	12.611000061035156	8.154999732971191	-4.553999900817871	12.611000061035156	G	G
27	27	8.569999694824219	-5.8979997634887695	15.03499984741211	9.090999603271484	-6.184000015258789	16.445999145507812	P	N
28	28	6.216000080108643	-8.696999549865723	14.013999938964844	6.4079999923706055	-9.293000221252441	12.616999626159668	F	N
29	29	4.420000076293945	-11.217000007629395	16.190000534057617	2.8889999389648438	-11.133000373840332	16.284000396728516	P	N
30	30	5.09499979019165	-14.239999771118164	13.954999923706055	3.822000026702881	-14.73900032043457	13.263999938964844	Y	P
31	31	8.086999893188477	-15.607000350952148	12.11400032043457	9.015999794006348	-16.716999053955078	12.602999687194824	S	P
32	32	5.943999767303467	-16.03499984741211	9.038999557495117	4.741000175476074	-16.948999404907227	8.887999534606934	Q	P
33	33	5.506999969482422	-12.251999855041504	8.954000473022461	5.216000080108643	-11.375	10.187000274658203	D	A
34	34	7.495999813079834	-10.805999755859375	6.015999794006348	7.495999813079834	-10.805999755859375	6.015999794006348	G	G
35	35	8.21399974822998	-14.152999877929688	4.386000156402588	7.840000152587891	-15.579000473022461	4.872000217437744	V	N
36	36	8.133000373840332	-14.095999717712402	0.5770000219345093	9.23900032043457	-14.572999954223633	-0.3790000081062317	V	N
37	37	4.689000129699707	-14.923999786376953	-0.8500000238418579	3.4549999237060547	-14.005000114440918	-0.7519999742507935	F	N
38	38	5.454999923706055	-17.305999755859375	-3.674999952316284	5.974999904632568	-18.732999801635742	-3.4539999961853027	Q	P
39	39	2.0179998874664307	-16.649999618530273	-5.2220001220703125	2.2070000171661377	-15.378999710083008	-6.068999767303467	N	P
40	40	1.6660000085830688	-20.292999267578125	-6.335000038146973	1.7089999914169312	-21.51799964904785	-5.420000076293945	R	B
41	41	-1.8680000305175781	-20.010000228881836	-7.784999847412109	-3.1059999465942383	-20.225000381469727	-6.916999816894531	K	B
42	42	-1.3459999561309814	-16.864999771118164	-9.857000350952148	-1.3619999885559082	-17.381000518798828	-11.300999641418457	S	P
43	43	-4.165999889373779	-15.107000350952148	-7.988999843597412	-4.769000053405762	-15.447999954223633	-6.61299991607666	V	N
44	44	-1.9950000047683716	-12.005000114440918	-8.001999855041504	-1.2350000143051147	-11.479000091552734	-6.781000137329102	L	N
45	45	-0.13600000739097595	-10.734999656677246	-11.107000350952148	-0.11400000005960464	-9.223999977111816	-11.319000244140625	P	N
46	46	2.9590001106262207	-12.866000175476074	-11.690999984741211	3.068000078201294	-13.96500015258789	-12.784000396728516	T	P
47	47	6.413000106811523	-11.555999755859375	-10.567000389099121	6.120999813079834	-10.437999725341797	-9.548999786376953	Q	P
48	48	9.913000106811523	-12.76200008392334	-9.604999542236328	11.246999740600586	-12.08899974822998	-9.9399995803833	S	P
49	49	10.581999778747559	-14.498000144958496	-6.297999858856201	11.60200023651123	-15.604000091552734	-6.044000148773193	Y	P
50	50	10.319999694824219	-11.677000045776367	-3.7929999828338623	10.319999694824219	-11.677000045776367	-3.7929999828338623	G	G
51	51	7.953000068664551	-9.187999725341797	-5.425000190734863	7.361999988555908	-9.256999969482422	-6.833000183105469	Y	P
52	52	5.377999782562256	-10.26099967956543	-2.813999891281128	4.2210001945495605	-11.151000022888184	-3.2230000495910645	Y	P
53	53	5.511000156402588	-10.717000007629395	0.949999988079071	6.447999954223633	-9.824999809265137	1.7519999742507935	H	B
54	54	2.9000000953674316	-11.916000366210938	3.4830000400543213	2.378999948501587	-13.347000122070312	3.309000015258789	E	A
55	55	1.9320000410079956	-10.668999671936035	6.997000217437744	2.0	-9.130999565124512	7.059000015258789	Y	P
56	56	-0.4749999940395355	-11.91100025177002	9.704000473022461	-0.08399999886751175	-12.579999923706055	10.996000289916992	T	P
57	57	-3.615999937057495	-9.947999954223633	10.331999778747559	-4.659999847412109	-9.468000411987305	9.305999755859375	V	N
58	58	-4.451000213623047	-11.218999862670898	13.829000473022461	-3.931999921798706	-10.637999534606934	15.140999794006348	I	N
59	59	-7.86299991607666	-12.807999610900879	14.390999794006348	-8.375	-14.128999710083008	13.718999862670898	T	P
60	60	-8.645999908447266	-11.793000221252441	18.041000366210938	-9.642000198364258	-10.661999702453613	18.339000701904297	P	N
61	61	-8.909000396728516	-14.789999961853027	20.381999969482422	-8.909000396728516	-14.789999961853027	20.381999969482422	G	G
62	62	-7.952000141143799	-17.415000915527344	17.757999420166016	-7.705999851226807	-17.17099952697754	16.26300048828125	A	N
63	63	-5.751999855041504	-20.37700080871582	18.80699920654297	-6.239999771118164	-21.75	19.339000701904297	R	B
64	64	-3.868000030517578	-20.121000289916992	15.468999862670898	-4.296000003814697	-21.08799934387207	14.347000122070312	T	P
65	65	-2.688999891281128	-17.40399932861328	13.095000267028809	-1.409000039100647	-17.382999420166016	12.246000289916992	R	B
66	66	-6.085999965667725	-17.832000732421875	11.418999671936035	-6.085999965667725	-17.832000732421875	11.418999671936035	G	G
67	67	-6.841000080108643	-16.992000579833984	7.788000106811523	-8.142999649047852	-17.634000778198242	7.2870001792907715	T	P
68	68	-6.375999927520752	-13.190999984741211	7.493000030517578	-7.104000091552734	-12.246999740600586	8.463000297546387	R	B
69	69	-3.253999948501587	-11.781999588012695	5.807000160217285	-2.690000057220459	-12.894000053405762	4.9079999923706055	R	B
70	70	-1.9390000104904175	-8.737000465393066	3.9549999237060547	-1.7230000495910645	-7.339000225067139	4.630000114440918	I	N
71	71	0.3889999985694885	-9.432000160217285	0.9670000076293945	-0.03200000151991844	-10.286999702453613	-0.257999986410141	I	N
72	72	2.5899999141693115	-6.464000225067139	0.014000000432133675	3.7209999561309814	-5.8520002365112305	0.8360000252723694	T	P
73	73	3.688999891281128	-5.764999866485596	-3.575000047683716	3.688999891281128	-5.764999866485596	-3.575000047683716	G	G
74	74	6.60099983215332	-3.5929999351501465	-4.685999870300293	7.697999954223633	-4.074999809265137	-5.642000198364258	K	B
75	75	4.53000020980835	-0.6959999799728394	-6.065000057220459	3.36899995803833	-0.8529999852180481	-7.052000045776367	A	N
76	76	3.696000099182129	2.3429999351501465	-3.940000057220459	3.822999954223633	3.7960000038146973	-4.419000148773193	T	P
77	77	0.6809999942779541	1.4819999933242798	-1.812000036239624	-0.27399998903274536	2.678999900817871	-1.9140000343322754	Q	P
78	78	0.37400001287460327	-1.9700000286102295	-3.4719998836517334	1.2769999504089355	-2.5250000953674316	-4.590000152587891	E	A
79	79	-1.090999960899353	-4.0960001945495605	-0.6959999799728394	-1.090999960899353	-3.3320000171661377	0.6370000243186951	D	A
80	80	-3.7760000228881836	-6.775000095367432	-0.7799999713897705	-3.6410000324249268	-7.835000038146973	-1.8830000162124634	Y	P
81	81	-6.045000076293945	-8.140000343322754	1.937000036239624	-7.150000095367432	-7.291999816894531	2.5810000896453857	Y	P
82	82	-7.229000091552734	-11.76099967956543	2.177999973297119	-6.38700008392334	-12.911999702453613	1.5180000066757202	T	P
83	83	-9.682999610900879	-12.996999740600586	4.8420000076293945	-9.682999610900879	-12.996999740600586	4.8420000076293945	G	G
84	84	-9.847999572753906	-16.552000045776367	3.4670000076293945	-10.984999656677246	-16.638999938964844	2.437000036239624	D	A
85	85	-6.296999931335449	-17.856000900268555	3.2829999923706055	-6.545000076293945	-19.256999969482422	3.8420000076293945	H	B
86	86	-5.021999835968018	-16.577999114990234	-0.05999999865889549	-3.634999990463257	-17.268999099731445	-0.08900000154972076	Y	P
87	87	-8.140999794006348	-17.72599983215332	-1.9329999685287476	-9.359999656677246	-18.39900016784668	-1.2940000295639038	A	N
88	88	-9.35200023651123	-14.218999862670898	-2.7109999656677246	-10.87399959564209	-13.972000122070312	-2.6989998817443848	T	P
89	89	-7.635000228881836	-10.833999633789062	-2.569000005722046	-6.26200008392334	-10.8100004196167	-3.2300000190734863	F	N
90	90	-8.800999641418457	-7.203999996185303	-2.437000036239624	-9.920999526977539	-6.741000175476074	-1.4919999837875366	S	P
91	91	-6.442999839782715	-4.290999889373779	-3.2119998931884766	-6.283999919891357	-3.5920000076293945	-4.576000213623047	L	N
92	92	-6.316999912261963	-2.0510001182556152	-0.14300000667572021	-5.440000057220459	-2.3380000591278076	1.0950000286102295	I	N
93	93	-6.997000217437744	1.6770000457763672	-0.4830000102519989	-8.25100040435791	2.1710000038146973	-1.2339999675750732	D	A
94	94	-5.478000164031982	3.4140000343322754	2.5329999923706055	-3.9700000286102295	3.3529999256134033	2.8299999237060547	Q	P
95	95	-7.076000213623047	6.745999813079834	1.559000015258789	-6.859000205993652	7.4079999923706055	0.1809999942779541	T	P
96	96	-10.616999626159668	5.73799991607666	2.5260000228881836	-11.508000373840332	5.5960001945495605	1.2769999504089355	C	P
97	97	-7.565999984741211	-13.829999923706055	-9.416000366210938	-7.565999984741211	-13.829999923706055	-9.416000366210938	X	X
98	98	-11.005999565124512	4.7179999351501465	3.5889999866485596	-11.005999565124512	4.7179999351501465	3.5889999866485596	Z	Z
