Nr	Nidx	CaX	CaY	CaZ	PosX	PosY	PosZ	Let	Type
1	1	3.2190001010894775	-7.853000164031982	-18.648000717163086	4.302999973297119	-6.823999881744385	-18.292999267578125	A	N
2	2	3.2950000762939453	-9.677000045776367	-15.279000282287598	4.479000091552734	-9.366999626159668	-14.359000205993652	V	N
3	3	0.1459999978542328	-10.734999656677246	-13.387999534606934	-1.7389999628067017	-12.581000328063965	-13.609000205993652	T	P
4	4	0.49799999594688416	-10.519000053405762	-9.604000091552734	4.445333295398289	-9.435111045837402	-8.666666507720947	T	N
5	5	-2.4210000038146973	-12.538999557495117	-8.258000373840332	-4.460999965667725	-13.894000053405762	-8.949000358581543	T	P
6	6	-3.36899995803833	-12.817999839782715	-4.578000068664551	-1.5850000381469727	-11.482000350952148	-2.933000087738037	C	P
7	7	-5.9039998054504395	-14.920000076293945	-2.6549999713897705	-5.4029998779296875	-16.9950008392334	-4.001999855041504	L	N
8	8	-7.833000183105469	-12.819999694824219	-0.12399999797344208	-6.605000019073486	-10.576000213623047	-0.15700000524520874	N	P
9	9	-10.654000282287598	-14.097000122070312	2.052999973297119	-11.342000007629395	-15.97700023651123	3.6589999198913574	D	A
10	10	-13.755999565124512	-11.947999954223633	1.5199999809265137	-13.418000221252441	-9.958999633789062	-1.784999966621399	Q	P
11	11	-16.584999084472656	-12.184000015258789	4.061999797821045	-18.663000106811523	-8.765999794006348	7.921000003814697	K	B
12	12	-19.46500015258789	-11.989999771118164	1.625	-20.367000579833984	-12.505000114440918	-0.652999997138977	N	P
13	13	-22.409000396728516	-10.335000038146973	3.515000104904175	-22.052000045776367	-8.427000045776367	2.0810000896453857	P	N
14	14	-24.957000732421875	-12.194000244140625	1.319000005722046	-28.788999557495117	-12.611000061035156	-3.2809998989105225	K	B
15	15	-23.65999984741211	-15.61299991607666	2.3949999809265137	-23.40399932861328	-16.559999465942383	0.04699999839067459	T	P
16	16	-22.118999481201172	-14.232000350952148	5.671999931335449	-22.976999282836914	-13.185999870300293	7.775000095367432	N	P
17	17	-19.214000701904297	-16.52899932861328	4.7230000495910645	-20.111000061035156	-22.21299934387207	4.066999912261963	K	B
18	18	-15.531999588012695	-16.121000289916992	3.8970000743865967	-13.508857318333217	-13.47714274270194	6.400285720825195	Y	P
19	19	-14.583000183105469	-16.882999420166016	0.28700000047683716	-18.04199981689453	-16.23200035095215	-1.437000036239624	E	A
20	20	-11.093000411987305	-17.003000259399414	-1.2369999885559082	-8.704999923706055	-17.893999099731445	-1.1759999990463257	T	P
21	21	-11.187999725341797	-14.762999534606934	-4.295000076293945	-14.777000427246094	-14.168999671936035	-6.4710001945495605	K	B
22	22	-8.291999816894531	-14.300000190734863	-6.755000114440918	-9.72599983215332	-19.961000442504883	-8.571000099182129	R	B
23	23	-7.2220001220703125	-10.652000427246094	-6.809999942779541	-8.112000465393066	-8.751999855041504	-5.433000087738037	L	N
24	24	-5.289999961853027	-10.321000099182129	-10.069999694824219	-5.236999988555908	-10.574000358581543	-12.722999572753906	L	N
25	25	-3.1040000915527344	-7.223999977111816	-10.3149995803833	-4.62728568485805	-5.708571365901402	-6.802571501050677	Y	P
26	26	-1.1519999504089355	-5.978000164031982	-13.291000366210938	-1.4179999828338623	-5.828000068664551	-15.767999649047852	N	P
27	27	2.4700000286102295	-5.2129998207092285	-12.277999877929688	6.261000156402588	-6.0370001792907715	-12.800999641418457	Q	P
28	28	2.502000093460083	-2.51200008392334	-14.998000144958496	1.815000057220459	-1.2949999570846558	-17.12700080871582	N	P
29	29	-0.15800000727176666	-0.765999972820282	-12.890000343322754	-2.3559999465942383	-1.2339999675750732	-17.582000732421875	K	B
30	30	1.6670000553131104	-1.3949999809265137	-9.581999778747559	1.9459999799728394	-2.7950000762939453	-9.053999900817871	A	N
31	31	5.080999851226807	-0.27900001406669617	-10.991000175476074	6.0269999504089355	-0.3619999885559082	-14.413999557495117	E	A
32	32	3.1019999980926514	2.6480000019073486	-12.571000099182129	2.0369999408721924	2.4820001125335693	-13.651000022888184	S	P
33	33	1.065999984741211	3.7179999351501465	-9.493000030517578	-1.3250000476837158	3.260999917984009	-8.829999923706055	N	P
34	34	4.303999900817871	3.5929999351501465	-7.513000011444092	5.10099983215332	2.325000047683716	-7.182000160217285	S	P
35	35	5.920000076293945	5.692999839782715	-10.303000450134277	8.212600040435792	3.130200004577637	-11.443999862670898	H	B
36	36	3.2890000343322754	8.40999984741211	-9.711000442504883	1.1160000205039977	9.451599884033204	-12.303999900817871	H	B
37	37	3.0739998817443848	8.720000267028809	-5.913000106811523	2.677999973297119	7.547999858856201	-5.015999794006348	A	N
38	38	5.745999813079834	10.822999954223633	-4.0960001945495605	3.9059998989105225	11.944999694824219	-2.993000030517578	P	N
39	39	8.515999794006348	9.020999908447266	-2.2239999771118164	9.746000289916992	7.690999984741211	-3.9719998836517334	L	N
40	40	7.702000141143799	9.984000205993652	1.3519999980926514	7.315999984741211	11.475000381469727	1.2979999780654907	S	P
41	41	6.584000110626221	7.86299991607666	4.296000003814697	6.8480000495910645	6.866000175476074	6.635000228881836	D	A
42	42	3.2790000438690186	9.277999877929688	5.5970001220703125	3.2790000438690186	9.277999877929688	5.5970001220703125	G	G
43	43	3.4549999237060547	12.718999862670898	3.9600000381469727	7.377999782562256	16.482999801635742	3.4100000858306885	K	B
44	44	0.4090000092983246	12.809000015258789	1.718999981880188	0.24799999594688416	12.420000076293945	-0.7720000147819519	T	P
45	45	-3.3580000400543213	13.092000007629395	2.0369999408721924	-3.3580000400543213	13.092000007629395	2.0369999408721924	G	G
46	46	-4.184000015258789	9.404999732971191	2.509999990463257	-4.547999858856201	8.449999809265137	1.3760000467300415	S	P
47	47	-0.652999997138977	9.190999984741211	4.123000144958496	-0.8220000267028809	8.348999977111816	5.401000022888184	S	P
48	48	0.34700000286102295	6.86299991607666	1.2669999599456787	-2.5947142924581255	4.144714253289359	2.5109999861036028	Y	P
49	49	2.8550000190734863	5.8429999351501465	0.23800000548362732	4.2789998054504395	6.770999908447266	-1.4509999752044678	P	N
50	50	3.430999994277954	4.769999980926514	3.803999900817871	1.5172000169754027	1.862600028514862	4.783599901199341	H	B
51	51	6.544000148773193	2.944999933242798	4.978000164031982	8.693555619981554	1.5498888625038996	8.466111130184597	T	N
52	52	6.178999900817871	-0.7839999794960022	4.946000099182129	5.328666607538859	-4.266999999682109	3.8123333056767783	F	N
53	53	7.4730000495910645	-2.1059999465942383	8.239999771118164	5.961999893188477	-1.0989999771118164	10.02400016784668	T	P
54	54	7.822999954223633	-5.418000221252441	6.295000076293945	9.390999794006348	-6.460999965667725	4.577000141143799	N	P
55	55	7.9019999504089355	-6.934999942779541	9.78600025177002	7.9019999504089355	-6.934999942779541	9.78600025177002	G	G
56	56	10.78600025177002	-4.539999961853027	10.77299976348877	13.108999933515276	-5.780428613935198	7.52414287839617	Y	P
57	57	10.416999816894531	-1.9769999980926514	13.579000473022461	10.0649995803833	-2.5769999027252197	16.017000198364258	D	A
58	58	12.043999671936035	0.8149999976158142	11.517000198364258	12.043999671936035	0.8149999976158142	11.517000198364258	G	G
59	59	15.741999626159668	-0.019999999552965164	11.78600025177002	17.319000244140625	0.7979999780654907	13.638999938964844	D	A
60	60	16.277000427246094	-3.6630001068115234	10.71399974822998	16.277000427246094	-3.6630001068115234	10.71399974822998	G	G
61	61	15.204999923706055	-5.736000061035156	13.715999603271484	20.565000534057617	-4.8520002365112305	14.690999984741211	K	B
62	62	11.732999801635742	-7.244999885559082	13.866000175476074	11.836999893188477	-8.189000129699707	11.473999977111816	L	N
63	63	9.293000221252441	-7.394000053405762	16.87299919128418	7.622000217437744	-6.521999835968018	15.340999603271484	P	N
64	64	7.822999954223633	-10.545999526977539	18.493999481201172	8.878999710083008	-14.27400016784668	21.959999084472656	K	B
65	65	7.367000102996826	-13.010000228881836	15.619999885559082	7.367000102996826	-13.010000228881836	15.619999885559082	G	G
66	66	9.755000114440918	-11.916999816894531	12.866999626159668	15.482999801635742	-11.96500015258789	15.039999961853027	R	B
67	67	7.947000026702881	-12.442000389099121	9.553999900817871	5.468999862670898	-11.87399959564209	10.123000144958496	T	P
68	68	9.545000076293945	-10.135000228881836	6.919000148773193	11.697999954223633	-10.819000244140625	7.801000118255615	P	N
69	69	7.960999965667725	-10.76099967956543	3.509000062942505	4.331999778747559	-9.458000183105469	2.940999984741211	I	N
70	70	10.805999755859375	-12.335000038146973	1.559999942779541	15.0649995803833	-16.756000518798828	1.2940000295639038	K	B
71	71	10.70300006866455	-11.015999794006348	-2.009000062942505	8.859166701634726	-7.953333298365275	-0.7594999941065907	F	N
72	72	14.081000328063965	-12.494999885559082	-3.0399999618530273	14.081000328063965	-12.494999885559082	-3.0399999618530273	G	G
73	73	16.06100082397461	-9.223999977111816	-3.055999994277954	16.097999572753906	-6.2779998779296875	-7.769000053405762	K	B
74	74	18.934999465942383	-8.010000228881836	-0.8809999823570251	20.39900016784668	-8.04800033569336	-1.312999963760376	S	P
75	75	17.7189998626709	-4.36299991607666	-0.8050000071525574	19.142000198364258	-2.9830000400543213	-2.4240000247955322	D	A
76	76	14.072999954223633	-5.353000164031982	-0.17100000381469727	12.572999954223633	-5.099999904632568	-2.5339999198913574	C	P
77	77	15.307000160217285	-7.604000091552734	2.671999931335449	16.256999969482422	-9.763999938964844	3.687999963760376	D	A
78	78	17.83799934387207	-4.9079999923706055	3.7309999465942383	22.768999099731445	-2.0989999771118164	1.621999979019165	R	B
79	79	17.266000747680664	-2.8489999771118164	6.936999797821045	19.679000854492188	-2.76200008392334	7.13100004196167	P	N
80	80	14.673999786376953	-0.13300000131130219	6.052000045776367	13.03600025177002	-1.593000054359436	7.035999774932861	P	N
81	81	16.40399932861328	2.8610000610351562	7.626999855041504	19.99799919128418	2.5929999351501465	11.027000427246094	K	B
82	82	13.083000183105469	4.645999908447266	8.20199966430664	9.76200008392334	5.363200092315674	9.24360008239746	H	B
83	83	13.637999534606934	8.041000366210938	9.840999603271484	14.454000473022461	9.125	9.128000259399414	S	P
84	84	10.913000106811523	10.42300033569336	11.227999687194824	9.675000190734863	14.163000106811523	15.467000007629395	K	B
85	85	8.89799976348877	10.822999954223633	7.985000133514404	7.423999786376953	12.914999961853027	8.164999961853027	D	A
86	86	11.027999877929688	8.116000175476074	6.270999908447266	11.027999877929688	8.116000175476074	6.270999908447266	G	G
87	87	12.713000297546387	10.913000106811523	4.254000186920166	11.006999969482422	12.741000175476074	4.8429999351501465	N	P
88	88	16.260000228881836	11.661999702453613	5.357999801635742	16.260000228881836	11.661999702453613	5.357999801635742	G	G
89	89	19.194000244140625	12.310999870300293	3.055999994277954	24.738000869750977	10.164999961853027	3.8289999961853027	K	B
90	90	19.253000259399414	8.824999809265137	1.430999994277954	21.559999465942383	7.9670000076293945	2.2179999351501465	T	P
91	91	16.687999725341797	6.816999912261963	3.4670000076293945	14.579999923706055	6.440999984741211	4.9019999504089355	D	A
92	92	16.280000686645508	3.3320000171661377	1.940999984741211	18.952799987792968	1.5941999912261964	3.55	H	B
93	93	12.986000061035156	2.191999912261963	3.433000087738037	10.421714101518903	5.394857202257429	2.780714290482657	Y	P
94	94	10.531000137329102	-0.25699999928474426	1.8660000562667847	11.168000221252441	-2.6010000705718994	1.0820000171661377	L	N
95	95	7.322000026702881	1.628000020980835	1.0049999952316284	8.57699966430664	3.609999895095825	-0.10100000351667404	L	N
96	96	3.8369998931884766	0.09399999678134918	0.640999972820282	2.015000104904175	-2.875999927520752	2.2090001106262207	E	A
97	97	1.444000005722046	1.8359999656677246	-1.7239999771118164	-0.026999980211257935	4.329000035921733	-4.1508333285649615	F	N
98	98	-2.2230000495910645	0.5979999899864197	-1.9600000381469727	-2.8320000171661377	2.7009999752044678	-1.0369999408721924	P	N
99	99	-2.2230000495910645	-0.5839999914169312	-5.560999870300293	-1.0470000505447388	-2.872999906539917	-5.78000020980835	T	P
100	100	-5.554999828338623	-1.1130000352859497	-7.3470001220703125	-7.146333376566569	1.364666650692622	-4.990000009536743	F	N
101	101	-6.5370001792907715	-3.861999988555908	-9.890000343322754	-8.366999626159668	-4.38700008392334	-8.406999588012695	P	N
102	102	-8.61299991607666	-1.4780000448226929	-12.095000267028809	-11.02299976348877	-0.6470000147819519	-11.722999572753906	D	A
103	103	-5.260000228881836	0.18000000715255737	-12.65999984741211	-5.260000228881836	0.18000000715255737	-12.65999984741211	G	G
104	104	-6.316999912261963	3.552999973297119	-11.397000312805176	-8.773199844360352	2.9016000270843505	-8.823200035095216	H	B
105	105	-4.245999813079834	5.815999984741211	-9.223999977111816	-3.73799991607666	7.48799991607666	-11.145000457763672	D	A
106	106	-6.355000019073486	6.044000148773193	-6.076000213623047	-6.812857151031494	6.019428593771798	-1.913714302437646	Y	P
107	107	-6.558000087738037	9.515000343322754	-4.533999919891357	-12.357000350952148	10.532999992370605	-5.105999946594238	K	B
108	108	-3.7070000171661377	8.98900032043457	-2.072999954223633	-0.8691666647791862	9.434833526611328	-4.414833386739095	F	N
109	109	-3.319999933242798	12.756999969482422	-1.8309999704360962	-2.993000030517578	15.081999778747559	-2.859999895095825	D	A
110	110	-6.947999954223633	13.159000396728516	-0.6620000004768372	-8.128999710083008	12.57699966430664	-1.4320000410079956	S	P
111	111	-6.620999813079834	13.472000122070312	3.119999885559082	-4.7789998054504395	15.821999549865723	8.543000221252441	K	B
112	112	-10.255999565124512	14.180999755859375	3.8529999256134033	-11.90999984741211	18.583999633789062	5.776000022888184	K	B
113	113	-12.251999855041504	12.515999794006348	2.6640000343322754	-13.944999694824219	13.052000045776367	1.0290000438690186	P	N
114	114	-10.279000282287598	9.338000297546387	1.9140000343322754	-7.01200008392334	5.493000030517578	4.611000061035156	K	B
115	115	-12.024999618530273	6.206999778747559	0.6349999904632568	-13.303999900817871	4.245999813079834	-2.499000072479248	E	A
116	116	-10.972999572753906	2.9049999713897705	2.2130000591278076	-11.529999732971191	1.0080000162124634	3.756999969482422	N	P
117	117	-7.6519999504089355	1.5479999780654907	0.8289999961853027	-6.959000110626221	1.3550000190734863	3.1440000534057617	P	N
118	118	-7.045000076293945	-1.7710000276565552	-0.9710000157356262	-7.045000076293945	-1.7710000276565552	-0.9710000157356262	G	G
119	119	-5.821000099182129	-5.244999885559082	0.15399999916553497	-7.610000133514404	-6.133999824523926	-1.24399995803833	P	N
120	120	-3.111999988555908	-5.88700008392334	-2.4630000591278076	-3.2720000743865967	-6.590000152587891	-3.799999952316284	A	N
121	121	-0.3199999928474426	-3.369999885559082	-2.1989998817443848	-2.0969998836517334	-2.2269999980926514	3.0840001106262207	R	B
122	122	2.8259999752044678	-2.6610000133514404	-4.190999984741211	2.8259999752044678	-1.7380000352859497	-5.431000232696533	V	N
123	123	6.210999965667725	-2.99399995803833	-2.492000102996826	4.545000076293945	-3.5850000381469727	-0.039000000804662704	I	N
124	124	9.34000015258789	-1.2330000400543213	-3.6489999294281006	6.716285773686001	1.9514285624027252	-3.9945714133126393	Y	P
125	125	12.520000457763672	0.29899999499320984	-2.2260000705718994	13.986000061035156	-1.815999984741211	-2.4089999198913574	T	P
126	126	13.564000129699707	4.006999969482422	-2.509999990463257	13.412714276994977	7.76642860685076	-0.703714297552194	Y	P
127	127	14.656000137329102	6.045000076293945	-4.326000213623047	16.64900016784668	7.372000217437744	-4.064000129699707	P	N
128	128	15.532999992370605	2.9679999351501465	-6.383999824523926	17.552000045776367	1.4769999980926514	-6.2820000648498535	N	P
129	129	11.838000297546387	1.9639999866485596	-6.328000068664551	7.914000034332275	6.703000068664551	-6.427999973297119	K	B
130	130	13.045000076293945	-1.4320000410079956	-7.6020002365112305	14.402999877929688	-2.055999994277954	-7.21999979019165	V	N
131	131	9.569000244140625	-2.9539999961853027	-7.790999889373779	6.637166738510132	-4.82016662756602	-9.165833314259848	F	N
132	132	9.868000030517578	-6.046000003814697	-5.638999938964844	11.819000244140625	-6.511000156402588	-3.802000045776367	C	P
133	133	6.310999870300293	-7.317999839782715	-5.796999931335449	6.310999870300293	-7.317999839782715	-5.796999931335449	G	G
134	134	2.734999895095825	-7.079999923706055	-4.61899995803833	2.4679999351501465	-6.052000045776367	-7.859000205993652	I	N
135	135	1.4889999628067017	-8.295000076293945	-1.2610000371932983	2.9690001010894775	-6.484000205993652	1.7389999628067017	I	N
136	136	-2.0859999656677246	-8.687999725341797	-0.00800000037997961	-3.063999891281128	-9.128999710083008	-1.0920000076293945	A	N
137	137	-3.7909998893737793	-9.704000473022461	3.194999933242798	-3.236200046539307	-6.350400066375732	4.4264000415802	H	B
138	138	-5.041999816894531	-13.262999534606934	2.742000102996826	-3.259000062942505	-14.895000457763672	2.0739998817443848	T	P
139	139	-7.736999988555908	-12.263999938964844	5.255000114440918	-9.170000076293945	-10.494999885559082	10.21399974822998	K	B
140	140	-9.54699993133545	-9.338000297546387	3.571000099182129	-12.989999771118164	-8.258999824523926	4.35699987411499	E	A
141	141	-7.160999774932861	-6.383999824523926	4.188000202178955	-8.694999694824219	-4.410999774932861	4.690000057220459	N	P
142	142	-5.708000183105469	-7.188000202178955	7.625999927520752	-7.591000080108643	-5.376999855041504	10.281000137329102	Q	P
143	143	-4.4670000076293945	-10.807000160217285	7.784999847412109	-4.4670000076293945	-10.807000160217285	7.784999847412109	G	G
144	144	-0.7710000276565552	-11.536999702453613	7.186999797821045	-0.0430000014603138	-13.180000305175781	10.085000038146973	E	A
145	145	0.26899999380111694	-9.895999908447266	3.9240000247955322	0.14300000667572021	-7.39900016784668	4.241000175476074	L	N
146	146	1.0700000524520874	-12.798999786376953	1.6380000114440918	-0.35499998927116394	-18.18899917602539	-0.9259999990463257	K	B
147	147	3.437000036239624	-11.845000267028809	-1.1829999685287476	5.658999919891357	-11.956000328063965	-2.4779999256134033	L	N
148	148	1.2949999570846558	-12.359999656677246	-4.293000221252441	-0.4970000088214874	-10.170000076293945	-4.050000190734863	C	P
149	149	2.684000015258789	-14.51099967956543	-7.070000171661377	2.7639999389648438	-15.98900032043457	-6.672999858856201	S	P
150	150	2.9000000953674316	-14.003000259399414	-10.79699993133545	6.154599952697754	-12.512199783325196	-11.261800003051757	H	B
