Nr	Nidx	CaX	CaY	CaZ	PosX	PosY	PosZ	Let	Type
7	1	2.305000066757202	-1.003000020980835	-7.909999847412109	2.871999979019165	1.4270000457763672	-7.118000030517578	L	N
8	2	2.9820001125335693	-4.451000213623047	-6.480999946594238	5.461800003051758	-6.038399982452392	-8.504800128936768	H	B
9	3	4.146999835968018	-5.809000015258789	-3.13100004196167	-0.47099998593330383	-4.206999778747559	0.621999979019165	K	B
10	4	7.2270002365112305	-8.095000267028809	-2.996999979019165	9.223999977111816	-6.822000026702881	-6.056000232696533	E	A
11	5	8.526000022888184	-10.267999649047852	-0.17399999499320984	8.77400016784668	-12.069999694824219	-1.715999960899353	P	N
12	6	11.432000160217285	-9.331000328063965	2.125999927520752	11.725000381469727	-7.843999862670898	1.9880000352859497	A	N
13	7	12.704999923706055	-10.17300033569336	5.5960001945495605	13.333999633789062	-12.118000030517578	7.085000038146973	T	P
14	8	13.935999870300293	-7.892000198364258	8.402999877929688	13.942000389099121	-6.553999900817871	10.595999717712402	L	N
15	9	17.73699951171875	-7.894999980926514	9.012999534606934	19.695999145507812	-8.086999893188477	5.576000213623047	I	N
16	10	17.89699935913086	-4.870999813079834	11.319999694824219	20.231000900268555	-4.285999774932861	15.880000114440918	K	B
17	11	15.909000396728516	-1.7760000228881836	12.295999526977539	15.112000465393066	-1.6440000534057617	13.644000053405762	A	N
18	12	18.082000732421875	1.3259999752044678	11.64900016784668	19.523000717163086	0.4880000054836273	8.11299991607666	I	N
19	13	16.19099998474121	4.584000110626221	12.255000114440918	17.097999572753906	6.488999843597412	10.793999671936035	D	A
20	14	12.795999526977539	6.245999813079834	11.633999824523926	12.795999526977539	6.245999813079834	11.633999824523926	G	G
21	15	12.994000434875488	6.035999774932861	7.8470001220703125	13.963000297546387	8.27299976348877	7.311999797821045	D	A
22	16	15.741999626159668	3.4619998931884766	6.979000091552734	17.215999603271484	5.296999931335449	6.000999927520752	T	P
23	17	15.699999809265137	-0.27000001072883606	7.651000022888184	14.265999794006348	-0.7260000109672546	7.8420000076293945	V	N
24	18	17.92300033569336	-3.13100004196167	6.586999893188477	22.902000427246094	-2.7290000915527344	4.182000160217285	K	B
25	19	16.00200080871582	-5.88100004196167	4.769000053405762	13.819999694824219	-4.454999923706055	4.710999965667725	L	N
26	20	16.878999710083008	-9.010000228881836	2.816999912261963	19.232999801635742	-12.82800006866455	4.25600004196167	M	N
27	21	15.36400032043457	-8.517000198364258	-0.6320000290870667	13.609000205993652	-6.685000010899135	-4.032857179641724	Y	P
28	22	15.62399959564209	-11.128999710083008	-3.427999973297119	13.857999801635742	-7.5279998779296875	-8.348999977111816	K	B
29	23	18.187000274658203	-12.767999649047852	-1.1260000467300415	18.187000274658203	-12.767999649047852	-1.1260000467300415	G	G
30	24	20.5	-9.720000267028809	-0.7979999780654907	22.32900047302246	-10.878999710083008	-3.056999921798706	Q	P
31	25	20.993999481201172	-7.455999851226807	2.2200000286102295	23.224000930786133	-8.42300033569336	2.256999969482422	P	N
32	26	19.98200035095215	-3.9119999408721924	1.3450000286102295	17.618000030517578	-1.843000054359436	-2.872999906539917	M	N
33	27	19.284000396728516	-0.7129999995231628	3.265000104904175	19.691999435424805	1.590999960899353	4.372000217437744	T	P
34	28	15.876999855041504	0.7149999737739563	2.3499999046325684	14.627166748046875	-2.1781666974226632	0.39366666227579117	F	N
35	29	14.996000289916992	4.414999961853027	2.513000011444092	14.302000045776367	9.440999984741211	3.8369998931884766	R	B
36	30	11.3149995803833	4.993000030517578	2.9140000343322754	10.08899974822998	3.9200000762939453	4.947000026702881	L	N
37	31	9.699999809265137	6.824999809265137	0.050999999046325684	9.807000160217285	5.695000171661377	-2.319000005722046	L	N
38	32	7.9720001220703125	10.170999526977539	0.460999995470047	6.380000114440918	9.484999656677246	-1.5399999618530273	L	N
39	33	8.758000373840332	10.76099967956543	4.177999973297119	8.284000396728516	9.60200023651123	5.103000164031982	V	N
40	34	11.378000259399414	12.300999641418457	6.461999893188477	13.234999656677246	14.03499984741211	6.445000171661377	D	A
41	35	11.824999809265137	11.366000175476074	10.0649995803833	10.65999984741211	9.137999534606934	10.300000190734863	T	P
42	36	14.045999526977539	13.468000411987305	12.373000144958496	12.050999641418457	13.833999633789062	13.706000328063965	P	N
43	37	17.530000686645508	12.12600040435791	12.765999794006348	19.038000106811523	12.180999755859375	9.847999572753906	E	A
50	38	18.038000106811523	10.227999687194824	16.038999557495117	18.761500040690105	7.876999934514363	18.893166224161785	F	N
51	39	19.982999801635742	13.246000289916992	17.452999114990234	21.466999053955078	14.444999694824219	15.743000030517578	N	P
52	40	17.020000457763672	15.59000015258789	16.733999252319336	17.336000442504883	16.441999435424805	12.907999992370605	E	A
53	41	13.715999603271484	15.970999717712402	18.636999130249023	10.34000015258789	20.086000442504883	21.922000885009766	K	B
54	42	11.265000343322754	13.067999839782715	17.927000045776367	8.175714424678258	15.507571356637138	19.121714183262416	Y	P
55	43	14.189000129699707	11.159000396728516	16.31100082397461	14.189000129699707	11.159000396728516	16.31100082397461	G	G
56	44	14.288000106811523	8.614999771118164	19.145000457763672	15.449999809265137	10.244000434875488	20.433000564575195	P	N
57	45	10.461000442504883	8.322999954223633	18.92099952697754	10.458999633789062	10.64900016784668	21.27400016784668	E	A
58	46	10.531999588012695	7.763000011444092	15.163000106811523	11.001999855041504	8.809000015258789	14.152999877929688	A	N
59	47	13.269000053405762	5.089000225067139	15.428000450134277	14.696000099182129	5.232999801635742	15.991000175476074	S	P
60	48	11.303999900817871	3.312999963760376	18.190000534057617	10.95199966430664	3.9170000553131104	19.579999923706055	A	N
61	49	8.097000122070312	3.434999942779541	16.19099998474121	4.847833355267842	4.357499996821086	14.422499974568685	F	N
62	50	9.557000160217285	1.9809999465942383	12.956000328063965	10.996000289916992	1.8819999694824219	10.835000038146973	T	P
63	51	11.63700008392334	-0.5370000004768372	15.00100040435791	15.588000297546387	-2.743000030517578	18.349000930786133	K	B
64	52	8.541999816894531	-1.9359999895095825	16.76099967956543	3.9159998893737793	-2.2669999599456787	20.8439998626709	K	B
65	53	6.577000141143799	-2.0490000247955322	13.529000282287598	3.191999912261963	-0.10599999874830246	10.12600040435791	M	N
66	54	9.16100025177002	-3.984999895095825	11.496999740600586	10.381999969482422	-3.447999954223633	10.697999954223633	V	N
67	55	10.345000267028809	-6.151000022888184	14.430000305175781	13.359000205993652	-4.953000068664551	16.67300033569336	E	A
68	56	6.803999900817871	-7.125999927520752	15.425000190734863	6.376999855041504	-5.854000091552734	17.57900047302246	N	P
69	57	5.738999843597412	-7.949999809265137	11.821000099182129	6.065999984741211	-7.14300012588501	10.57699966430664	A	N
70	58	5.36899995803833	-11.564000129699707	10.786999702453613	1.5759999752044678	-13.907999992370605	8.229000091552734	K	B
71	59	5.420000076293945	-10.425999641418457	7.116000175476074	1.3320000171661377	-11.772000312805176	2.5840001106262207	K	B
72	60	7.478000164031982	-7.501999855041504	5.572000026702881	8.29699993133545	-6.28000020980835	8.131999969482422	I	N
73	61	6.818999767303467	-6.432000160217285	2.0179998874664307	3.359999895095825	-8.029999732971191	1.4789999723434448	E	A
74	62	8.581000328063965	-4.020999908447266	-0.28200000524520874	10.001999855041504	-4.4120001792907715	-0.7300000190734863	V	N
75	63	6.633999824523926	-2.002000093460083	-2.890000104904175	2.9769999980926514	-0.6230000257492065	-3.0490000247955322	E	A
76	64	8.675000190734863	-0.03400000184774399	-5.395999908447266	11.95033327738444	-1.965499997138977	-5.190000136693318	F	N
77	65	7.178999900817871	2.938999891281128	-7.21999979019165	5.994999885559082	5.197999954223633	-6.859000205993652	D	A
78	66	7.394000053405762	3.7100000381469727	-10.98799991607666	1.3049999475479126	3.572999954223633	-10.86400032043457	K	B
79	67	10.730999946594238	5.60699987411499	-11.02400016784668	10.730999946594238	5.60699987411499	-11.02400016784668	G	G
80	68	14.208999633789062	4.85099983215332	-9.699000358581543	16.802000045776367	7.385000228881836	-8.08899974822998	Q	P
81	69	14.47700023651123	1.9780000448226929	-7.168000221252441	10.779999732971191	-2.3359999656677246	-9.616000175476074	R	B
82	70	17.812999725341797	3.0280001163482666	-5.683000087738037	18.812999725341797	0.6970000267028809	-5.994999885559082	T	P
83	71	18.979000091552734	6.421999931335449	-4.576000213623047	19.386999130249023	6.65500020980835	-2.058000087738037	D	A
84	72	22.479000091552734	7.927999973297119	-5.047999858856201	22.663999557495117	13.836000442504883	-3.0420000553131104	K	B
85	73	23.658000946044922	6.28000020980835	-1.784999966621399	23.716285705566406	10.00885704585484	-0.04600000115377562	Y	P
86	74	22.690000534057617	2.765000104904175	-3.0209999084472656	22.690000534057617	2.765000104904175	-3.0209999084472656	G	G
87	75	19.64299964904785	2.640000104904175	-0.7250000238418579	19.160999298095703	7.3979997634887695	2.1489999294281006	R	B
88	76	16.48699951171875	1.0219999551773071	-2.0250000953674316	16.48699951171875	1.0219999551773071	-2.0250000953674316	G	G
89	77	13.543000221252441	3.365999937057495	-2.3910000324249268	14.890999794006348	5.427999973297119	-3.2290000915527344	L	N
90	78	10.234000205993652	1.8040000200271606	-1.5240000486373901	10.508000373840332	0.25600001215934753	-1.437000036239624	A	N
91	79	7.0370001792907715	1.7450000047683716	0.42800000309944153	5.303571428571429	4.525285754884992	-2.1481428231511797	Y	P
92	80	7.526000022888184	-0.7730000019073486	3.2100000381469727	10.314000129699707	-1.36899995803833	2.124000072479248	I	N
93	81	4.61299991607666	-2.7780001163482666	4.671999931335449	2.4242857354027882	-1.2940000146627426	1.4807142892054148	Y	P
94	82	4.390999794006348	-4.672999858856201	7.984000205993652	4.908999919891357	-3.9049999713897705	9.189000129699707	A	N
95	83	1.5460000038146973	-7.201000213623047	8.069000244140625	2.196000099182129	-8.618000030517578	10.036999702453613	D	A
96	84	-0.20999999344348907	-5.192999839782715	5.425000190734863	-0.20999999344348907	-5.192999839782715	5.425000190734863	G	G
97	85	0.1340000033378601	-1.7710000276565552	7.09499979019165	-3.375999927520752	-3.361999988555908	11.050000190734863	K	B
98	86	2.3610000610351562	0.7789999842643738	5.289999961853027	1.2979999780654907	3.371000051498413	1.4190000295639038	M	N
99	87	5.166999816894531	1.9600000381469727	7.5879998207092285	6.5879998207092285	1.3930000066757202	7.660999774932861	V	N
100	88	5.5320000648498535	5.171999931335449	5.519000053405762	6.64300012588501	4.315999984741211	3.371999979019165	N	P
101	89	1.8580000400543213	6.129000186920166	6.02400016784668	-1.8200000524520874	5.3470001220703125	5.144999980926514	E	A
102	90	1.9140000343322754	5.0279998779296875	9.666000366210938	2.2850000858306885	3.638000011444092	10.210000038146973	A	N
103	91	4.840000152587891	7.3420000076293945	10.604999542236328	7.160999774932861	6.185999870300293	10.34000015258789	L	N
104	92	3.13700008392334	10.32699966430664	8.895999908447266	2.8259999752044678	10.458000183105469	7.361000061035156	V	N
105	93	-0.25	9.609000205993652	10.5649995803833	-4.76800012588501	10.071000099182129	12.388999938964844	R	B
106	94	1.4570000171661377	9.62399959564209	13.960000038146973	0.09799999743700027	7.488999843597412	15.461999893188477	Q	P
107	95	3.2669999599456787	12.92300033569336	13.253000259399414	3.2669999599456787	12.92300033569336	13.253000259399414	G	G
108	96	6.60099983215332	11.130999565124512	13.427000045776367	6.177999973297119	9.609000205993652	15.454999923706055	L	N
109	97	7.453000068664551	11.86400032043457	9.748000144958496	7.521999835968018	10.630999565124512	8.788000106811523	A	N
110	98	6.728000164031982	14.753999710083008	7.413000106811523	9.309000015258789	20.10300064086914	9.677000045776367	K	B
111	99	5.754000186920166	14.173999786376953	3.8450000286102295	4.442999839782715	14.531999588012695	3.1989998817443848	V	N
112	100	9.01200008392334	15.022000312805176	2.0399999618530273	10.043000221252441	15.0600004196167	3.2300000190734863	A	N
113	101	11.26200008392334	14.272000312805176	-0.8980000019073486	14.622857093811035	14.535428592136928	1.4761428332754545	Y	P
114	102	8.342000007629395	14.156000137329102	-3.3299999237060547	6.928999900817871	14.751999855041504	-3.125	V	N
115	103	10.083000183105469	13.51099967956543	-6.635000228881836	13.898571423121862	13.926000050136022	-4.728285789489746	Y	P
116	104	8.317000389099121	13.376999855041504	-10.02299976348877	12.946000099182129	14.595000267028809	-14.215999603271484	K	B
117	105	8.89799976348877	9.694000244140625	-10.881999969482422	8.89799976348877	9.694000244140625	-10.881999969482422	G	G
118	106	8.145999908447266	8.119999885559082	-7.513000011444092	10.23799991607666	6.611000061035156	-7.423999786376953	N	P
119	107	5.001999855041504	9.805000305175781	-6.0920000076293945	4.0920000076293945	11.331000328063965	-7.954999923706055	N	P
120	108	2.183000087738037	7.243000030517578	-6.230999946594238	0.8930000066757202	5.139999866485596	-6.360000133514404	T	P
121	109	1.1109999418258667	7.4019999504089355	-2.5859999656677246	0.9504000142216682	3.8336000442504883	-2.3757999897003175	H	B
122	110	1.6610000133514404	11.15999984741211	-2.242000102996826	2.4820001125335693	14.666999816894531	-3.7760000228881836	E	A
123	111	-1.996000051498413	12.109999656677246	-1.6920000314712524	-2.0220000743865967	14.791999816894531	-3.0989999771118164	Q	P
124	112	-2.499000072479248	9.206000328063965	0.7319999933242798	-2.4539999961853027	6.75	1.5260000228881836	L	N
125	113	0.38499999046325684	10.395000457763672	2.865999937057495	2.5380001068115234	8.819000244140625	2.365000009536743	L	N
126	114	-0.6299999952316284	14.083999633789062	2.743000030517578	3.0799999237060547	17.18199920654297	-0.26100000739097595	R	B
127	115	-4.091000080108643	13.031000137329102	4.008999824523926	-9.404000282287598	12.029000282287598	3.4670000076293945	K	B
128	116	-2.4240000247955322	11.276000022888184	6.910999774932861	-1.4839999675750732	10.079000473022461	6.831999778747559	A	N
129	117	-0.23899999260902405	14.336999893188477	7.561999797821045	2.6630001068115234	16.635000228881836	6.438000202178955	E	A
130	118	-3.306999921798706	16.618999481201172	7.551000118255615	-4.317999839782715	16.798999786376953	6.473999977111816	A	N
131	119	-4.881999969482422	14.404999732971191	10.23900032043457	-7.743000030517578	13.434000015258789	11.319000244140625	Q	P
132	120	-1.7139999866485596	14.244999885559082	12.416999816894531	-0.3059999942779541	13.666000366210938	11.963000297546387	A	N
133	121	-1.399999976158142	18.017000198364258	12.07800006866455	1.5470000505447388	20.84000015258789	8.088000297546387	K	B
134	122	-5.142000198364258	18.47599983215332	12.822999954223633	-7.421000003814697	16.77400016784668	9.064000129699707	K	B
135	123	-4.559999942779541	16.398000717163086	15.97599983215332	-5.724999904632568	12.75	15.25	E	A
136	124	-1.2899999618530273	18.214000701904297	16.992000579833984	-3.947999954223633	22.714000701904297	16.868000030517578	K	B
137	125	0.6259999871253967	14.920999526977539	17.128999710083008	-1.1080000400543213	13.012999534606934	16.56100082397461	L	N
138	126	4.289000034332275	14.727999687194824	18.010000228881836	4.377999782562256	12.25	18.47100067138672	N	P
139	127	6.164000034332275	16.867000579833984	15.435999870300293	8.013999938964844	14.855999946594238	12.64799976348877	I	N
140	128	3.000999927520752	18.985000610351562	15.116000175476074	3.2495555877685547	18.269333097669815	11.177888870239258	T	N
141	129	2.6080000400543213	19.426000595092773	18.89900016784668	2.8289999961853027	18.29199981689453	19.875	S	P
