Nr	Nidx	CaX	CaY	CaZ	PosX	PosY	PosZ	Let	Type
1	1	0.7889999747276306	7.769999980926514	44.34000015258789	-2.265000104904175	4.3420000076293945	41.6619987487793	K	B
2	2	2.634000062942505	7.270999908447266	41.11600112915039	4.0960001945495605	6.914000034332275	41.047000885009766	V	N
3	3	0.5910000205039978	6.433000087738037	38.097999572753906	-2.6433333357175193	8.148666699727377	38.972999572753906	F	N
4	4	1.5709999799728394	4.460999965667725	35.073001861572266	1.5709999799728394	4.460999965667725	35.073001861572266	G	G
5	5	0.9290000200271606	6.059999942779541	31.631000518798828	2.2130000591278076	3.8510000705718994	27.277000427246094	R	B
6	6	-2.24399995803833	4.1620001792907715	30.775999069213867	-1.5219999551773071	2.5910000801086426	28.54400062561035	C	P
7	7	-3.615999937057495	4.116000175476074	34.31100082397461	-2.556999921798706	3.371999979019165	37.92399978637695	E	A
8	8	-3.447000026702881	7.922999858856201	34.39899826049805	-2.382999897003174	10.25	34.61600112915039	L	N
9	9	-4.839000225067139	8.210000038146973	30.826000213623047	-4.335999965667725	7.422999858856201	29.614999771118164	A	N
10	10	-7.798999786376953	6.120999813079834	31.847000122070312	-7.686999797821045	4.689000129699707	32.400001525878906	A	N
11	11	-8.442999839782715	8.16100025177002	35.018001556396484	-7.48799991607666	8.326000213623047	36.167999267578125	A	N
12	12	-8.142000198364258	11.454999923706055	33.10499954223633	-3.6610000133514404	14.154999732971191	33.60200119018555	M	N
13	13	-10.597000122070312	10.145000457763672	30.517000198364258	-12.815999984741211	7.0289998054504395	26.707000732421875	K	B
14	14	-13.02400016784668	9.192999839782715	33.3390007019043	-12.027999877929688	8.404999732971191	39.066001892089844	R	B
15	15	-12.751999855041504	12.795999526977539	34.57500076293945	-11.515999794006348	12.328400039672852	37.77020034790039	H	B
16	16	-13.982000350952148	14.270999908447266	31.23699951171875	-13.982000350952148	14.270999908447266	31.23699951171875	G	G
17	17	-10.571000099182129	15.694999694824219	30.18000030517578	-9.130000114440918	16.208999633789062	32.31100082397461	L	N
18	18	-10.543000221252441	14.317999839782715	26.625	-10.539999961853027	12.562999725341797	24.74799919128418	D	A
19	19	-11.145000457763672	17.268999099731445	24.243999481201172	-11.586999893188477	15.97700023651123	22.06399917602539	N	P
20	20	-11.706000328063965	19.570999145507812	27.165000915527344	-12.644571576799665	21.577714375087194	30.497571400233678	Y	P
21	21	-11.637999534606934	23.0939998626709	25.625	-14.17199993133545	26.86199951171875	27.395999908447266	R	B
22	22	-10.140000343322754	21.475000381469727	22.527999877929688	-10.140000343322754	21.475000381469727	22.527999877929688	G	G
23	23	-7.361000061035156	19.472000122070312	24.18600082397461	-5.5818571363176614	23.137142726353236	24.87000002179827	Y	P
24	24	-7.214000225067139	15.730999946594238	23.388999938964844	-6.665999889373779	15.182999610900879	22.07200050354004	S	P
25	25	-6.276000022888184	13.295999526977539	26.16200065612793	-7.370999813079834	11.234999656677246	27.5	L	N
26	26	-2.6429998874664307	12.85200023651123	24.95599937438965	-2.6429998874664307	12.85200023651123	24.95599937438965	G	G
27	27	-2.002000093460083	16.489999771118164	25.860000610351562	-2.7019999027252197	18.115999221801758	24.05900001525879	N	P
28	28	-2.997999906539917	15.99899959564209	29.486000061035156	-6.176222218407525	18.50077798631456	29.82166650560167	T	N
29	29	-0.9490000009536743	12.732999801635742	29.878000259399414	-1.2359999418258667	11.390999794006348	29.131000518798828	V	N
30	30	2.0920000076293945	14.416999816894531	28.20199966430664	3.691999912261963	15.571000099182129	26.23200035095215	C	P
31	31	1.7079999446868896	17.42799949645996	30.514999389648438	0.515999972820282	18.351999282836914	30.655000686645508	A	N
32	32	1.5789999961853027	15.196000099182129	33.64099884033203	0.527999997138977	14.184000015258789	34.051998138427734	A	N
33	33	4.715000152587891	13.253000259399414	32.472999572753906	8.923999786376953	10.753999710083008	31.047000885009766	K	B
34	34	6.926000118255615	16.28700065612793	32.15999984741211	7.933499892552693	15.143166700998941	28.738333384195965	F	N
35	35	5.385000228881836	18.343000411987305	35.04100036621094	4.15500020980835	21.299999237060547	34.40399932861328	E	A
36	36	5.491000175476074	15.701000213623047	37.71099853515625	4.163000106811523	15.602999687194824	38.4640007019043	S	P
37	37	6.565000057220459	12.357000350952148	36.198001861572266	8.586999893188477	10.74899959564209	36.22100067138672	N	P
38	38	3.1419999599456787	11.048999786376953	37.180999755859375	3.023166616757711	9.519500255584717	33.65549977620443	F	N
39	39	3.61299991607666	11.659000396728516	40.88800048828125	5.242000102996826	11.675000190734863	42.84700012207031	N	P
40	40	0.6520000100135803	13.041999816894531	42.867000579833984	-1.3350000381469727	11.498000144958496	42.49100112915039	T	P
41	41	2.950000047683716	14.305000305175781	45.590999603271484	2.805000066757202	12.281999588012695	48.814998626708984	Q	P
42	42	5.533999919891357	16.284000396728516	43.59700012207031	5.664999961853027	16.266000747680664	42.097999572753906	A	N
43	43	6.103000164031982	19.808000564575195	44.915000915527344	4.781000137329102	19.44700050354004	47.09000015258789	T	P
44	44	8.456000328063965	22.4689998626709	43.46900177001953	9.652999877929688	23.472000122070312	41.474998474121094	N	P
45	45	9.255999565124512	25.329999923706055	45.85200119018555	7.810999870300293	21.92300033569336	50.237998962402344	R	B
46	46	9.836999893188477	28.427000045776367	43.6879997253418	8.133999824523926	27.93000030517578	41.85200119018555	N	P
47	47	11.607000350952148	31.767000198364258	43.887001037597656	13.623000144958496	31.982999801635742	42.448001861572266	T	P
48	48	8.928999900817871	34.26100158691406	44.935001373291016	7.658999919891357	36.551998138427734	44.9010009765625	D	A
49	49	7.73799991607666	31.861000061035156	47.632999420166016	7.73799991607666	31.861000061035156	47.632999420166016	G	G
50	50	5.034999847412109	30.041000366210938	45.573001861572266	4.425000190734863	30.520999908447266	44.28499984741211	S	P
51	51	5.041999816894531	26.204999923706055	45.263999938964844	5.427999973297119	23.996999740600586	46.51599884033203	T	P
52	52	3.6760001182556152	24.031999588012695	42.48400115966797	4.958000183105469	25.180999755859375	40.61399841308594	D	A
53	53	1.6419999599456787	21.101999282836914	43.77899932861328	1.674142871584211	23.207714080810547	47.34157235281808	Y	P
54	54	0.7289999723434448	17.645000457763672	42.50600051879883	0.7289999723434448	17.645000457763672	42.50600051879883	G	G
55	55	0.5070000290870667	15.666000366210938	39.32500076293945	-2.812000036239624	15.63700008392334	38.340999603271484	I	N
56	56	-0.12600000202655792	18.780000686645508	37.25299835205078	-2.109999895095825	18.59600067138672	35.44499969482422	L	N
57	57	2.062000036239624	21.156999588012695	39.354000091552734	4.835999965667725	19.986000061035156	40.198001861572266	Q	P
58	58	-0.5809999704360962	23.81399917602539	39.97200012207031	-3.7330000400543213	21.677000045776367	39.402000427246094	I	N
59	59	0.843999981880188	27.09600067138672	41.34600067138672	2.3429999351501465	29.111000061035156	41.07400131225586	N	P
60	60	-0.050999999046325684	28.47800064086914	44.777000427246094	0.5979999899864197	28.18199920654297	46.08700180053711	S	P
61	61	0.2590000033378601	32.202999114990234	43.87200164794922	3.7950000762939453	35.66999816894531	44.41600036621094	R	B
62	62	-3.0480000972747803	32.11800003051758	41.875	-0.055444432629479304	32.351555082533096	38.614666832817925	T	N
63	63	-4.831999778747559	28.812000274658203	42.36600112915039	-4.973666694429186	29.36099984910753	38.430889977349175	T	N
64	64	-4.830999851226807	27.30900001525879	45.86199951171875	-2.5429999828338623	25.589000701904297	45.630001068115234	C	P
65	65	-4.135000228881836	28.48699951171875	49.37099838256836	-4.758999824523926	29.641000747680664	51.50400161743164	N	P
66	66	-1.1369999647140503	27.138999938964844	51.27299880981445	1.121999979019165	27.59000015258789	49.97600173950195	D	A
67	67	-0.8629999756813049	29.982999801635742	53.8380012512207	-0.8629999756813049	29.982999801635742	53.8380012512207	G	G
68	68	2.757999897003174	30.975000381469727	52.98699951171875	3.880000114440918	25.42799949645996	52.505001068115234	R	B
69	69	2.7149999141693115	32.3129997253418	49.375999450683594	2.3889999389648438	32.08399963378906	46.832000732421875	T	P
70	70	3.3989999294281006	36.08599853515625	49.207000732421875	5.666999816894531	35.54100036621094	49.220001220703125	P	N
71	71	0.5849999785423279	37.683998107910156	47.15700149536133	0.5849999785423279	37.683998107910156	47.15700149536133	G	G
72	72	-1.649999976158142	34.709999084472656	46.847999572753906	-1.444000005722046	33.487998962402344	47.70800018310547	S	P
73	73	-5.048999786376953	34.30799865722656	45.375	-3.0910000801086426	39.17499923706055	43.17499923706055	R	B
74	74	-7.215000152587891	31.1299991607666	45.7859992980957	-7.97599983215332	29.399999618530273	47.56399917602539	N	P
75	75	-9.11299991607666	30.93600082397461	42.486000061035156	-8.182000160217285	32.9010009765625	41.053001403808594	L	N
76	76	-9.86299991607666	27.1560001373291	42.57400131225586	-8.196000099182129	26.062000274658203	40.5880012512207	C	P
77	77	-11.104000091552734	27.69300079345703	46.167999267578125	-13.25	28.28700065612793	47.375999450683594	N	P
78	78	-9.032999992370605	24.89699935913086	47.7239990234375	-7.171999931335449	22.93899917602539	44.97200012207031	I	N
79	79	-6.14900016784668	24.17300033569336	50.17300033569336	-7.5929999351501465	22.510000228881836	51.06399917602539	P	N
80	80	-3.0199999809265137	23.31399917602539	48.15800094604492	-1.8300000429153442	25.781999588012695	47.49599838256836	C	P
81	81	-2.740999937057495	20.058000564575195	50.20500183105469	-2.8359999656677246	19.900999069213867	51.72200012207031	S	P
82	82	-5.927999973297119	18.724000930786133	48.33100128173828	-7.206999778747559	19.483999252319336	47.95600128173828	A	N
83	83	-3.7330000400543213	18.648000717163086	45.21799850463867	-4.047999858856201	21.0310001373291	44.48400115966797	L	N
84	84	-1.3370000123977661	16.218000411987305	46.85300064086914	0.8500000238418579	17.45599937438965	47.75699996948242	L	N
85	85	-3.73799991607666	13.302000045776367	47.23400115966797	-5.188000202178955	13.538999557495117	47.57400131225586	S	P
86	86	-3.7660000324249268	9.895999908447266	45.55799865722656	-3.881999969482422	8.576000213623047	46.36600112915039	S	P
87	87	-7.02400016784668	10.744000434875488	43.827999114990234	-9.355999946594238	11.57800006866455	44.65700149536133	D	A
88	88	-6.793000221252441	13.112000465393066	41.00199890136719	-4.098999977111816	12.038999557495117	40.465999603271484	I	N
89	89	-10.170000076293945	14.902000427246094	41.27000045776367	-12.614999771118164	15.22599983215332	41.90299987792969	T	P
90	90	-9.17300033569336	18.22100067138672	42.96200180053711	-8.642000198364258	18.32200050354004	44.3849983215332	A	N
91	91	-6.234000205993652	18.492000579833984	40.494998931884766	-5.058000087738037	17.506000518798828	40.4370002746582	S	P
92	92	-8.430999755859375	17.905000686645508	37.387001037597656	-9.178000450134277	16.611000061035156	36.845001220703125	V	N
93	93	-11.154000282287598	20.243999481201172	38.6619987487793	-13.069000244140625	18.986000061035156	39.71900177001953	N	P
94	94	-8.687999725341797	23.042999267578125	39.28099822998047	-6.789000034332275	24.642000198364258	40.5880012512207	C	P
95	95	-6.947999954223633	22.305999755859375	35.93199920654297	-6.377999782562256	20.966999053955078	35.44900131225586	A	N
96	96	-10.331000328063965	22.781999588012695	34.082000732421875	-13.831999778747559	17.6299991607666	34.10599899291992	K	B
97	97	-10.585000038146973	26.176000595092773	35.75600051879883	-12.527000427246094	25.132999420166016	39.494998931884766	K	B
98	98	-6.992000102996826	27.031999588012695	34.68299865722656	-4.367000102996826	25.43000030517578	37.165000915527344	I	N
99	99	-7.552000045776367	26.104999542236328	30.988000869750977	-7.7179999351501465	24.722000122070312	30.31599998474121	V	N
100	100	-10.753999710083008	28.08799934387207	30.833999633789062	-12.017000198364258	27.784000396728516	31.62299919128418	S	P
101	101	-9.055000305175781	31.275999069213867	32.1150016784668	-8.3149995803833	32.6510009765625	34.19900131225586	D	A
102	102	-5.392000198364258	31.516000747680664	31.27199935913086	-5.392000198364258	31.516000747680664	31.27199935913086	G	G
103	103	-4.650000095367432	30.823999404907227	27.641000747680664	-3.4489998817443848	33.02000045776367	26.875999450683594	N	P
104	104	-5.440000057220459	27.101999282836914	27.332000732421875	-5.440000057220459	27.101999282836914	27.332000732421875	G	G
105	105	-2.6419999599456787	24.697999954223633	28.194000244140625	-2.3989999294281006	20.270999908447266	28.881999969482422	M	N
106	106	0.0689999982714653	27.36199951171875	27.87700080871582	0.05900000035762787	28.343000411987305	25.589000701904297	N	P
107	107	-0.3580000102519989	27.763999938964844	31.638999938964844	-1.715000033378601	27.58099937438965	32.297000885009766	A	N
108	108	1.7970000505447388	24.610000610351562	31.999000549316406	-1.7799999821517203	22.989222208658855	33.40777842203776	T	N
109	109	5.429999828338623	25.38800048828125	30.94700050354004	6.682000160217285	25.94700050354004	31.69099998474121	V	N
110	110	6.255000114440918	21.67099952697754	30.465999603271484	6.2220001220703125	20.51300048828125	31.44300079345703	A	N
111	111	3.308000087738037	21.233999252319336	28.08300018310547	0.1744444477889273	22.049999872843426	25.509777492947048	T	N
112	112	4.256999969482422	24.395000457763672	26.211000442504883	7.545000076293945	27.55900001525879	24.23699951171875	R	B
113	113	7.9039998054504395	23.257999420166016	25.94499969482422	9.04699993133545	24.972999572753906	27.360000610351562	N	P
114	114	7.748000144958496	19.506000518798828	25.642000198364258	11.729999542236328	17.57900047302246	28.09000015258789	R	B
115	115	4.271999835968018	18.56800079345703	24.319000244140625	3.7750000953674316	17.490999221801758	26.790000915527344	C	P
116	116	3.0739998817443848	21.437000274658203	22.198999404907227	2.4749999046325684	27.53700065612793	21.89699935913086	K	B
117	117	3.4630000591278076	20.631999969482422	18.493000030517578	3.4630000591278076	20.631999969482422	18.493000030517578	G	G
118	118	4.359000205993652	16.957000732421875	18.9060001373291	5.839000225067139	15.187999725341797	19.97800064086914	T	P
119	119	1.99399995803833	14.050999641418457	18.198999404907227	1.1410000324249268	11.930000305175781	17.179000854492188	D	A
120	120	0.44999998807907104	13.534000396728516	21.62700080871582	-0.2840000092983246	14.71399974822998	22.349000930786133	V	N
121	121	-1.527999997138977	10.442000389099121	20.527999877929688	-2.989000082015991	10.394000053405762	16.908000946044922	Q	P
122	122	1.6369999647140503	8.420999526977539	21.274999618530273	3.0739998817443848	8.907999992370605	21.058000564575195	A	N
123	123	1.0219999551773071	8.930999755859375	24.976999282836914	3.8748888439602323	11.338111135694716	26.312999937269424	T	N
124	124	-2.132999897003174	6.75	24.80900001525879	-3.572999954223633	9.034000396728516	26.297000885009766	I	N
125	125	-0.32499998807907104	3.999000072479248	22.761999130249023	-0.8399999737739563	5.190999984741211	19.305999755859375	R	B
126	126	-1.2619999647140503	0.5170000195503235	23.944000244140625	-1.2619999647140503	0.5170000195503235	23.944000244140625	G	G
127	127	-3.86299991607666	1.7649999856948853	26.44499969482422	-2.5420000553131104	3.921999931335449	27.472999572753906	C	P
128	128	-7.10699987411499	0.23000000417232513	25.562999725341797	-7.383999824523926	-2.1700000762939453	29.82699966430664	R	B
129	129	-9.498000144958496	3.0969998836517334	26.350000381469727	-8.390999794006348	5.163000106811523	27.551000595092773	L	N
