Nr	Nidx	CaX	CaY	CaZ	PosX	PosY	PosZ	Let	Type
1	1	31.718000411987305	13.291999816894531	-12.187999725341797	30.88599967956543	12.102999687194824	-11.723999977111816	R	B
2	2	34.97600173950195	13.366999626159668	-9.84000015258789	34.922000885009766	14.145000457763672	-8.52299976348877	P	N
3	3	36.39500045776367	9.970999717712402	-9.48900032043457	37.869998931884766	9.562000274658203	-9.574999809265137	D	A
4	4	35.54600143432617	9.854000091552734	-5.800000190734863	36.060001373291016	10.652999877929688	-4.677999973297119	F	N
5	5	31.773000717163086	10.208000183105469	-6.681000232696533	31.19499969482422	11.255000114440918	-7.630000114440918	C	P
6	6	32.05699920654297	6.763000011444092	-8.279000282287598	32.87200164794922	6.421999931335449	-9.517999649047852	L	N
7	7	33.50299835205078	5.118000030517578	-5.110000133514404	34.65399932861328	5.688000202178955	-4.244999885559082	E	A
8	8	31.202999114990234	3.0869998931884766	-2.888000011444092	31.476999282836914	1.5839999914169312	-2.6730000972747803	P	N
9	9	30.040000915527344	4.583000183105469	0.3240000009536743	28.509000778198242	4.63700008392334	0.609000027179718	P	N
10	10	32.22100067138672	3.7060000896453857	3.2709999084472656	33.61899948120117	4.302000045776367	3.140000104904175	Y	P
11	11	30.70800018310547	2.8919999599456787	6.620999813079834	29.888999938964844	1.6460000276565552	6.942999839782715	T	P
12	12	34.150001525878906	2.3410000801086426	8.104999542236328	34.150001525878906	2.3410000801086426	8.104999542236328	G	G
13	13	35.2140007019043	0.4729999899864197	11.25100040435791	36.770999908447266	0.4390000104904175	11.407999992370605	P	N
14	14	33.45000076293945	2.556999921798706	13.906000137329102	33.73699951171875	4.033999919891357	14.121000289916992	C	P
15	15	30.059999465942383	1.5190000534057617	15.28600025177002	30.20599937438965	0.574999988079071	16.483999252319336	K	B
16	16	27.982999801635742	4.795000076293945	15.218999862670898	28.445999145507812	6.248000144958496	15.003000259399414	A	N
17	17	24.937000274658203	4.892000198364258	12.960000038146973	23.695999145507812	4.073999881744385	13.286999702453613	R	B
18	18	25.15999984741211	8.307000160217285	11.397000312805176	26.45599937438965	9.142999649047852	11.472999572753906	I	N
19	19	22.916000366210938	8.758999824523926	8.371999740600586	21.39699935913086	8.87600040435791	8.397000312805176	I	N
20	20	24.780000686645508	10.454999923706055	5.493000030517578	26.301000595092773	10.27299976348877	5.541999816894531	R	B
21	21	24.2549991607666	10.95300006866455	1.7549999952316284	23.743000030517578	12.258999824523926	1.1449999809265137	Y	P
22	22	26.406999588012695	9.350000381469727	-0.9330000281333923	27.0310001373291	8.029000282287598	-0.7540000081062317	F	N
23	23	26.222000122070312	9.654999732971191	-4.7230000495910645	27.0939998626709	10.571999549865723	-5.570000171661377	Y	P
24	24	24.98699951171875	6.376999855041504	-6.164999961853027	23.63800048828125	5.76800012588501	-5.7820000648498535	N	P
25	25	26.523000717163086	6.696000099182129	-9.645000457763672	28.023000717163086	6.705999851226807	-9.967000007629395	A	N
26	26	24.589000701904297	3.609999895095825	-10.998000144958496	24.607999801635742	2.2330000400543213	-10.340999603271484	K	B
27	27	21.261999130249023	5.35699987411499	-10.069999694824219	20.711999893188477	5.302000045776367	-8.625	A	N
28	28	22.441999435424805	8.873000144958496	-10.836999893188477	22.441999435424805	8.873000144958496	-10.836999893188477	G	G
29	29	21.0	9.960000038146973	-7.381999969482422	19.724000930786133	9.157999992370605	-7.048999786376953	L	N
30	30	22.256999969482422	10.927000045776367	-3.9210000038146973	22.479999542236328	12.359000205993652	-3.4489998817443848	C	P
31	31	20.961999893188477	8.416999816894531	-1.4160000085830688	20.87700080871582	7.013000011444092	-2.046999931335449	Q	P
32	32	21.347999572753906	7.625999927520752	2.2939999103546143	20.242000579833984	7.7129998207092285	3.3580000400543213	T	P
33	33	23.83799934387207	5.24399995803833	3.8570001125335693	25.020999908447266	4.874000072479248	3.0850000381469727	F	N
34	34	24.979999542236328	4.5289998054504395	7.385000228881836	24.441999435424805	3.3519999980926514	8.201000213623047	V	N
35	35	28.375	5.995999813079834	8.395999908447266	28.634000778198242	7.454999923706055	8.0649995803833	Y	P
36	36	30.1299991607666	4.420000076293945	11.35200023651123	30.1299991607666	4.420000076293945	11.35200023651123	G	G
37	37	31.552000045776367	7.7270002365112305	12.677000045776367	31.552000045776367	7.7270002365112305	12.677000045776367	G	G
38	38	35.28200149536133	7.501999855041504	11.824000358581543	36.12300109863281	6.888000011444092	12.9350004196167	C	P
39	39	37.59400177001953	7.449999809265137	8.817000389099121	38.31399917602539	6.11899995803833	9.012999534606934	R	B
40	40	35.12699890136719	8.956999778747559	6.406000137329102	34.393001556396484	10.288000106811523	6.625999927520752	A	N
41	41	35.847999572753906	8.913000106811523	2.6689999103546143	35.7239990234375	7.658999919891357	1.809999942779541	K	B
42	42	35.005001068115234	11.760000228881836	0.2879999876022339	35.86000061035156	12.07699966430664	-0.9380000233650208	R	B
43	43	31.591999053955078	10.281999588012695	-1.062999963760376	31.517000198364258	9.109000205993652	-2.0369999408721924	N	P
44	44	29.990999221801758	11.142000198364258	2.2880001068115234	30.996999740600586	10.633000373840332	3.303999900817871	N	P
45	45	27.750999450683594	14.253999710083008	2.5899999141693115	27.19300079345703	14.668999671936035	1.312999963760376	F	N
46	46	25.7549991607666	15.75100040435791	5.418000221252441	26.28700065612793	16.84000015258789	6.353000164031982	K	B
47	47	23.06999969482422	16.999000549316406	2.9809999465942383	22.81999969482422	18.507999420166016	3.0320000648498535	S	P
48	48	21.514999389648438	16.097999572753906	-0.3930000066757202	19.996999740600586	15.96500015258789	-0.6259999871253967	A	N
49	49	22.472999572753906	19.57699966430664	-1.649999976158142	22.06100082397461	20.916000366210938	-1.0010000467300415	E	A
50	50	26.1200008392334	19.076000213623047	-0.7429999709129333	26.72599983215332	18.722000122070312	0.625	D	A
51	51	26.049999237060547	15.720000267028809	-2.5510001182556152	25.224000930786133	14.529000282287598	-2.059000015258789	C	P
52	52	24.364999771118164	17.118000030517578	-5.651000022888184	22.94700050354004	17.68400001525879	-5.6519999504089355	M	N
53	53	26.701000213623047	20.07900047302246	-5.935999870300293	26.86199951171875	21.14900016784668	-4.861000061035156	R	B
54	54	29.804000854492188	17.916000366210938	-5.7170000076293945	30.3439998626709	17.31399917602539	-4.423999786376953	T	P
55	55	28.649999618530273	14.779999732971191	-7.571000099182129	28.57900047302246	13.579999923706055	-6.632999897003174	C	P
56	56	25.572999954223633	15.468000411987305	-9.642999649047852	25.572999954223633	15.468000411987305	-9.642999649047852	G	G
57	57	27.42099952697754	16.841999053955078	-12.73900032043457	27.42099952697754	16.841999053955078	-12.73900032043457	G	G
58	58	27.05699920654297	19.95800018310547	-14.967000007629395	27.43600082397461	19.989999771118164	-16.46299934387207	A	N
59	59	31.757999420166016	13.357999801635742	-13.67300033569336	31.757999420166016	13.357999801635742	-13.67300033569336	X	X
60	60	25.655000686645508	20.525999069213867	-14.817999839782715	25.655000686645508	20.525999069213867	-14.817999839782715	Z	Z
