Nr	Nidx	CaX	CaY	CaZ	PosX	PosY	PosZ	Let	Type
6	1	16.593000411987305	24.77899932861328	39.3650016784668	15.489999771118164	23.947999954223633	38.70000076293945	L	N
7	2	18.597000122070312	22.374000549316406	41.49100112915039	19.57200050354004	23.08300018310547	42.44499969482422	Y	P
8	3	17.672000885009766	19.10700035095215	43.20000076293945	18.454999923706055	17.84600067138672	43.16400146484375	A	N
9	4	16.35099983215332	20.30900001525879	46.5620002746582	14.855999946594238	20.56800079345703	46.729000091552734	P	N
10	5	18.0	19.542999267578125	49.95899963378906	19.520000457763672	19.48900032043457	49.90700149536133	S	P
11	6	15.944999694824219	20.711000442504883	52.94900131225586	14.873000144958496	21.663000106811523	52.49399948120117	A	N
12	7	15.434000015258789	18.854000091552734	56.25299835205078	16.641000747680664	17.958999633789062	56.51499938964844	L	N
13	8	13.925999641418457	19.283000946044922	59.78099822998047	12.401000022888184	19.628000259399414	60.08000183105469	V	N
14	9	15.517000198364258	17.31100082397461	62.57099914550781	17.03499984741211	17.204999923706055	62.638999938964844	L	N
15	10	13.795999526977539	16.867000579833984	65.94100189208984	12.24899959564209	16.841999053955078	65.94200134277344	T	P
16	11	15.048999786376953	15.199000358581543	69.14700317382812	16.545000076293945	15.428999900817871	69.49600219726562	V	N
17	12	13.102999687194824	14.25100040435791	72.24700164794922	13.102999687194824	14.25100040435791	72.24700164794922	G	G
18	13	13.579000473022461	11.895000457763672	75.19000244140625	13.73799991607666	12.282999992370605	76.65399932861328	K	B
19	14	11.581000328063965	8.789999961853027	74.44499969482422	11.581000328063965	8.789999961853027	74.44499969482422	G	G
20	15	11.644000053405762	5.642000198364258	72.36900329589844	11.63599967956543	4.385000228881836	73.28600311279297	V	N
21	16	9.182000160217285	6.211999893188477	69.49400329589844	8.126999855041504	5.116000175476074	69.57599639892578	S	P
22	17	7.544000148773193	9.204999923706055	67.79000091552734	7.360000133514404	9.366999626159668	66.31199645996094	A	N
23	18	4.331999778747559	8.390999794006348	69.64199829101562	3.559999942779541	7.0370001792907715	69.54199981689453	T	P
24	19	6.090000152587891	8.456999778747559	73.05500030517578	6.48799991607666	7.120999813079834	73.74600219726562	T	P
25	20	8.788000106811523	11.121999740600586	72.58999633789062	10.071000099182129	10.600000381469727	71.93099975585938	A	N
26	21	7.73799991607666	14.744000434875488	72.49099731445312	7.210999965667725	15.498000144958496	73.67400360107422	A	N
27	22	9.814000129699707	16.992000579833984	70.1520004272461	9.182999610900879	17.490999221801758	68.85199737548828	P	N
28	23	11.852999687194824	19.094999313354492	72.56500244140625	12.769000053405762	18.545000076293945	73.65399932861328	E	A
29	24	14.267999649047852	20.659000396728516	70.0999984741211	15.73900032043457	20.5310001373291	70.46800231933594	R	B
30	25	13.956000328063965	21.059999465942383	66.30400085449219	12.47700023651123	21.165000915527344	65.9749984741211	A	N
31	26	16.341999053955078	22.509000778198242	63.691001892089844	17.833999633789062	22.417999267578125	63.96200180053711	V	N
32	27	15.930000305175781	23.099000930786133	59.9370002746582	15.074000358581543	24.214000701904297	59.25400161743164	T	P
33	28	18.867000579833984	22.347000122070312	57.60100173950195	19.57699966430664	21.06999969482422	58.0	L	N
34	29	19.382999420166016	23.416000366210938	53.983001708984375	18.81599998474121	24.80500030517578	53.57099914550781	T	P
35	30	22.266000747680664	22.17300033569336	51.821998596191406	22.694000244140625	20.73699951171875	52.09000015258789	C	P
36	31	21.381999969482422	23.410999298095703	48.305999755859375	20.80500030517578	22.274999618530273	47.45100021362305	A	N
37	32	22.41900062561035	25.690000534057617	46.82099914550781	22.336000442504883	26.899999618530273	45.88999938964844	P	N
38	33	24.267000198364258	26.36400032043457	50.04899978637695	24.267000198364258	26.36400032043457	50.04899978637695	G	G
39	34	24.27400016784668	25.33799934387207	53.74800109863281	25.607999801635742	24.857999801635742	54.31399917602539	P	N
40	35	21.905000686645508	27.367000579833984	55.89899826049805	21.3439998626709	28.518999099731445	55.0620002746582	S	P
41	36	19.121000289916992	26.94700050354004	58.48400115966797	19.121000289916992	26.94700050354004	58.48400115966797	G	G
42	37	18.589000701904297	27.027000427246094	62.27199935913086	17.253999710083008	26.91200065612793	63.06100082397461	T	P
43	38	21.02899932861328	24.158000946044922	62.67900085449219	21.33799934387207	23.148000717163086	61.571998596191406	H	B
44	39	24.04400062561035	25.266000747680664	64.85800170898438	24.27899932861328	24.45400047302246	66.1259994506836	P	N
45	40	26.468000411987305	23.875999450683594	62.28200149536133	27.451000213623047	22.87700080871582	62.86199951171875	A	N
46	41	24.700000762939453	24.07699966430664	58.900001525878906	24.052000045776367	25.332000732421875	58.374000549316406	A	N
47	42	27.9689998626709	23.849000930786133	56.987998962402344	27.9689998626709	23.849000930786133	56.987998962402344	G	G
48	43	29.554000854492188	20.80500030517578	58.645999908447266	30.20800018310547	20.770000457763672	60.01599884033203	S	P
49	44	26.187000274658203	19.06399917602539	58.98400115966797	24.895999908447266	19.6560001373291	59.571998596191406	A	N
50	45	25.708999633789062	19.55699920654297	55.194000244140625	25.729000091552734	20.87700080871582	54.446998596191406	C	P
51	46	29.18899917602539	18.142000198364258	54.643001556396484	30.492000579833984	18.78700065612793	55.07500076293945	A	N
52	47	28.448999404907227	15.182999610900879	56.88399887084961	27.90399932861328	15.281000137329102	58.31399917602539	D	A
53	48	25.39299964904785	14.274999618530273	54.88100051879883	24.111000061035156	15.10200023651123	54.816001892089844	L	N
54	49	27.010000228881836	14.8149995803833	51.47700119018555	27.70199966430664	16.07699966430664	51.04499816894531	A	N
55	50	29.908000946044922	12.57800006866455	52.33599853515625	30.827999114990234	12.755000114440918	53.507999420166016	A	N
56	51	27.56999969482422	9.753000259399414	53.28099822998047	27.00200080871582	9.588000297546387	54.72100067138672	V	N
57	52	25.42300033569336	10.37399959564209	50.236000061035156	25.42300033569336	10.37399959564209	50.236000061035156	G	G
58	53	22.458999633789062	11.574999809265137	52.26300048828125	22.458999633789062	11.574999809265137	52.26300048828125	G	G
59	54	22.281999588012695	8.11400032043457	53.79499816894531	23.009000778198242	6.888999938964844	53.2599983215332	D	A
60	55	21.621999740600586	8.901000022888184	57.457000732421875	20.242000579833984	9.225000381469727	58.03300094604492	L	N
61	56	21.96500015258789	5.236999988555908	58.38199996948242	21.10099983215332	4.110000133514404	57.83000183105469	N	P
62	57	25.586999893188477	5.191999912261963	57.194000244140625	25.913999557495117	5.131999969482422	55.729000091552734	A	N
63	58	26.81800079345703	7.991000175476074	59.4630012512207	25.93600082397461	9.088000297546387	60.07600021362305	L	N
64	59	29.56399917602539	6.429999828338623	61.61399841308594	30.968000411987305	5.973999977111816	61.12799835205078	T	P
65	60	30.165000915527344	6.445000171661377	65.35399627685547	29.586000442504883	5.315999984741211	66.2020034790039	R	B
66	61	33.48099899291992	8.092000007629395	66.25199890136719	33.48099899291992	8.092000007629395	66.25199890136719	G	G
67	62	35.676998138427734	5.234000205993652	67.51200103759766	36.7400016784668	4.520999908447266	66.66500091552734	E	A
68	63	37.52799987792969	7.500999927520752	69.93299865722656	38.667999267578125	8.472000122070312	69.5510025024414	D	A
69	64	34.40299987792969	9.32699966430664	71.21900177001953	33.20399856567383	9.848999977111816	70.3759994506836	V	N
70	65	33.68000030517578	7.980000019073486	74.70999908447266	34.86899948120117	7.855999946594238	75.6500015258789	M	N
71	66	30.2549991607666	8.23799991607666	76.33399963378906	29.054000854492188	8.005000114440918	75.41300201416016	C	P
72	67	29.15399932861328	7.3979997634887695	79.91000366210938	28.635000228881836	8.543999671936035	80.77400207519531	P	N
73	68	27.04400062561035	4.236000061035156	80.19300079345703	27.570999145507812	2.865999937057495	80.63600158691406	M	N
74	69	23.68199920654297	5.868000030517578	80.8949966430664	23.457000732421875	7.388000011444092	80.88500213623047	V	N
75	70	20.4060001373291	4.5289998054504395	79.52400207519531	19.94300079345703	3.109999895095825	79.81700134277344	Y	P
76	71	18.368999481201172	7.681000232696533	78.93000030517578	19.093000411987305	8.869000434875488	79.56900024414062	D	A
77	72	16.91900062561035	7.168000221252441	75.36100006103516	15.826000213623047	6.124000072479248	75.18699645996094	P	N
78	73	16.48699951171875	9.97599983215332	72.87100219726562	17.729000091552734	10.916999816894531	72.91300201416016	V	N
79	74	14.484999656677246	9.758000373840332	69.63099670410156	12.958000183105469	9.57699966430664	69.55899810791016	L	N
80	75	15.984999656677246	11.468999862670898	66.5989990234375	17.45599937438965	11.302000045776367	66.22200012207031	L	N
81	76	13.788000106811523	12.192999839782715	63.57099914550781	12.3100004196167	12.496999740600586	63.70500183105469	T	P
82	77	14.75100040435791	13.666000366210938	60.15399932861328	16.14900016784668	13.258000373840332	59.637001037597656	V	N
83	78	12.267999649047852	14.59000015258789	57.41699981689453	10.857999801635742	14.789999961853027	57.95000076293945	D	A
84	79	12.324999809265137	16.454999923706055	54.12300109863281	12.324999809265137	16.454999923706055	54.12300109863281	G	G
85	80	14.281999588012695	16.14299964904785	50.882999420166016	13.722000122070312	16.957000732421875	49.698001861572266	V	N
86	81	17.899999618530273	15.199000358581543	50.220001220703125	18.63599967956543	14.12600040435791	51.012001037597656	T	N
87	82	18.9950008392334	15.972999572753906	46.63800048828125	20.264999389648438	15.152000427246094	46.374000549316406	Q	P
88	83	15.520000457763672	15.651000022888184	45.16699981689453	15.520000457763672	15.651000022888184	45.16699981689453	G	G
89	84	14.725000381469727	12.48900032043457	47.08100128173828	15.748000144958496	11.380999565124512	47.10900115966797	K	B
90	85	12.21500015258789	12.373000144958496	49.97200012207031	10.739999771118164	12.003000259399414	49.85499954223633	R	B
91	86	13.690999984741211	11.557000160217285	53.38399887084961	14.868000030517578	12.42300033569336	53.81800079345703	V	N
92	87	11.855999946594238	10.121999740600586	56.41400146484375	10.49899959564209	9.612000465393066	55.96900177001953	S	P
93	88	14.125	8.684000015258789	59.11800003051758	15.581999778747559	8.902999877929688	58.68899917602539	Y	P
94	89	14.038999557495117	8.192999839782715	62.87300109863281	12.595999717712402	8.241999626159668	63.3489990234375	E	A
95	90	16.349000930786133	6.38700008392334	65.25199890136719	17.753000259399414	6.427999973297119	64.6719970703125	R	B
96	91	16.45599937438965	5.942999839782715	69.03700256347656	15.482999801635742	5.039000034332275	69.87000274658203	V	N
97	92	19.825000762939453	6.439000129699707	70.6780014038086	20.628000259399414	7.702000141143799	70.41500091552734	F	N
98	93	20.788000106811523	5.107999801635742	74.14700317382812	21.945999145507812	4.15500020980835	74.46800231933594	S	P
99	94	21.570999145507812	8.666000366210938	75.21499633789062	22.507999420166016	8.461000442504883	76.43499755859375	N	P
100	95	22.28700065612793	12.133000373840332	73.69400024414062	21.999000549316406	13.505000114440918	74.3219985961914	E	A
101	96	26.06599998474121	11.633999824523926	73.96399688720703	26.80299949645996	11.156999588012695	75.2229995727539	C	P
102	97	25.59600067138672	8.640000343322754	71.73100280761719	24.743999481201172	7.447999954223633	72.13300323486328	E	A
103	98	23.398000717163086	10.517000198364258	69.27899932861328	22.139999389648438	11.302000045776367	69.63500213623047	M	N
104	99	25.899999618530273	13.366000175476074	69.08499908447266	26.135000228881836	14.40999984741211	70.2030029296875	N	P
105	100	28.608999252319336	10.76200008392334	68.41100311279297	28.969999313354492	9.699000358581543	69.43199920654297	A	N
106	101	27.16900062561035	9.664999961853027	65.07499694824219	25.80699920654297	8.984999656677246	64.9530029296875	H	B
107	102	28.631999969482422	12.010000228881836	62.494998931884766	28.631999969482422	12.010000228881836	62.494998931884766	G	G
108	103	30.593000411987305	14.993000030517578	63.72800064086914	31.743999481201172	15.64900016784668	62.974998474121094	S	P
109	104	27.844999313354492	17.663000106811523	63.547000885009766	28.448999404907227	18.993000030517578	63.10599899291992	S	P
110	105	24.677000045776367	16.3700008392334	61.81999969482422	24.45400047302246	14.970000267028809	61.176998138427734	V	N
111	106	22.924999237060547	15.470000267028809	65.08000183105469	22.764999389648438	14.001999855041504	65.44499969482422	F	N
112	107	24.892000198364258	17.74799919128418	67.38300323486328	26.39900016784668	17.930999755859375	67.38099670410156	A	N
113	108	22.139999389648438	20.319000244140625	67.92500305175781	21.30699920654297	20.518999099731445	66.63600158691406	F	N
109	109	17.159000396728516	25.785999298095703	38.41699981689453	17.159000396728516	25.785999298095703	38.41699981689453	X	X
110	110	21.2189998626709	20.149999618530273	69.16300201416016	21.2189998626709	20.149999618530273	69.16300201416016	Z	Z
