Nr	Nidx	CaX	CaY	CaZ	PosX	PosY	PosZ	Let	Type
7	1	61.75600051879883	23.354000091552734	20.905000686645508	59.46200180053711	24.628000259399414	20.94700050354004	L	N
8	2	63.22100067138672	20.21299934387207	19.354999542236328	63.773999786376955	17.7742000579834	21.877399826049803	H	B
9	3	61.71200180053711	17.631000518798828	17.020999908447266	61.32500076293945	20.878000259399414	11.567999839782715	K	B
10	4	61.638999938964844	13.956000328063965	17.94700050354004	61.172000885009766	14.225000381469727	21.791000366210938	E	A
11	5	61.066001892089844	10.95199966430664	15.682999610900879	62.94200134277344	9.958000183105469	16.69300079345703	P	N
12	6	57.810001373291016	9.012999534606934	15.711999893188477	56.678001403808594	9.954000473022461	16.1299991607666	A	N
13	7	56.11800003051758	6.340000152587891	13.628999710083008	56.22600173950195	4.044000148773193	12.57800006866455	T	P
14	8	52.555999755859375	6.560999870300293	12.354000091552734	50.74300003051758	7.2230000495910645	10.461999893188477	L	N
15	9	50.21099853515625	3.8989999294281006	13.711000442504883	51.18299865722656	3.128999948501587	17.402000427246094	I	N
16	10	46.83000183105469	5.2270002365112305	12.642000198364258	41.137001037597656	2.9030001163482666	14.144000053405762	K	B
17	11	45.24800109863281	8.48900032043457	11.508999824523926	45.263999938964844	9.003000259399414	10.07800006866455	A	N
18	12	42.064998626708984	9.050999641418457	13.522000312805176	43.20199966430664	8.25	17.13599967956543	I	N
19	13	40.801998138427734	12.317999839782715	12.055999755859375	39.691001892089844	13.281000137329102	14.13700008392334	D	A
20	14	41.680999755859375	15.907999992370605	11.305000305175781	41.680999755859375	15.907999992370605	11.305000305175781	G	G
21	15	43.029998779296875	16.832000732421875	14.746999740600586	41.060001373291016	17.033000946044922	16.340999603271484	D	A
22	16	44.17499923706055	13.52400016784668	16.27199935913086	42.38600158691406	14.01099967956543	17.961999893188477	T	P
23	17	46.643001556396484	10.833999633789062	15.276000022888184	47.68000030517578	11.404000282287598	14.26200008392334	V	N
24	18	48.02199935913086	7.686999797821045	16.91699981689453	45.402000427246094	3.1429998874664307	20.268999099731445	K	B
25	19	51.808998107910156	7.423999786376953	16.92099952697754	52.61800003051758	9.642000198364258	15.605999946594238	L	N
26	20	54.52199935913086	5.164000034332275	18.256000518798828	54.38800048828125	0.8169999718666077	18.363000869750977	M	N
27	21	56.46699905395508	7.585000038146973	20.430999755859375	57.58957127162388	11.210857255118233	22.17542893545968	Y	P
28	22	59.604000091552734	6.484000205993652	22.275999069213867	62.125	11.324999809265137	25.441999435424805	K	B
29	23	58.66899871826172	2.821000099182129	22.0	58.66899871826172	2.821000099182129	22.0	G	G
30	24	54.992000579833984	3.063999891281128	22.97100067138672	54.19900131225586	5.117000102996826	26.152000427246094	Q	P
31	25	51.70100021362305	3.8450000286102295	21.194000244140625	50.89799880981445	1.8389999866485596	22.16699981689453	P	N
32	26	50.2140007019043	7.230999946594238	22.073999404907227	52.95100021362305	9.142000198364258	25.41900062561035	M	N
33	27	47.40800094604492	9.458000183105469	20.82699966430664	45.03499984741211	10.258000373840332	20.459999084472656	T	P
34	28	48.37200164794922	13.01099967956543	19.893999099731445	52.10266558329264	12.392333348592123	20.31766700744629	F	N
35	29	46.13600158691406	16.062000274658203	19.555999755859375	42.36600112915039	19.56100082397461	18.729000091552734	R	B
36	30	47.409000396728516	18.695999145507812	17.11199951171875	47.79800033569336	17.889999389648438	14.668000221252441	L	N
37	31	48.20199966430664	21.975000381469727	18.854000091552734	50.05500030517578	21.847000122070312	20.729000091552734	L	N
38	32	46.400001525878906	25.219999313354492	18.014999389648438	48.34700012207031	26.683000564575195	18.854999542236328	L	N
39	33	44.00899887084961	23.799999237060547	15.437999725341797	44.58700180053711	22.908000946044922	14.289999961853027	V	N
40	34	40.25299835205078	23.26099967956543	15.395000457763672	39.24800109863281	24.454999923706055	17.39299964904785	D	A
41	35	39.159000396728516	20.94300079345703	12.597000122070312	41.45600128173828	20.1200008392334	12.022000312805176	T	P
42	36	35.54399871826172	20.093000411987305	11.722000122070312	35.88100051879883	21.43899917602539	9.79800033569336	P	N
43	37	34.59400177001953	16.913000106811523	13.60099983215332	35.7140007019043	17.423999786376953	16.474000930786133	E	A
44	38	33.847999572753906	13.76099967956543	11.609999656677246	34.42300033569336	11.779999732971191	10.168000221252441	T	P
51	39	29.892000198364258	14.805000305175781	10.559000015258789	29.968000411987305	13.85200023651123	9.343999862670898	V	N
52	40	30.474000930786133	18.551000595092773	10.281000137329102	31.8700008392334	20.055999755859375	13.605999946594238	E	A
53	41	31.093000411987305	20.391000747680664	7.013999938964844	29.365999221801758	21.947999954223633	1.812000036239624	K	B
54	42	34.6349983215332	19.77199935913086	5.718999862670898	34.4437141418457	22.974285670689174	3.1130000352859497	Y	P
55	43	35.1349983215332	17.194000244140625	8.460000038146973	35.1349983215332	17.194000244140625	8.460000038146973	G	G
56	44	35.909000396728516	14.385000228881836	5.993000030517578	33.80799865722656	14.873000144958496	5.000999927520752	P	N
57	45	38.03200149536133	16.764999389648438	3.882999897003174	35.31800079345703	17.493999481201172	2.634000062942505	E	A
58	46	40.183998107910156	17.65999984741211	6.889999866485596	39.66299819946289	18.361000061035156	8.142000198364258	A	N
59	47	40.492000579833984	14.001999855041504	7.9120001792907715	39.32699966430664	13.069999694824219	8.262999534606934	S	P
60	48	41.49399948120117	12.826000213623047	4.440999984741211	40.61199951171875	12.888999938964844	3.2090001106262207	A	N
61	49	43.98699951171875	15.675999641418457	4.1529998779296875	45.8435001373291	18.973833084106445	3.8331665992736816	F	N
62	50	45.73500061035156	14.803999900817871	7.416999816894531	46.01499938964844	14.406999588012695	9.887999534606934	T	P
63	51	45.59700012207031	11.07699966430664	6.631999969482422	43.89799880981445	6.26800012588501	4.623000144958496	K	B
64	52	47.16299819946289	11.442000389099121	3.187000036239624	46.816001892089844	13.607000350952148	-2.763000011444092	K	B
65	53	49.88800048828125	13.767999649047852	4.4710001945495605	51.862998962402344	18.2810001373291	6.300000190734863	M	N
66	54	50.784000396728516	11.420000076293945	7.323999881744385	48.60599899291992	12.538000106811523	10.34000015258789	E	A
67	55	50.5620002746582	8.03600025177002	5.572999954223633	47.051998138427734	6.306000232696533	5.603000164031982	E	A
68	56	52.66899871826172	9.164999961853027	2.5929999351501465	50.85499954223633	9.446999549865723	0.8420000076293945	N	P
69	57	55.42599868774414	10.746000289916992	4.690999984741211	55.198001861572266	11.54699993133545	5.980000019073486	A	N
70	58	58.88399887084961	9.177000045776367	4.896999835968018	63.415000915527344	10.619999885559082	1.3890000581741333	K	B
71	59	59.52199935913086	10.755000114440918	8.28499984741211	65.64600372314453	12.0	7.078000068664551	K	B
72	60	57.097999572753906	11.86299991607666	10.993000030517578	54.42100143432617	11.598999977111816	9.48799991607666	I	N
73	61	58.32600021362305	14.072999954223633	13.810999870300293	61.54800033569336	15.413000106811523	12.114999771118164	E	A
74	62	56.63600158691406	15.371999740600586	16.94099998474121	56.10900115966797	14.359000205993652	17.98699951171875	V	N
75	63	57.42399978637695	18.68000030517578	18.59600067138672	58.48899841308594	22.106000900268555	17.06999969482422	E	A
76	64	56.14099884033203	19.45599937438965	22.084999084472656	55.526666005452476	15.97683318456014	23.44933319091797	F	N
77	65	55.65299987792969	23.0939998626709	23.041000366210938	54.61399841308594	25.336000442504883	22.466999053955078	D	A
78	66	56.77000045776367	24.753000259399414	26.290000915527344	55.1510009765625	29.80500030517578	26.788000106811523	K	B
79	67	53.48099899291992	24.356000900268555	28.163000106811523	53.48099899291992	24.356000900268555	28.163000106811523	G	G
80	68	51.584999084472656	21.29400062561035	29.405000686645508	48.8849983215332	22.30900001525879	32.007999420166016	Q	P
81	69	52.33399963378906	18.24799919128418	27.21299934387207	57.68199920654297	19.298999786376953	27.46299934387207	R	B
82	70	49.08000183105469	16.259000778198242	27.584999084472656	50.62300109863281	14.314000129699707	28.045000076293945	T	P
83	71	45.409000396728516	17.19300079345703	27.868000030517578	44.05799865722656	16.18899917602539	25.950000762939453	D	A
84	72	42.84199905395508	15.842000007629395	30.334999084472656	37.6609992980957	18.167999267578125	31.785999298095703	K	B
85	73	42.178001403808594	12.836999893188477	28.086000442504883	38.46657180786133	14.54414313180106	27.36899975367955	Y	P
86	74	45.78900146484375	11.642000198364258	28.05699920654297	45.78900146484375	11.642000198364258	28.05699920654297	G	G
87	75	46.53499984741211	12.878999710083008	24.53700065612793	41.7760009765625	15.121999740600586	22.398000717163086	R	B
88	76	49.91299819946289	14.437999725341797	23.777999877929688	49.91299819946289	14.437999725341797	23.777999877929688	G	G
89	77	49.75400161743164	18.086000442504883	22.67799949645996	48.055999755859375	18.826000213623047	24.457000732421875	L	N
90	78	52.18899917602539	18.785999298095703	19.861000061035156	53.108001708984375	17.57699966430664	19.827999114990234	A	N
91	79	53.04199981689453	20.128999710083008	16.444000244140625	53.31214305332729	23.977000100272043	18.029142924717494	Y	P
92	80	53.33700180053711	17.240999221801758	13.982000350952148	52.202999114990234	15.161999702453613	16.031999588012695	I	N
93	81	55.70899963378906	17.30900001525879	11.013999938964844	57.34528514317104	20.695571626935685	12.833142689296178	Y	P
94	82	55.492000579833984	15.161999702453613	7.874000072479248	54.138999938964844	15.0	7.205999851226807	A	N
95	83	58.755001068115234	15.21500015258789	5.890999794006348	58.316001892089844	13.336999893188477	4.247000217437744	D	A
96	84	59.59299850463867	18.572999954223633	7.420000076293945	59.59299850463867	18.572999954223633	7.420000076293945	G	G
97	85	56.176998138427734	20.10300064086914	6.736000061035156	58.26300048828125	17.746999740600586	2.6500000953674316	K	B
98	86	54.10200119018555	20.968000411987305	9.8100004196167	54.82899856567383	24.513999938964844	12.89900016784668	M	N
99	87	50.66899871826172	19.354000091552734	9.531999588012695	50.2599983215332	17.952999114990234	10.074000358581543	V	N
100	88	49.13800048828125	21.908000946044922	11.925999641418457	50.1609992980957	21.240999221801758	14.156000137329102	N	P
101	89	50.16299819946289	24.72100067138672	9.557000160217285	53.1510009765625	26.81599998474121	8.190999984741211	E	A
102	90	49.17499923706055	22.94499969482422	6.318999767303467	49.66999816894531	21.55500030517578	5.885000228881836	A	N
103	91	45.630001068115234	22.364999771118164	7.609000205993652	45.11899948120117	20.163000106811523	8.977999687194824	L	N
104	92	45.10100173950195	26.009000778198242	8.503000259399414	45.83300018310547	26.791000366210938	9.628999710083008	V	N
105	93	46.7239990234375	27.30299949645996	5.296999931335449	47.874000549316406	30.141000747680664	1.4500000476837158	R	B
106	94	44.540000915527344	25.03499984741211	3.180000066757202	45.28300094604492	23.131999969482422	0.6949999928474426	Q	P
107	95	41.52399826049805	26.408000946044922	5.050000190734863	41.52399826049805	26.408000946044922	5.050000190734863	G	G
108	96	40.654998779296875	23.06100082397461	6.663000106811523	41.11800003051758	21.61199951171875	4.617000102996826	L	N
109	97	40.97800064086914	24.257999420166016	10.241999626159668	42.0989990234375	23.413000106811523	10.845000267028809	A	N
110	98	40.85300064086914	27.402000427246094	12.34000015258789	35.069000244140625	28.81100082397461	13.423999786376953	K	B
111	99	43.459999084472656	28.50200080871582	14.859999656677246	44.354000091552734	29.756999969482422	14.805999755859375	V	N
112	100	42.277000427246094	27.458999633789062	18.32200050354004	42.319000244140625	26.02199935913086	18.815000534057617	A	N
113	101	42.7760009765625	29.391000747680664	21.55500030517578	38.85657174246652	30.848714556012833	21.487714222499303	Y	P
114	102	46.17300033569336	29.000999450683594	23.215999603271484	47.10100173950195	30.150999069213867	23.65999984741211	V	N
115	103	46.242000579833984	26.18400001525879	25.781999588012695	44.96357182094029	22.729142597743444	27.71099989754813	Y	P
116	104	48.356998443603516	26.2549991607666	28.95199966430664	44.540000915527344	25.31100082397461	32.5359992980957	K	B
117	105	51.22600173950195	28.290000915527344	27.509000778198242	51.22600173950195	28.290000915527344	27.509000778198242	G	G
118	106	51.55699920654297	26.31100082397461	24.277999877929688	51.34199905395508	23.927000045776367	25.090999603271484	N	P
119	107	51.814998626708984	29.18899917602539	21.816999435424805	52.099998474121094	30.993000030517578	23.56399917602539	N	P
120	108	55.2599983215332	29.121000289916992	20.20400047302246	57.54499816894531	28.358999252319336	19.45599937438965	T	P
121	109	53.733001708984375	28.84600067138672	16.704999923706055	56.225599670410155	26.455199813842775	15.934199905395507	H	B
122	110	50.50600051879883	30.823999404907227	17.239999771118164	48.41899871826172	33.073001861572266	19.663999557495117	E	A
123	111	51.6150016784668	33.731998443603516	15.041000366210938	51.13999938964844	36.349998474121094	16.261999130249023	Q	P
124	112	52.770999908447266	31.461999893188477	12.232999801635742	54.03499984741211	29.507999420166016	11.109000205993652	L	N
125	113	49.36399841308594	29.788000106811523	12.267999649047852	49.768001556396484	27.59000015258789	13.555999755859375	L	N
126	114	47.42900085449219	33.05500030517578	12.579999923706055	45.15399932861328	33.90999984741211	17.336000442504883	R	B
127	115	49.07400131225586	34.356998443603516	9.40999984741211	54.29100036621094	37.61000061035156	10.946999549865723	K	B
128	116	48.393001556396484	31.138999938964844	7.491000175476074	48.8489990234375	29.743999481201172	7.892000198364258	A	N
129	117	44.74100112915039	31.44300079345703	8.552000045776367	42.28099822998047	31.62299919128418	11.569999694824219	E	A
130	118	44.483001708984375	35.077999114990234	7.427999973297119	45.39799880981445	36.21799850463867	7.880000114440918	A	N
131	119	45.722999572753906	34.020999908447266	3.990999937057495	47.45899963378906	34.84000015258789	1.621999979019165	Q	P
132	120	43.279998779296875	31.10300064086914	3.747999906539917	43.19200134277344	29.929000854492188	4.71999979019165	A	N
133	121	40.49800109863281	33.516998291015625	4.678999900817871	39.87699890136719	34.91600036621094	10.194000244140625	K	B
134	122	41.60499954223633	36.04399871826172	2.0490000247955322	47.03499984741211	38.13399887084961	2.7850000858306885	K	B
135	123	41.59199905395508	33.236000061035156	-0.5189999938011169	45.20899963378906	31.8439998626709	-0.9490000009536743	E	A
136	124	38.20399856567383	32.047000885009766	0.722000002861023	33.77399826049805	36.30799865722656	-0.42500001192092896	K	B
137	125	39.41699981689453	28.445999145507812	0.8709999918937683	41.880001068115234	28.479999542236328	0.003000000026077032	L	N
138	126	37.073001861572266	25.663999557495117	1.972000002861023	38.702999114990234	23.816999435424805	1.4670000076293945	N	P
139	127	35.80400085449219	26.58099937438965	5.440999984741211	37.28499984741211	24.600000381469727	8.442999839782715	I	N
140	128	36.13199996948242	30.23200035095215	4.454999923706055	38.373443603515625	30.923444747924805	7.6693334049648705	T	N
141	129	34.025001525878906	29.631999969482422	1.3270000219345093	33.66400146484375	28.266000747680664	0.7400000095367432	S	P
