Nr	Nidx	CaX	CaY	CaZ	PosX	PosY	PosZ	Let	Type
1	1	6.677000045776367	-0.5149999856948853	29.351999282836914	8.449000358581543	1.600000023841858	34.04899978637695	K	B
2	2	3.052000045776367	-1.0549999475479126	28.489999771118164	2.0290000438690186	-1.7079999446868896	29.417999267578125	S	P
3	3	1.159999966621399	1.8140000104904175	26.742000579833984	0.7839999794960022	0.09200000017881393	25.163000106811523	P	N
4	4	-1.0800000429153442	2.260999917984009	29.78499984741211	-2.5850000381469727	-0.421999990940094	28.72100067138672	E	A
5	5	2.065999984741211	2.750999927520752	31.829999923706055	3.9579999446868896	-0.29100000858306885	33.12900161743164	E	A
6	6	3.5880000591278076	4.968999862670898	29.16900062561035	5.021999835968018	3.5480000972747803	27.538999557495117	L	N
7	7	0.42100000381469727	7.1620001792907715	29.121999740600586	-4.435999870300293	9.253000259399414	27.06399917602539	K	B
8	8	0.6079999804496765	7.815000057220459	32.86000061035156	0.6079999804496765	7.815000057220459	32.86000061035156	G	G
9	9	4.296999931335449	8.902999877929688	32.60499954223633	6.630000114440918	5.815999984741211	32.729000091552734	I	N
10	10	3.6050000190734863	11.10200023651123	29.523000717163086	2.3169999917348227	12.672500133514404	26.208333333333332	F	N
11	11	0.6850000023841858	12.855999946594238	31.29599952697754	-2.7939999103546143	11.190999984741211	31.534000396728516	E	A
12	12	2.631999969482422	13.553999900817871	34.43199920654297	6.459000110626221	13.123000144958496	38.16600036621094	K	B
13	13	5.27400016784668	15.571999549865723	32.53900146484375	8.328571387699672	13.152999877929688	34.03428595406668	Y	P
14	14	2.9649999141693115	17.16900062561035	29.975000381469727	2.0309998989105225	16.402999877929688	29.06399917602539	A	N
15	15	0.9150000214576721	18.507999420166016	32.88399887084961	0.3449999988079071	17.687000274658203	33.99300003051758	A	N
16	16	3.888000011444092	20.608999252319336	34.03499984741211	4.8979997634887695	20.238000869750977	37.972999572753906	K	B
17	17	2.9579999446868896	23.43199920654297	31.604999542236328	6.474999904632568	23.695999145507812	30.992000579833984	E	A
18	18	1.3389999866485596	24.325000762939453	28.291000366210938	1.3389999866485596	24.325000762939453	28.291000366210938	G	G
19	19	-0.9210000038146973	21.81599998474121	26.575000762939453	-2.1429998874664307	21.198999404907227	24.422000885009766	D	A
20	20	-1.6039999723434448	18.777000427246094	28.809999465942383	-3.8269999027252197	19.34600067138672	28.98200035095215	P	N
21	21	-1.7410000562667847	16.61199951171875	25.674999237060547	-4.260000228881836	16.413999557495117	25.631999969482422	N	P
22	22	1.7200000286102295	17.506000518798828	24.298999786376953	0.3930000066757202	18.33799934387207	21.47599983215332	Q	P
23	23	5.308000087738037	17.25	25.509000778198242	6.668000221252441	15.246999740600586	26.68600082397461	L	N
24	24	7.958000183105469	19.87299919128418	24.51099967956543	8.180999755859375	21.29400062561035	25.077999114990234	S	P
25	25	11.534000396728516	18.823999404907227	24.02400016784668	15.574999809265137	19.17799949645996	19.81100082397461	K	B
26	26	12.651000022888184	19.95800018310547	27.542999267578125	13.479999542236328	23.642000198364258	28.00200080871582	E	A
27	27	9.795000076293945	18.10700035095215	29.25	6.285999774932861	19.856000900268555	29.115999221801758	E	A
28	28	10.861000061035156	15.031999588012695	27.23900032043457	11.342000007629395	13.57699966430664	25.18000030517578	L	N
29	29	14.475000381469727	15.472999572753906	28.381000518798828	17.680999755859375	19.639999389648438	25.16699981689453	K	B
30	30	13.454000473022461	15.54699993133545	32.117000579833984	13.187999725341797	17.941999435424805	33.24800109863281	L	N
31	31	11.121000289916992	12.58899974822998	31.551000595092773	9.0	11.399999618530273	30.375	L	N
32	32	13.96399974822998	10.446000099182129	29.961999893188477	13.894000053405762	10.645999908447266	27.381000518798828	L	N
33	33	16.490999221801758	11.482000350952148	32.52399826049805	17.641000747680664	14.520000457763672	34.5880012512207	Q	P
34	34	14.354999542236328	10.3149995803833	35.40299987792969	13.36299991607666	12.630999565124512	35.862998962402344	T	P
35	35	12.255000114440918	7.547999858856201	33.834999084472656	9.442999839782715	8.201000213623047	35.21200180053711	E	A
36	36	14.508999824523926	5.9730000495910645	31.204999923706055	10.99066686630249	5.360499938329061	29.68899981180827	F	N
37	37	18.00200080871582	7.197000026702881	32.152000427246094	17.615999221801758	5.939000129699707	34.16400146484375	P	N
38	38	19.566999435424805	4.400000095367432	30.04400062561035	19.259000778198242	2.9130001068115234	30.19700050354004	S	P
39	39	17.947999954223633	5.841000080108643	26.910999298095703	15.730999946594238	4.5329999923706055	26.711000442504883	L	N
40	40	19.940000534057617	9.041999816894531	27.283000946044922	18.290000915527344	10.887999534606934	28.1560001373291	L	N
41	41	23.322999954223633	7.243000030517578	26.89699935913086	23.93400001525879	6.892000198364258	32.70100021362305	K	B
42	42	26.070999145507812	7.425000190734863	24.260000228881836	26.070999145507812	7.425000190734863	24.260000228881836	G	G
43	43	25.62700080871582	9.380999565124512	21.01300048828125	26.735000610351562	7.53000020980835	19.992000579833984	P	N
44	44	21.986000061035156	10.517000198364258	20.85300064086914	21.38800048828125	11.470000267028809	21.900999069213867	S	P
45	45	19.400999069213867	10.413000106811523	18.179000854492188	20.347999572753906	8.39799976348877	17.0939998626709	T	P
46	46	16.905000686645508	12.395000457763672	20.31599998474121	15.95199966430664	13.76099967956543	22.447999954223633	L	N
47	47	16.98699951171875	15.54699993133545	18.207000732421875	18.61199951171875	16.93600082397461	19.573999404907227	D	A
48	48	16.75200080871582	13.675999641418457	14.901000022888184	20.05299949645996	13.784000396728516	15.017999649047852	E	A
49	49	13.763999938964844	11.583000183105469	16.05299949645996	14.368000030517578	9.312000274658203	16.67099952697754	L	N
50	50	12.163999557495117	14.642000198364258	17.67099952697754	10.643500169118246	16.977333386739094	20.155666987101238	F	N
51	51	12.458999633789062	16.732999801635742	14.451000213623047	13.812000274658203	17.18199920654297	13.784000396728516	E	A
52	52	11.003000259399414	13.927000045776367	12.321999549865723	13.670000076293945	11.319999694824219	11.190999984741211	E	A
53	53	8.052000045776367	13.211000442504883	14.645000457763672	8.664999961853027	10.940999984741211	15.710000038146973	L	N
54	54	6.932000160217285	16.775999069213867	15.428999900817871	7.146999835968018	19.14900016784668	16.239999771118164	D	A
55	55	5.184000015258789	16.899999618530273	12.071999549865723	4.589000225067139	12.027000427246094	13.199999809265137	K	B
56	56	3.4040000438690186	20.235000610351562	12.611000061035156	2.2100000381469727	20.107999801635742	14.855999946594238	N	P
57	57	6.7179999351501465	21.79800033569336	13.708000183105469	6.7179999351501465	21.79800033569336	13.708000183105469	G	G
58	58	5.427999973297119	23.298999786376953	16.93899917602539	3.4649999141693115	21.93000030517578	17.766000747680664	D	A
59	59	8.21399974822998	22.065000534057617	19.222999572753906	8.21399974822998	22.065000534057617	19.222999572753906	G	G
60	60	5.890999794006348	19.4950008392334	20.76300048828125	4.085000038146973	22.04599952697754	23.024999618530273	E	A
61	61	4.913000106811523	15.831999778747559	20.250999450683594	6.014999866485596	14.805999755859375	20.216999053955078	V	N
62	62	1.6399999856948853	13.972999572753906	20.972999572753906	0.6320000290870667	13.63599967956543	19.89699935913086	S	P
63	63	1.3680000305175781	10.746000289916992	23.030000686645508	0.5233333359162012	7.542166550954183	24.811166763305664	F	N
64	64	1.5839999914169312	8.465999603271484	19.94700050354004	-1.6419999599456787	9.015000343322754	19.9950008392334	E	A
65	65	4.701000213623047	10.392999649047852	18.722000122070312	3.443000078201294	13.454999923706055	16.702999114990234	E	A
66	66	6.289000034332275	9.909000396728516	22.136999130249023	6.651666641235352	9.283833344777426	25.900500615437824	F	N
67	67	5.560999870300293	6.1620001792907715	22.006999969482422	2.1760001182556152	4.354000091552734	22.479000091552734	Q	P
68	68	7.252999782562256	5.882999897003174	18.64299964904785	6.843999862670898	6.570000171661377	17.253000259399414	V	N
69	69	10.187999725341797	7.98799991607666	19.952999114990234	11.41100025177002	10.274999618530273	20.5	L	N
70	70	10.809000015258789	5.677000045776367	22.996999740600586	9.819000244140625	5.4029998779296875	24.183000564575195	V	N
71	71	10.553000450134277	2.6070001125335693	20.756999969482422	6.323999881744385	1.4220000505447388	16.666000366210938	K	B
72	72	12.998000144958496	3.8289999961853027	18.14299964904785	12.760000228881836	2.5950000286102295	13.605999946594238	K	B
73	73	15.527000427246094	5.465000152587891	20.398000717163086	16.466999053955078	9.00100040435791	21.792999267578125	I	N
74	74	15.795000076293945	2.0250000953674316	22.121000289916992	14.602999687194824	1.2239999771118164	22.584999084472656	S	P
75	75	17.14699935913086	0.10499999672174454	19.187999725341797	13.824999809265137	-0.6119999885559082	17.447999954223633	Q	P
