Nr	Nidx	CaX	CaY	CaZ	PosX	PosY	PosZ	Let	Type
1	1	38.98899841308594	16.441999435424805	23.756999969482422	37.75600051879883	17.288000106811523	24.117000579833984	M	N
2	2	38.472999572753906	16.479999542236328	19.924999237060547	37.10499954223633	16.165000915527344	19.207000732421875	V	N
3	3	41.07400131225586	18.867000579833984	18.400999069213867	42.56999969482422	18.618999481201172	18.48900032043457	K	B
4	4	39.922000885009766	20.76799964904785	15.263999938964844	38.96099853515625	21.93600082397461	15.276000022888184	Q	P
5	5	42.68299865722656	20.69700050354004	12.609999656677246	43.229000091552734	19.32699966430664	12.039999961853027	I	N
6	6	42.779998779296875	23.72800064086914	10.27400016784668	42.154998779296875	25.011999130249023	10.833999633789062	E	A
7	7	46.16699981689453	23.391000747680664	8.498000144958496	47.0989990234375	24.489999771118164	8.954999923706055	S	P
8	8	48.82400131225586	20.964000701904297	7.374000072479248	49.52399826049805	21.065000534057617	6.026000022888184	K	B
9	9	51.12900161743164	22.60300064086914	10.026000022888184	51.36600112915039	24.10300064086914	10.26099967956543	T	P
10	10	48.74399948120117	21.74799919128418	12.904000282287598	47.35100173950195	22.36199951171875	13.060999870300293	A	N
11	11	48.2400016784668	18.195999145507812	11.527000427246094	47.77799987792969	17.816999435424805	10.109000205993652	F	N
12	12	51.99599838256836	17.641000747680664	11.380999565124512	52.89899826049805	18.423999786376953	10.4350004196167	Q	P
13	13	52.67599868774414	19.19300079345703	14.767000198364258	52.654998779296875	20.67799949645996	15.178000450134277	E	A
14	14	49.82400131225586	17.44700050354004	16.604999542236328	48.32400131225586	17.400999069213867	16.281999588012695	A	N
15	15	51.194000244140625	14.10200023651123	15.376999855041504	51.321998596191406	13.557999610900879	13.961000442504883	L	N
16	16	54.53300094604492	15.310999870300293	16.6560001373291	55.29100036621094	16.496999740600586	16.075000762939453	D	A
17	17	53.21799850463867	16.39299964904785	20.083999633789062	52.3489990234375	17.586000442504883	20.42099952697754	A	N
18	18	51.25600051879883	13.071999549865723	20.517000198364258	50.520999908447266	12.230999946594238	19.49799919128418	A	N
19	19	54.54199981689453	11.331999778747559	21.476999282836914	54.54199981689453	11.331999778747559	21.476999282836914	G	G
20	20	53.775001525878906	7.663000106811523	21.757999420166016	54.54899978637695	6.744999885559082	22.763999938964844	D	A
21	21	49.96500015258789	8.07800006866455	22.069000244140625	49.26100158691406	9.295999526977539	22.672000885009766	K	B
22	22	47.48500061035156	6.74399995803833	19.517000198364258	46.36600112915039	5.708000183105469	19.75	L	N
23	23	46.06700134277344	9.473999977111816	17.327999114990234	46.935001373291016	10.39799976348877	16.527000427246094	V	N
24	24	42.68000030517578	8.829000473022461	15.706999778747559	41.51300048828125	8.258999824523926	16.541000366210938	V	N
25	25	41.74300003051758	11.347000122070312	12.972000122070312	42.768001556396484	11.73900032043457	11.869999885559082	V	N
26	26	38.23099899291992	11.734000205993652	11.70199966430664	37.097999572753906	12.076000213623047	12.6850004196167	D	A
27	27	38.04499816894531	12.869000434875488	8.055000305175781	38.80500030517578	12.199000358581543	6.931000232696533	F	N
28	28	34.62099838256836	14.329000473022461	7.7870001792907715	34.10599899291992	14.633999824523926	9.208000183105469	S	P
29	29	32.645999908447266	16.68600082397461	5.552000045776367	32.6510009765625	16.158000946044922	4.114999771118164	A	N
30	30	29.44300079345703	18.833999633789062	5.861000061035156	29.47599983215332	20.30299949645996	5.361000061035156	T	P
31	31	27.445999145507812	16.861000061035156	3.2269999980926514	27.742000579833984	16.98200035095215	1.7289999723434448	T	N
32	32	28.066999435424805	13.585000038146973	4.9720001220703125	29.510000228881836	13.289999961853027	5.248000144958496	C	P
33	33	25.025999069213867	12.475000381469727	6.956999778747559	25.025999069213867	12.475000381469727	6.956999778747559	G	G
34	34	26.72599983215332	9.376999855041504	8.5649995803833	27.19499969482422	8.253000259399414	7.663000106811523	P	N
35	35	29.645999908447266	11.711999893188477	9.609999656677246	30.448999404907227	12.654000282287598	8.664999961853027	C	P
36	36	26.9689998626709	13.833999633789062	11.420999526977539	25.808000564575195	14.612000465393066	10.859000205993652	K	B
37	37	25.402000427246094	10.743000030517578	12.973999977111816	24.895000457763672	9.519000053405762	12.210000038146973	M	N
38	38	28.729000091552734	9.666999816894531	14.54699993133545	29.652000427246094	8.708000183105469	13.78499984741211	I	N
39	39	30.150999069213867	13.031999588012695	15.781000137329102	29.656999588012695	14.416999816894531	15.357999801635742	K	B
40	40	28.69300079345703	12.642999649047852	19.37299919128418	27.22800064086914	12.645999908447266	19.586999893188477	P	N
41	41	30.013999938964844	9.07699966430664	19.707000732421875	29.604000091552734	7.874000072479248	18.9060001373291	F	N
42	42	33.38399887084961	10.381999969482422	18.402999877929688	33.60300064086914	11.135000228881836	17.04400062561035	F	N
43	43	33.380001068115234	13.128999710083008	21.040000915527344	32.4119987487793	14.322999954223633	21.06599998474121	H	B
44	44	32.28200149536133	10.60099983215332	23.7810001373291	31.047000885009766	9.704000473022461	23.761999130249023	S	P
45	45	35.321998596191406	8.472000122070312	22.913000106811523	35.65800094604492	7.857999801635742	21.58300018310547	L	N
46	46	37.736000061035156	11.29800033569336	23.503999710083008	37.79999923706055	12.654000282287598	22.768999099731445	S	P
47	47	36.46200180053711	11.631999969482422	27.055999755859375	35.12699890136719	12.199000358581543	27.37299919128418	E	A
48	48	36.4109992980957	7.958000183105469	27.687999725341797	35.5880012512207	7.002999782562256	26.88599967956543	K	B
49	49	40.00899887084961	7.548999786376953	26.4950008392334	40.375999450683594	6.714000225067139	25.231000900268555	Y	P
50	50	42.26900100708008	10.23900032043457	27.926000595092773	42.35200119018555	10.437999725341797	29.451000213623047	S	P
51	51	45.35900115966797	8.432999610900879	26.719999313354492	45.930999755859375	7.260000228881836	27.520999908447266	N	P
52	52	44.42300033569336	8.598999977111816	22.94700050354004	43.28900146484375	7.6620001792907715	22.4689998626709	V	N
53	53	44.3849983215332	11.916000366210938	20.898000717163086	45.75699996948242	12.503999710083008	20.395999908447266	I	N
54	54	41.31399917602539	12.60200023651123	18.736000061035156	39.92100143432617	12.347999572753906	19.39299964904785	F	N
55	55	41.53499984741211	14.940999984741211	15.765999794006348	42.823001861572266	14.845000267028809	15.006999969482422	L	N
56	56	38.941001892089844	16.072999954223633	13.210000038146973	37.61899948120117	16.611000061035156	13.791000366210938	E	A
57	57	39.80799865722656	17.26099967956543	9.670999526977539	40.84600067138672	16.465999603271484	8.843999862670898	V	N
58	58	36.96099853515625	18.650999069213867	7.572000026702881	36.12099838256836	19.871000289916992	7.939000129699707	D	A
59	59	38.111000061035156	17.704999923706055	3.9700000286102295	37.630001068115234	16.43199920654297	3.2269999980926514	V	N
60	60	36.499000549316406	20.825000762939453	2.5239999294281006	35.01100158691406	21.211999893188477	2.7799999713897705	D	A
61	61	38.76499938964844	23.128000259399414	4.734000205993652	38.805999755859375	23.479999542236328	6.208000183105469	D	A
62	62	41.87900161743164	21.035999298095703	4.461999893188477	42.37699890136719	20.31399917602539	5.715000152587891	C	P
63	63	41.749000549316406	19.792999267578125	0.8700000047683716	41.2869987487793	20.649999618530273	-0.3059999942779541	Q	P
64	64	45.63100051879883	19.43199920654297	0.890999972820282	46.56800079345703	20.57200050354004	1.343000054359436	D	A
65	65	45.73699951171875	17.19700050354004	4.001999855041504	45.391998291015625	17.76799964904785	5.415999889373779	V	N
66	66	42.66400146484375	15.321000099182129	2.507999897003174	41.36800003051758	16.03499984741211	2.0920000076293945	A	N
67	67	44.53200149536133	14.621000289916992	-0.8679999709129333	45.000999450683594	15.666000366210938	-1.9119999408721924	S	P
68	68	47.77000045776367	13.664999961853027	1.0149999856948853	48.499000549316406	14.579000473022461	2.01200008392334	E	A
69	69	46.132999420166016	11.072999954223633	3.2799999713897705	45.433998107910156	11.538000106811523	4.574999809265137	C	P
70	70	44.21200180053711	9.817999839782715	0.20399999618530273	45.09400177001953	8.670000076293945	-0.296999990940094	E	A
71	71	40.78300094604492	10.008999824523926	1.659999966621399	40.35300064086914	11.255000114440918	2.4760000705718994	V	N
72	72	38.17900085449219	8.217000007629395	-0.45399999618530273	38.430999755859375	6.724999904632568	-0.7990000247955322	K	B
73	73	34.95800018310547	7.751999855041504	1.524999976158142	34.60200119018555	6.335999965667725	1.8660000562667847	C	P
74	74	33.25299835205078	9.793999671936035	4.252999782562256	32.34600067138672	10.911999702453613	3.871000051498413	M	N
75	75	34.005001068115234	9.378000259399414	7.089000225067139	33.63100051879883	9.696000099182129	8.505999565124512	P	N
76	76	37.4640007019043	7.855000019073486	7.175000190734863	38.45199966430664	8.185999870300293	6.010000228881836	T	P
77	77	39.332000732421875	7.170000076293945	10.406000137329102	38.70100021362305	6.4029998779296875	11.597999572753906	F	N
78	78	43.097999572753906	6.860000133514404	10.149999618530273	43.90999984741211	7.809000015258789	9.28600025177002	Q	P
79	79	45.117000579833984	5.7769999504089355	13.118000030517578	44.75899887084961	4.354000091552734	13.581000328063965	F	N
80	80	48.70399856567383	6.955999851226807	13.817999839782715	49.04199981689453	8.416000366210938	13.437999725341797	F	N
81	81	51.35900115966797	5.886000156402588	16.299999237060547	51.321998596191406	4.39900016784668	16.607999801635742	K	B
82	82	54.56700134277344	7.931000232696533	16.191999435424805	55.63600158691406	6.888999938964844	16.577999114990234	K	B
83	83	53.70500183105469	9.444000244140625	12.817000389099121	53.70500183105469	9.444000244140625	12.817000389099121	G	G
84	84	53.30400085449219	5.9730000495910645	11.187999725341797	54.000999450683594	4.691999912261963	11.61400032043457	Q	P
85	85	49.763999938964844	5.216000080108643	9.909000396728516	49.18000030517578	5.506999969482422	8.51200008392334	K	B
86	86	48.875999450683594	2.0	11.701000213623047	49.178001403808594	1.843000054359436	13.239999771118164	V	N
87	87	45.19599914550781	1.61899995803833	10.611000061035156	45.19599914550781	1.61899995803833	10.611000061035156	G	G
88	88	42.36600112915039	3.1619999408721924	8.5649995803833	43.055999755859375	3.638000011444092	7.2870001792907715	E	A
89	89	38.79100036621094	2.3259999752044678	7.63100004196167	38.099998474121094	1.2710000276565552	8.52400016784668	F	N
90	90	35.79499816894531	4.057000160217285	6.109000205993652	35.69499969482422	4.125999927520752	4.560999870300293	S	P
91	91	32.19599914550781	4.125	7.361000061035156	32.19599914550781	4.125	7.361000061035156	G	G
92	92	30.339000701904297	5.205999851226807	10.479999542236328	29.250999450683594	6.275000095367432	10.357000350952148	A	N
93	93	30.613000869750977	1.9110000133514404	12.366999626159668	31.299999237060547	0.7699999809265137	11.626999855041504	N	P
94	94	30.851999282836914	2.6589999198913574	16.10700035095215	29.6200008392334	3.0759999752044678	16.92300033569336	K	B
95	95	31.81599998474121	-0.8379999995231628	17.290000915527344	31.007999420166016	-2.1649999618530273	17.128000259399414	E	A
96	96	34.68899917602539	-1.1679999828338623	14.817000389099121	34.51100158691406	-1.2719999551773071	13.303999900817871	K	B
97	97	35.85300064086914	2.388000011444092	15.73900032043457	34.98099899291992	3.638000011444092	15.758999824523926	L	N
98	98	36.22800064086914	1.562999963760376	19.35099983215332	34.98500061035156	1.6080000400543213	20.297000885009766	E	A
99	99	37.32400131225586	-2.002000093460083	18.55299949645996	36.59400177001953	-2.931999921798706	17.597000122070312	A	N
100	100	40.38800048828125	-0.7400000095367432	16.506000518798828	40.224998474121094	0.003000000026077032	15.151000022888184	T	P
101	101	41.2599983215332	1.8760000467300415	19.204999923706055	40.215999603271484	2.88100004196167	19.834999084472656	I	N
102	102	41.4109992980957	-0.8920000195503235	21.81100082397461	40.2869987487793	-1.7740000486373901	22.39900016784668	N	P
103	103	43.58000183105469	-2.881999969482422	19.31599998474121	43.159000396728516	-3.372999906539917	17.95400047302246	E	A
104	104	46.19900131225586	-0.1809999942779541	18.67099952697754	46.11399841308594	0.7910000085830688	17.47100067138672	L	N
105	105	46.40800094604492	1.4110000133514404	22.152999877929688	45.21799850463867	1.6080000400543213	23.176000595092773	V	N
106	106	40.183998107910156	17.10099983215332	24.260000228881836	40.183998107910156	17.10099983215332	24.260000228881836	X	X
107	107	47.58100128173828	0.6830000281333923	22.799999237060547	47.58100128173828	0.6830000281333923	22.799999237060547	Z	Z
