Nr	Nidx	CaX	CaY	CaZ	PosX	PosY	PosZ	Let	Type
1	1	-3.4200000762939453	16.141000747680664	1.805999994277954	-4.75600004196167	18.202999114990234	2.36899995803833	N	P
2	2	-4.936999797821045	12.682000160217285	2.062999963760376	-4.630000114440918	11.836000442504883	3.2990000247955322	S	P
3	3	-8.086999893188477	11.526000022888184	0.3100000023841858	-11.272857121058873	12.197428567068917	-2.321571469306946	Y	P
4	4	-9.807999610900879	8.133000373840332	0.09700000286102295	-11.343999862670898	9.043999671936035	1.7400000095367432	P	N
5	5	-9.96500015258789	7.191999912261963	-3.565999984741211	-9.96500015258789	7.191999912261963	-3.565999984741211	G	G
6	6	-8.906000137329102	4.491000175476074	-5.995999813079834	-7.0960001945495605	2.315000057220459	-5.830999851226807	C	P
7	7	-10.586000442504883	4.2179999351501465	-9.404999732971191	-9.413000106811523	6.28000020980835	-9.914999961853027	P	N
8	8	-10.29800033569336	1.3179999589920044	-11.821999549865723	-11.505000114440918	0.5199999809265137	-12.315999984741211	S	P
9	9	-8.019000053405762	3.434999942779541	-13.979000091552734	-7.9629998207092285	4.965000152587891	-13.956999778747559	S	P
10	10	-5.046000003814697	1.7710000276565552	-12.331000328063965	-3.929857219968523	5.163571459906442	-10.14499991280692	Y	P
11	11	-5.257999897003174	-1.9320000410079956	-11.581000328063965	-4.984000205993652	-2.8459999561309814	-13.979000091552734	D	A
12	12	-5.504000186920166	-3.265000104904175	-8.04699993133545	-5.504000186920166	-3.265000104904175	-8.04699993133545	G	G
13	13	-2.996999979019165	-0.625	-7.007999897003174	-1.292999999863761	3.19371429511479	-7.206142834254673	Y	P
14	14	-3.003000020980835	-2.5450000762939453	-3.746999979019165	-4.5279998779296875	-0.4020000100135803	-2.691999912261963	C	P
15	15	-1.909999966621399	-6.164000034332275	-3.9670000076293945	-0.8519999980926514	-5.336999893188477	-6.189000129699707	L	N
16	16	-1.0299999713897705	-8.890000343322754	-1.49399995803833	1.2239999771118164	-7.985000133514404	-2.1710000038146973	N	P
17	17	-3.3570001125335693	-7.269999980926514	1.0119999647140503	-3.3570001125335693	-7.269999980926514	1.0119999647140503	G	G
18	18	-3.5450000762939453	-3.503000020980835	1.3459999561309814	-3.5450000762939453	-3.503000020980835	1.3459999561309814	G	G
19	19	-6.050000190734863	-0.6700000166893005	1.2000000476837158	-6.611999988555908	0.0	2.4549999237060547	V	N
20	20	-6.182000160217285	1.9880000352859497	-1.4919999837875366	-5.933000087738037	2.252000093460083	-4.302999973297119	C	P
21	21	-5.9730000495910645	5.691999912261963	-0.7459999918937683	-4.741000175476074	8.621000289916992	1.7369999885559082	M	N
22	22	-5.715000152587891	8.79800033569336	-2.8929998874664307	-6.268199920654297	11.00099983215332	-5.69079999923706	H	B
23	23	-3.174999952316284	11.508999824523926	-2.1649999618530273	-0.03500000014901161	9.29800033569336	-2.6740000247955322	I	N
24	24	-3.5230000019073486	15.255000114440918	-2.578000068664551	-6.861000061035156	16.649999618530273	-1.1699999570846558	E	A
25	25	0.18799999356269836	15.984000205993652	-2.4489998817443848	1.2649999856948853	15.074999809265137	-1.8519999980926514	S	P
26	26	0.12099999934434891	15.637999534606934	-6.2170000076293945	2.4839999675750732	16.1560001373291	-7.159999847412109	L	N
27	27	-3.3410000801086426	14.26099967956543	-6.876999855041504	-5.320000171661377	15.260000228881836	-8.197999954223633	D	A
28	28	-1.649999976158142	10.87399959564209	-6.935999870300293	-0.13199999928474426	10.727999687194824	-6.827000141143799	S	P
29	29	-3.0190000534057617	7.581999778747559	-5.668000221252441	-6.7757143293108255	8.44014276776995	-7.304000037057059	Y	P
30	30	-1.2130000591278076	5.357999801635742	-3.193000078201294	-1.312000036239624	6.696000099182129	-1.031999945640564	T	P
31	31	-1.840000033378601	2.1600000858306885	-1.2690000534057617	-3.484999895095825	0.6690000295639038	-3.0320000648498535	C	P
32	32	-1.121000051498413	0.7789999842643738	2.180999994277954	-3.312999963760376	1.2000000476837158	3.3529999256134033	N	P
33	33	-0.13899999856948853	-2.7780001163482666	3.0250000953674316	0.45899999141693115	-5.026000022888184	1.406000018119812	C	P
34	34	0.9750000238418579	-4.421999931335449	6.247000217437744	-0.09799999743700027	-5.4029998779296875	6.723999977111816	V	N
35	35	4.054999828338623	-5.824999809265137	7.939000129699707	4.013999938964844	-5.947000026702881	11.784000396728516	I	N
36	36	6.271999835968018	-7.368000030517578	5.2870001792907715	6.271999835968018	-7.368000030517578	5.2870001792907715	G	G
37	37	4.6020002365112305	-5.139999866485596	2.7230000495910645	3.983428478240967	-9.18671430860247	1.8478571091379439	Y	P
38	38	4.256999969482422	-1.4229999780654907	2.0959999561309814	4.7820000648498535	-0.8140000104904175	3.3980000019073486	S	P
39	39	5.409999847412109	1.4730000495910645	-0.052000001072883606	5.409999847412109	1.4730000495910645	-0.052000001072883606	G	G
40	40	3.369999885559082	2.7170000076293945	-2.990000009536743	2.8310000896453857	3.3580000400543213	-5.428999900817871	D	A
41	41	1.090000033378601	-0.22599999606609344	-2.312999963760376	3.3489999771118164	-0.796999990940094	-7.6020002365112305	R	B
42	42	2.380000114440918	-3.619999885559082	-1.2389999628067017	-0.1599999964237213	-4.090000152587891	-0.07100000232458115	C	P
43	43	5.4710001945495605	-3.874000072479248	-3.4100000858306885	7.2789998054504395	-2.4830000400543213	-6.545000076293945	Q	P
44	44	7.843999862670898	-3.322999954223633	-0.5139999985694885	9.309000015258789	-1.871000051498413	0.9779999852180481	T	P
45	45	7.271999835968018	-6.840000152587891	0.7559999823570251	8.505000114440918	-12.04800033569336	-0.9700000286102295	R	B
46	46	9.553999900817871	-6.046999931335449	3.6700000762939453	11.989999771118164	-5.363999843597412	4.184000015258789	D	A
47	47	9.262999534606934	-5.210000038146973	7.348999977111816	9.76099967956543	-7.426000118255615	8.609000205993652	L	N
48	48	10.329000473022461	-1.7879999876022339	8.564000129699707	14.11400032043457	1.9839999675750732	6.563000202178955	R	B
49	49	8.052000045776367	-0.7620000243186951	11.406999588012695	7.7505554623074	-2.792333298259311	15.330333497789171	T	N
50	50	5.947000026702881	1.6549999713897705	9.392999649047852	6.322555594974094	-1.379777778353956	6.1498888863457575	T	N
51	51	3.575000047683716	2.7139999866485596	12.145999908447266	2.819000005722046	-0.8870000243186951	13.369000434875488	E	A
52	52	3.381999969482422	5.132999897003174	15.050000190734863	2.559999942779541	7.35699987411499	13.996999740600586	L	N
53	53	1.5230000019073486	4.965000152587891	18.3439998626709	0.00800000037997961	6.97599983215332	22.843000411987305	R	B
