Nr	Nidx	CaX	CaY	CaZ	PosX	PosY	PosZ	Let	Type
126	1	-17.280000686645508	9.942000389099121	-4.170000076293945	-19.224000930786133	7.5879998207092285	-6.4019999504089355	Q	P
127	2	-14.248000144958496	7.6579999923706055	-4.427000045776367	-15.194999694824219	6.1479997634887695	-6.2230000495910645	N	P
128	3	-11.42300033569336	8.586000442504883	-2.055000066757202	-11.621999740600586	6.820000171661377	-0.2529999911785126	N	P
129	4	-7.771999835968018	8.23799991607666	-3.065999984741211	-5.4070000648498535	8.984000205993652	-3.569999933242798	D	A
130	5	-6.554999828338623	4.63700008392334	-2.950000047683716	-6.433000087738037	3.7160000801086426	-4.156000137329102	A	N
131	6	-3.1019999980926514	5.828999996185303	-1.8930000066757202	-1.284000039100647	5.48199987411499	-3.691999912261963	L	N
132	7	-2.7130000591278076	6.9070000648498535	1.7339999675750732	-3.1410000324249268	5.961999893188477	2.8589999675750732	S	P
133	8	-0.11699999868869781	9.281999588012695	3.2750000953674316	-2.0169999599456787	10.498000144958496	4.066999912261963	P	N
134	9	1.4190000295639038	6.515999794006348	5.386000156402588	0.7490000128746033	5.8520002365112305	6.579999923706055	A	N
135	10	1.2029999494552612	3.947999954223633	2.5899999141693115	-0.6539999842643738	1.9299999475479126	3.803999900817871	I	N
136	11	2.9600000381469727	6.36899995803833	0.24500000476837158	0.013000000268220901	10.996000289916992	-2.5799999237060547	R	B
137	12	5.875999927520752	6.875999927520752	2.625999927520752	8.616999626159668	9.54800033569336	6.422999858856201	R	B
138	13	6.021999835968018	3.138000011444092	3.2809998989105225	5.144999980926514	0.8069999814033508	3.9679999351501465	L	N
139	14	5.873000144958496	2.3589999675750732	-0.43700000643730164	3.5239999294281006	1.8259999752044678	-1.36899995803833	L	N
140	15	8.555000305175781	4.9029998779296875	-1.319000005722046	8.425000190734863	6.409999847412109	-1.1610000133514404	A	N
141	16	10.654999732971191	3.453000068664551	1.496000051498413	11.392000198364258	4.501999855041504	4.781000137329102	E	A
142	17	10.651000022888184	-0.04500000178813934	0.004999999888241291	9.662199974060059	-1.4236000061035157	3.1323999166488647	H	B
143	18	10.751999855041504	1.3739999532699585	-3.5320000648498535	12.647000312805176	1.8739999532699585	-5.133999824523926	N	P
144	19	7.343999862670898	-0.2529999911785126	-4.000999927520752	7.243000030517578	-2.503999948501587	-2.7190001010894775	L	N
145	20	4.289999961853027	0.9380000233650208	-5.921999931335449	4.099999904632568	2.322999954223633	-8.032999992370605	D	A
146	21	0.6850000023841858	0.7850000262260437	-4.710999965667725	-0.14300000667572021	1.9789999723434448	-4.261000156402588	A	N
147	22	-0.19099999964237213	-0.2150000035762787	-8.279000282287598	0.4860000014305115	0.32100000977516174	-9.541999816894531	S	P
148	23	1.340000033378601	-3.625	-7.581999778747559	2.8350000381469727	-3.884000062942505	-7.4670000076293945	A	N
149	24	-0.44600000977516174	-3.7890000343322754	-4.22599983215332	2.1640000343322754	-1.9609999656677246	-2.059000015258789	I	N
150	25	-4.171000003814697	-4.4770002365112305	-3.884000062942505	-2.628999948501587	-9.208999633789062	-4.64300012588501	K	B
151	26	-6.300000190734863	-2.2070000171661377	-1.7230000495910645	-6.300000190734863	-2.2070000171661377	-1.7230000495910645	G	G
152	27	-8.831999778747559	-3.808000087738037	0.6069999933242798	-7.455999851226807	-4.973999977111816	2.3970000743865967	T	P
153	28	-9.942000389099121	-0.6520000100135803	2.3980000019073486	-9.942000389099121	-0.6520000100135803	2.3980000019073486	G	G
154	29	-13.211999893188477	1.274999976158142	2.2869999408721924	-13.60200023651123	2.4800000190734863	3.1670000553131104	V	N
155	30	-13.809000015258789	1.0089999437332153	-1.4479999542236328	-13.809000015258789	1.0089999437332153	-1.4479999542236328	G	G
156	31	-10.718999862670898	-1.0260000228881836	-2.2690000534057617	-10.718999862670898	-1.0260000228881836	-2.2690000534057617	G	G
157	32	-8.154999732971191	1.503999948501587	-1.0579999685287476	-8.383000373840332	3.9070000648498535	3.759000062942505	R	B
158	33	-4.63700008392334	0.48100000619888306	-0.032999999821186066	-2.9260001182556152	0.18400000035762787	-1.9459999799728394	L	N
159	34	-3.9170000553131104	-0.29899999499320984	3.619999885559082	-6.236000061035156	-0.2939999997615814	4.6620001792907715	T	P
160	35	-0.8159999847412109	-0.8309999704360962	5.76200008392334	1.1130000352859497	2.5369999408721924	9.6850004196167	R	B
161	36	-1.7929999828338623	-4.507999897003174	5.771999835968018	-4.2870001792907715	-6.191999912261963	8.140000343322754	E	A
162	37	-1.6740000247955322	-4.697999954223633	1.975000023841858	-4.052000045776367	-3.9730000495910645	1.4950000047683716	D	A
163	38	1.6790000200271606	-2.9119999408721924	1.8559999465942383	1.9609999656677246	-1.4739999771118164	2.3340001106262207	V	N
164	39	3.319999933242798	-4.988999843597412	4.586999893188477	4.449999809265137	-3.2699999809265137	7.173999786376953	E	A
165	40	1.8450000286102295	-8.144000053405762	3.055999994277954	-2.8559999465942383	-10.35200023651123	3.5360000133514404	K	B
166	41	3.1419999599456787	-7.289999961853027	-0.4169999957084656	3.562599945068359	-6.0496000289917	-3.743400001525879	H	B
167	42	6.650000095367432	-7.053999900817871	1.034000039100647	6.97599983215332	-4.519999980926514	1.3960000276565552	L	N
168	43	6.298999786376953	-10.288999557495117	3.00600004196167	5.098999977111816	-10.675000190734863	3.8570001125335693	A	N
169	44	6.142000198364258	-12.185999870300293	-0.2879999876022339	1.3969999551773071	-11.401000022888184	-3.078000068664551	K	B
170	45	8.45300006866455	-9.880000114440918	-2.239000082015991	8.243000030517578	-8.385000228881836	-2.4240000247955322	A	N
