Nr	Nidx	CaX	CaY	CaZ	PosX	PosY	PosZ	Let	Type
1	1	-17.781999588012695	-4.84499979019165	18.545000076293945	-19.131999969482422	-4.908999919891357	17.86199951171875	M	N
2	2	-16.54599952697754	-1.437999963760376	19.729999542236328	-15.126999855041504	-0.984000027179718	19.416000366210938	L	N
3	3	-18.993999481201172	1.3350000381469727	20.58300018310547	-19.756999969482422	1.378000020980835	21.905000686645508	K	B
4	4	-16.527999877929688	4.176000118255615	19.885000228881836	-15.949000358581543	4.795000076293945	21.134000778198242	Q	P
5	5	-14.493000030517578	4.5920000076293945	16.67300033569336	-14.901000022888184	5.5960001945495605	15.57800006866455	V	N
6	6	-10.72700023651123	4.388999938964844	17.378000259399414	-10.142000198364258	3.2890000343322754	18.238000869750977	E	A
7	7	-8.138999938964844	6.208000183105469	15.256999969482422	-8.652000427246094	7.5	14.5649995803833	I	N
8	8	-4.339000225067139	6.214000225067139	15.803000450134277	-3.749000072479248	4.869999885559082	16.260000228881836	F	N
9	9	-2.0739998817443848	8.376999855041504	13.67300033569336	-2.7320001125335693	9.765000343322754	13.267999649047852	T	P
10	10	1.5870000123977661	9.107000350952148	13.015999794006348	2.450000047683716	8.031000137329102	13.640999794006348	D	A
11	11	3.562999963760376	11.053000450134277	10.413000106811523	3.562999963760376	11.053000450134277	10.413000106811523	G	G
12	12	7.236000061035156	11.036999702453613	9.406999588012695	7.744999885559082	9.557999610900879	9.342000007629395	S	P
13	13	9.593000411987305	13.00100040435791	7.145999908447266	9.093000411987305	14.425999641418457	7.065000057220459	C	P
14	14	13.27299976348877	12.57800006866455	6.2829999923706055	13.675999641418457	11.435999870300293	5.361000061035156	L	N
15	15	13.994999885559082	16.30500030517578	5.6579999923706055	13.994999885559082	16.30500030517578	5.6579999923706055	G	G
16	16	12.666999816894531	19.844999313354492	5.7210001945495605	12.90999984741211	20.56800079345703	7.039000034332275	N	P
17	17	11.359000205993652	19.400999069213867	3.180999994277954	10.371000289916992	20.023000717163086	2.1619999408721924	P	N
18	18	11.934000015258789	15.793000221252441	2.186000108718872	11.934000015258789	15.793000221252441	2.186000108718872	G	G
19	19	10.086000442504883	12.553000450134277	1.3700000047683716	10.878999710083008	11.369999885559082	0.871999979019165	P	N
20	20	7.568999767303467	11.72700023651123	4.122000217437744	7.568999767303467	11.72700023651123	4.122000217437744	G	G
21	21	4.5920000076293945	9.491000175476074	4.883999824523926	4.5920000076293945	9.491000175476074	4.883999824523926	G	G
22	22	1.819000005722046	8.79699993133545	7.368000030517578	0.6930000185966492	9.842000007629395	7.074999809265137	Y	P
23	23	0.2540000081062317	5.789999961853027	8.994999885559082	0.2540000081062317	5.789999961853027	8.994999885559082	G	G
24	24	-3.3239998817443848	5.749000072479248	10.319000244140625	-4.23799991607666	6.863999843597412	9.831999778747559	A	N
25	25	-5.264999866485596	2.8610000610351562	11.91100025177002	-4.583000183105469	1.9579999446868896	12.937000274658203	I	N
26	26	-9.095999717712402	3.125	12.032999992370605	-9.619999885559082	3.7070000171661377	10.684000015258789	L	N
27	27	-11.241999626159668	0.6240000128746033	13.949999809265137	-11.008999824523926	0.19900000095367432	15.401000022888184	R	B
28	28	-14.61400032043457	1.2480000257492065	12.272000312805176	-14.555999755859375	2.255000114440918	11.17199993133545	Y	P
29	29	-17.6299991607666	-1.0230000019073486	12.355999946594238	-18.06800079345703	-1.1619999408721924	10.9399995803833	R	B
30	30	-15.972000122070312	-4.413000106811523	13.017999649047852	-15.972000122070312	-4.413000106811523	13.017999649047852	G	G
31	31	-13.005999565124512	-3.8010001182556152	10.666999816894531	-13.097999572753906	-3.312999963760376	9.208999633789062	R	B
32	32	-9.531999588012695	-2.437999963760376	11.267000198364258	-8.460000038146973	-3.200000047683716	12.005999565124512	E	A
33	33	-8.496999740600586	-0.328000009059906	8.255000114440918	-9.425999641418457	0.6779999732971191	7.5929999351501465	K	B
34	34	-4.900000095367432	0.7900000214576721	7.666999816894531	-3.7890000343322754	-0.34299999475479126	7.810999870300293	T	P
35	35	-3.9860000610351562	3.7760000228881836	5.550000190734863	-4.820000171661377	5.0269999504089355	5.625	F	N
36	36	-0.4699999988079071	4.747000217437744	4.548999786376953	0.34599998593330383	3.561000108718872	5.060999870300293	S	P
37	37	1.0609999895095825	6.702000141143799	1.61899995803833	-0.09300000220537186	7.505000114440918	1.0210000276565552	A	N
38	38	4.389999866485596	8.463000297546387	0.9769999980926514	4.389999866485596	8.463000297546387	0.9769999980926514	G	G
39	39	4.883999824523926	11.895999908447266	-0.574999988079071	4.173999786376953	13.071999549865723	0.13699999451637268	Y	P
40	40	7.993000030517578	12.972999572753906	-2.49399995803833	8.052000045776367	13.013999938964844	-4.079999923706055	T	P
41	41	8.519000053405762	16.33099937438965	-0.7429999709129333	8.961999893188477	17.27899932861328	-1.8220000267028809	R	B
42	42	6.554999828338623	17.444000244140625	2.309000015258789	5.374000072479248	16.389999389648438	2.4159998893737793	T	P
43	43	7.203999996185303	18.11400032043457	6.015999794006348	7.059000015258789	19.593000411987305	6.586999893188477	T	P
44	44	6.744999885559082	16.22100067138672	9.269000053405762	7.752999782562256	16.238000869750977	10.42199993133545	N	P
45	45	3.9059998989105225	18.56399917602539	10.265000343322754	4.126999855041504	20.076000213623047	10.416000366210938	N	P
46	46	1.9759999513626099	18.149999618530273	7.013999938964844	2.4070000648498535	18.555999755859375	5.6020002365112305	R	B
47	47	2.2639999389648438	14.340999603271484	7.336999893188477	3.549999952316284	13.503999710083008	7.26800012588501	M	N
48	48	0.984000027179718	14.302000045776367	10.954000473022461	1.6399999856948853	15.057999610900879	12.104000091552734	E	A
49	49	-2.00600004196167	16.367000579833984	9.85200023651123	-1.9450000524520874	17.799999237060547	9.32699966430664	L	N
50	50	-2.565000057220459	14.154999732971191	6.7779998779296875	-1.6260000467300415	14.001999855041504	5.622000217437744	M	N
51	51	-2.8320000171661377	11.003999710083008	8.916999816894531	-1.8300000429153442	10.62600040435791	10.029000282287598	A	N
52	52	-5.728000164031982	12.442000389099121	10.98900032043457	-5.581999778747559	13.616999626159668	11.909000396728516	A	N
53	53	-7.3470001220703125	13.802000045776367	7.7870001792907715	-6.793000221252441	14.864999771118164	6.797999858856201	I	N
54	54	-7.479000091552734	10.52299976348877	5.813000202178955	-6.302000045776367	9.932000160217285	5.052999973297119	V	N
55	55	-8.765000343322754	8.48799991607666	8.79800033569336	-8.072999954223633	8.220999717712402	10.104000091552734	A	N
56	56	-11.58899974822998	10.979000091552734	9.51099967956543	-11.45199966430664	12.387999534606934	10.097000122070312	L	N
57	57	-12.553000450134277	11.359000205993652	5.849999904632568	-11.755000114440918	12.022000312805176	4.781000137329102	E	A
58	58	-13.138999938964844	7.60699987411499	5.840000152587891	-12.097000122070312	6.545000076293945	6.261000156402588	A	N
59	59	-16.114999771118164	7.956999778747559	8.199000358581543	-15.944999694824219	8.527999877929688	9.572999954223633	L	N
60	60	-19.408000946044922	8.131999969482422	6.293000221252441	-19.788999557495117	7.046000003814697	5.296000003814697	K	B
61	61	-21.775999069213867	8.934000015258789	9.178999900817871	-22.533000946044922	7.761000156402588	9.79699993133545	E	A
62	62	-21.47800064086914	11.074999809265137	12.324000358581543	-22.437999725341797	12.07699966430664	13.0	H	B
63	63	-19.530000686645508	9.012999534606934	14.861000061035156	-18.503999710083008	8.027000427246094	14.300999641418457	C	P
64	64	-18.14299964904785	9.175000190734863	18.384000778198242	-18.88599967956543	8.708999633789062	19.57900047302246	E	A
65	65	-14.369999885559082	9.140000343322754	17.89299964904785	-13.986000061035156	9.895000457763672	16.583999633789062	V	N
66	66	-11.361000061035156	8.704000473022461	20.121999740600586	-11.255000114440918	7.692999839782715	21.267000198364258	I	N
67	67	-8.22599983215332	9.899999618530273	18.30299949645996	-8.440999984741211	10.97700023651123	17.246000289916992	L	N
68	68	-4.817999839782715	8.977999687194824	19.753000259399414	-4.682000160217285	7.568999767303467	20.361000061035156	S	P
69	69	-1.6080000400543213	10.569000244140625	18.55299949645996	-1.9589999914169312	11.611000061035156	17.423999786376953	T	P
70	70	1.7580000162124634	11.746000289916992	19.929000854492188	2.8980000019073486	10.736000061035156	20.160999298095703	D	A
71	71	1.878000020980835	14.625	17.38599967956543	1.0820000171661377	14.767000198364258	16.104000091552734	S	P
72	72	2.750999927520752	17.864999771118164	19.184999465942383	4.164000034332275	18.356000900268555	19.54599952697754	Q	P
73	73	1.7619999647140503	19.927000045776367	16.184999465942383	2.441999912261963	19.79599952697754	14.833999633789062	Y	P
74	74	-1.7580000162124634	18.481000900268555	15.954000473022461	-2.252000093460083	17.073999404907227	15.633000373840332	V	N
75	75	-2.1519999504089355	18.93000030517578	19.740999221801758	-1.38100004196167	18.243999481201172	20.83300018310547	R	B
76	76	-0.9750000238418579	22.591999053955078	19.743999481201172	0.36899998784065247	23.184999465942383	19.336000442504883	Q	P
77	77	-3.2330000400543213	23.179000854492188	16.77199935913086	-3.2330000400543213	23.179000854492188	16.77199935913086	G	G
78	78	-6.322999954223633	21.597999572753906	18.35300064086914	-6.538000106811523	20.030000686645508	18.451000213623047	I	N
79	79	-5.651000022888184	22.95199966430664	21.81100082397461	-4.864999771118164	22.236000061035156	22.97800064086914	T	P
80	80	-4.256999969482422	26.454999923706055	21.246999740600586	-2.74399995803833	26.600000381469727	21.607999801635742	Q	P
81	81	-4.636000156402588	27.67099952697754	17.621000289916992	-3.5269999504089355	27.20599937438965	16.604999542236328	T	N
82	82	-7.683000087738037	26.496999740600586	15.64900016784668	-7.995999813079834	24.97100067138672	15.413999557495117	I	N
83	83	-10.258000373840332	28.268999099731445	17.77899932861328	-10.484000205993652	28.152999877929688	19.29599952697754	H	B
84	84	-8.61400032043457	31.674999237060547	17.33099937438965	-7.478000164031982	32.224998474121094	18.20800018310547	N	P
85	85	-7.744999885559082	30.93400001525879	13.722000122070312	-6.928999900817871	29.798999786376953	13.133000373840332	T	N
86	86	-11.420999526977539	30.54400062561035	12.795000076293945	-12.355999946594238	29.472000122070312	13.3100004196167	K	B
87	87	-12.305999755859375	33.90999984741211	14.355999946594238	-12.244999885559082	34.099998474121094	15.87600040435791	K	B
88	88	-9.42199993133545	35.71799850463867	12.734000205993652	-7.953999996185303	35.698001861572266	13.16100025177002	R	B
89	89	-10.37399959564209	34.18199920654297	9.442000389099121	-10.37399959564209	34.18199920654297	9.442000389099121	G	G
90	90	-7.390999794006348	31.812000274658203	9.166000366210938	-7.840000152587891	30.841999053955078	8.04699993133545	T	N
91	91	-4.835000038146973	34.58599853515625	9.430999755859375	-5.228000164031982	36.04100036621094	9.07800006866455	K	B
92	92	-1.7359999418258667	35.33599853515625	11.437999725341797	-0.296999990940094	35.040000915527344	10.836000442504883	T	P
93	93	-1.3869999647140503	38.61000061035156	13.444999694824219	-0.48899999260902405	38.742000579833984	14.666999816894531	A	N
94	94	0.39399999380111694	40.09299850463867	10.371000289916992	1.8799999952316284	39.86199951171875	10.130000114440918	D	A
95	95	-2.6110000610351562	39.2130012512207	8.175999641418457	-3.11299991607666	40.54499816894531	7.5320000648498535	K	B
96	96	-1.1059999465942383	36.382999420166016	6.122000217437744	0.382999986410141	36.1150016784668	5.889999866485596	K	B
97	97	-2.7829999923706055	32.974998474121094	5.63700008392334	-2.8519999980926514	32.35900115966797	4.267000198364258	P	N
98	98	-1.6859999895095825	30.608999252319336	8.387999534606934	-2.559999942779541	30.113000869750977	9.536999702453613	V	N
99	99	0.875	27.94099998474121	7.685999870300293	2.197000026702881	27.56399917602539	8.406000137329102	K	B
100	100	-0.6110000014305115	24.76799964904785	6.206999778747559	-0.10599999874830246	23.711000442504883	7.186999797821045	N	P
101	101	-4.035999774932861	26.44700050354004	6.120999813079834	-4.254000186920166	27.88800048828125	5.558000087738037	V	N
102	102	-4.89900016784668	23.95199966430664	3.369999885559082	-4.103000164031982	23.590999603271484	2.131999969482422	D	A
103	103	-4.611000061035156	21.027000427246094	5.795000076293945	-3.260999917984009	20.297000885009766	6.01200008392334	L	N
104	104	-6.063000202178955	22.731000900268555	8.904000282287598	-5.447999954223633	23.9689998626709	9.562999725341797	T	N
105	105	-9.244999885559082	23.76099967956543	6.947999954223633	-9.255999565124512	24.702999114990234	5.736000061035156	Q	P
106	106	-9.479000091552734	20.253000259399414	5.531000137329102	-8.430999755859375	19.65999984741211	4.614999771118164	R	B
107	107	-9.104000091552734	18.777999877929688	9.041000366210938	-7.8429999351501465	18.884000778198242	9.932000160217285	L	N
108	108	-11.562999725341797	21.304000854492188	10.545999526977539	-11.368000030517578	22.80299949645996	10.494000434875488	D	A
109	109	-14.177000045776367	20.277999877929688	7.954999923706055	-14.0600004196167	20.392000198364258	6.478000164031982	A	N
110	110	-13.770999908447266	16.586000442504883	9.034000396728516	-12.569999694824219	15.734000205993652	8.631999969482422	A	N
111	111	-13.805000305175781	17.326000213623047	12.777999877929688	-12.772000312805176	18.28700065612793	13.394000053405762	L	N
112	112	-17.06399917602539	19.224000930786133	12.359999656677246	-17.06399917602539	19.224000930786133	12.359999656677246	G	G
113	113	-18.94499969482422	16.072999954223633	11.411999702453613	-18.670000076293945	15.23799991607666	10.16100025177002	Q	P
114	114	-18.097999572753906	14.168999671936035	14.62399959564209	-16.829999923706055	13.22700023651123	14.364999771118164	H	B
115	115	-17.924999237060547	14.074999809265137	18.420000076293945	-18.968000411987305	13.494999885559082	19.344999313354492	Q	P
116	116	-14.154000282287598	13.72599983215332	19.059999465942383	-13.147000312805176	14.604999542236328	18.183000564575195	I	N
117	117	-12.199999809265137	12.805000305175781	22.187000274658203	-12.781000137329102	11.657999992370605	22.95199966430664	K	B
118	118	-8.446999549865723	13.49899959564209	21.80699920654297	-7.980000019073486	14.984999656677246	21.58099937438965	T	N
119	119	-5.84499979019165	11.269000053405762	23.476999282836914	-6.10099983215332	9.770999908447266	23.5	E	A
120	120	-2.4140000343322754	12.909000396728516	23.527000427246094	-2.2190001010894775	14.322999954223633	24.000999450683594	T	N
121	121	0.0560000017285347	10.059000015258789	24.09000015258789	-0.14800000190734863	8.645000457763672	23.55299949645996	V	N
122	122	3.759000062942505	10.319000244140625	24.836999893188477	4.460000038146973	10.23900032043457	26.145000457763672	K	B
123	123	5.9679999351501465	9.02299976348877	22.06599998474121	5.9679999351501465	9.02299976348877	22.06599998474121	G	G
124	124	7.609000205993652	6.313000202178955	24.141000747680664	8.892999649047852	6.559999942779541	24.98200035095215	H	B
125	125	4.383999824523926	5.418000221252441	25.913000106811523	4.341000080108643	6.124000072479248	27.261999130249023	A	N
126	126	1.8420000076293945	4.8520002365112305	23.09600067138672	1.8420000076293945	4.8520002365112305	23.09600067138672	G	G
127	127	-0.23999999463558197	1.7289999723434448	22.481000900268555	-1.781000018119812	1.7289999723434448	22.14299964904785	H	B
128	128	0.7839999794960022	-1.0089999437332153	20.08099937438965	0.11800000071525574	-2.3889999389648438	20.243000030517578	P	N
129	129	-1.3070000410079956	0.8489999771118164	17.51300048828125	-2.7780001163482666	1.2389999628067017	17.68000030517578	E	A
130	130	0.6729999780654907	4.052999973297119	17.76300048828125	0.7990000247955322	5.000999927520752	18.91200065612793	N	P
131	131	3.9210000038146973	2.114000082015991	17.239999771118164	4.456999778747559	1.0410000085830688	18.173999786376953	E	A
132	132	2.5380001068115234	0.4180000126361847	14.159000396728516	1.3769999742507935	-0.5699999928474426	14.206000328063965	R	B
133	133	1.5880000591278076	3.8350000381469727	12.791999816894531	0.7609999775886536	4.938000202178955	13.470000267028809	C	P
134	134	5.23799991607666	5.001999855041504	13.270000457763672	5.968999862670898	4.815999984741211	14.590999603271484	D	A
135	135	6.459000110626221	1.9290000200271606	11.38700008392334	6.204999923706055	0.5059999823570251	11.883999824523926	E	A
136	136	3.997999906539917	2.490999937057495	8.545000076293945	2.438999891281128	2.5169999599456787	8.598999977111816	L	N
137	137	4.813000202178955	6.215000152587891	8.331000328063965	4.561999797821045	7.138000011444092	9.51099967956543	A	N
138	138	8.579999923706055	5.573999881744385	8.211999893188477	9.472999572753906	5.144000053405762	9.347000122070312	R	B
139	139	8.097000122070312	2.8429999351501465	5.583000183105469	7.267000198364258	1.5770000219345093	5.7779998779296875	A	N
140	140	6.0329999923706055	5.103000164031982	3.3610000610351562	4.651000022888184	5.690000057220459	3.578000068664551	A	N
141	141	8.600000381469727	7.920000076293945	3.484999895095825	9.074000358581543	8.64799976348877	4.749000072479248	A	N
142	142	11.071999549865723	5.392000198364258	2.052000045776367	11.527999877929688	4.1479997634887695	2.809999942779541	M	N
143	143	9.005999565124512	4.77400016784668	-1.0750000476837158	8.843999862670898	3.2639999389648438	-1.1039999723434448	N	P
144	144	6.966000080108643	7.90500020980835	-1.8279999494552612	7.650000095367432	9.258000373840332	-1.562999963760376	P	N
145	145	4.432000160217285	7.827000141143799	-4.629000186920166	3.6640000343322754	6.460000038146973	-4.814000129699707	T	P
146	146	2.2639999389648438	10.97700023651123	-4.248000144958496	1.1200000047683716	10.869000434875488	-3.257999897003174	L	N
147	147	2.7790000438690186	14.708000183105469	-4.605999946594238	2.4790000915527344	15.456000328063965	-5.9070000648498535	E	A
148	148	1.9989999532699585	17.01799964904785	-1.6410000324249268	2.747999906539917	17.065000534057617	-0.335999995470047	D	A
149	149	0.30300000309944153	19.632999420166016	-3.7750000953674316	-1.0880000591278076	19.194000244140625	-4.414000034332275	T	P
150	150	-0.32100000977516174	21.96500015258789	-0.8939999938011169	-0.32100000977516174	21.96500015258789	-0.8939999938011169	G	G
151	151	3.2880001068115234	22.264999389648438	0.13899999856948853	4.303999900817871	21.0939998626709	0.1340000033378601	Y	P
152	152	4.822000026702881	25.766000747680664	0.07000000029802322	3.8359999656677246	26.927000045776367	0.22699999809265137	Q	P
153	153	8.298999786376953	27.062999725341797	0.9610000252723694	9.472000122070312	27.385000228881836	0.019999999552965164	V	N
154	154	6.230999946594238	30.209999084472656	0.9210000038146973	5.3460001945495605	30.232999801635742	-0.34700000286102295	E	A
155	155	3.1050000190734863	31.445999145507812	2.7239999771118164	1.7649999856948853	31.39299964904785	1.937999963760376	V	N
156	156	-17.639999389648438	-6.053999900817871	19.422000885009766	-17.639999389648438	-6.053999900817871	19.422000885009766	X	X
157	157	3.062999963760376	30.676000595092773	4.0370001792907715	3.062999963760376	30.676000595092773	4.0370001792907715	Z	Z
