Nr	Nidx	CaX	CaY	CaZ	PosX	PosY	PosZ	Let	Type
1	1	38.66600036621094	15.939000129699707	23.788999557495117	38.529998779296875	17.378000259399414	24.33799934387207	M	N
2	2	38.58000183105469	16.3799991607666	19.923999786376953	37.26300048828125	16.08799934387207	19.136999130249023	V	N
3	3	41.20500183105469	18.739999771118164	18.4060001373291	42.67499923706055	18.391000747680664	18.58099937438965	K	B
4	4	39.90299987792969	20.618999481201172	15.302000045776367	38.87300109863281	21.756999969482422	15.376999855041504	Q	P
5	5	42.707000732421875	20.743999481201172	12.63700008392334	43.345001220703125	19.400999069213867	12.135000228881836	I	N
6	6	42.694000244140625	23.792999267578125	10.369000434875488	42.060001373291016	25.048999786376953	10.979000091552734	E	A
7	7	46.05799865722656	23.424999237060547	8.487000465393066	47.04199981689453	24.59000015258789	8.8100004196167	S	P
8	8	48.70100021362305	20.940000534057617	7.284999847412109	49.290000915527344	21.049999237060547	5.876999855041504	K	B
9	9	51.14099884033203	22.625999450683594	9.748000144958496	51.46900177001953	24.158000946044922	9.699999809265137	T	P
10	10	48.720001220703125	22.04400062561035	12.678999900817871	47.36199951171875	22.722000122070312	12.861000061035156	A	N
11	11	48.25899887084961	18.364999771118164	11.560999870300293	47.797000885009766	17.892000198364258	10.17199993133545	F	N
12	12	52.00400161743164	17.684999465942383	11.451000213623047	52.970001220703125	18.41699981689453	10.557000160217285	Q	P
13	13	52.51100158691406	19.468000411987305	14.776000022888184	52.13100051879883	20.906999588012695	15.145000457763672	E	A
14	14	49.7869987487793	17.39900016784668	16.441999435424805	48.30400085449219	17.344999313354492	16.047000885009766	A	N
15	15	51.24599838256836	14.111000061035156	15.208999633789062	51.31700134277344	13.642000198364258	13.777999877929688	L	N
16	16	54.66699981689453	15.21399974822998	16.570999145507812	55.45199966430664	16.46299934387207	16.111000061035156	D	A
17	17	53.32699966430664	16.302000045776367	20.051000595092773	52.492000579833984	17.569000244140625	20.322999954223633	A	N
18	18	51.32500076293945	13.062999725341797	20.52400016784668	50.5629997253418	12.237000465393066	19.466999053955078	A	N
19	19	54.590999603271484	11.321000099182129	21.406999588012695	54.590999603271484	11.321000099182129	21.406999588012695	G	G
20	20	53.88600158691406	7.646999835968018	22.08799934387207	54.43600082397461	7.01200008392334	23.405000686645508	D	A
21	21	50.04199981689453	7.928999900817871	22.075000762939453	49.26599884033203	9.045999526977539	22.726999282836914	K	B
22	22	47.61899948120117	6.59499979019165	19.464000701904297	46.56100082397461	5.520999908447266	19.697999954223633	L	N
23	23	46.14799880981445	9.347999572753906	17.291000366210938	47.053001403808594	10.310999870300293	16.492000579833984	V	N
24	24	42.68600082397461	8.729999542236328	15.704000473022461	41.448001861572266	8.281000137329102	16.53499984741211	V	N
25	25	41.82699966430664	11.210000038146973	12.87600040435791	42.858001708984375	11.557000160217285	11.791000366210938	V	N
26	26	38.23699951171875	11.545000076293945	11.692000389099121	37.095001220703125	11.845999717712402	12.640000343322754	D	A
27	27	38.16699981689453	12.904999732971191	8.12399959564209	38.9119987487793	12.303999900817871	6.931000232696533	F	N
28	28	34.625999450683594	14.243000030517578	7.591000080108643	33.90599822998047	14.442999839782715	8.937000274658203	S	P
29	29	32.47800064086914	16.466999053955078	5.35699987411499	32.21699905395508	15.902999877929688	3.9790000915527344	A	N
30	30	29.534000396728516	18.615999221801758	6.49399995803833	29.56599998474121	20.187000274658203	6.474999904632568	T	P
31	31	27.322999954223633	17.325000762939453	3.7119998931884766	27.64900016784668	17.656999588012695	2.244999885559082	T	N
32	32	27.783000946044922	13.654000282287598	4.494999885559082	29.195999145507812	13.192999839782715	4.423999786376953	C	P
33	33	24.97800064086914	12.152999877929688	6.605000019073486	24.97800064086914	12.152999877929688	6.605000019073486	G	G
34	34	27.010000228881836	9.267000198364258	8.258999824523926	27.663000106811523	8.225000381469727	7.39300012588501	P	N
35	35	29.573999404907227	11.916999816894531	9.375	30.23699951171875	12.956000328063965	8.468999862670898	C	P
36	36	26.902000427246094	13.807999610900879	11.385000228881836	25.719999313354492	14.53600025177002	10.73799991607666	K	B
37	37	25.520999908447266	10.54699993133545	12.75100040435791	25.16900062561035	9.418000221252441	11.770999908447266	M	N
38	38	28.858999252319336	9.456999778747559	14.314000129699707	29.8700008392334	8.583000183105469	13.508000373840332	I	N
39	39	30.128000259399414	12.890000343322754	15.579999923706055	29.72599983215332	14.262999534606934	15.019000053405762	K	B
40	40	28.667999267578125	12.649999618530273	19.207000732421875	27.174999237060547	12.57699966430664	19.457000732421875	P	N
41	41	29.990999221801758	9.065999984741211	19.573999404907227	29.531999588012695	7.8480000495910645	18.75	F	N
42	42	33.46699905395508	10.246000289916992	18.325000762939453	33.766998291015625	10.916999816894531	17.010000228881836	F	N
43	43	33.39799880981445	13.069999694824219	20.882999420166016	32.51300048828125	14.357000350952148	20.797000885009766	H	B
44	44	32.25600051879883	10.548999786376953	23.632999420166016	31.014999389648438	9.652999877929688	23.65999984741211	S	P
45	45	35.29600143432617	8.319000244140625	22.799999237060547	35.611000061035156	7.749000072479248	21.420000076293945	L	N
46	46	37.577999114990234	11.288000106811523	23.43600082397461	37.61199951171875	12.63599967956543	22.68000030517578	S	P
47	47	36.23500061035156	11.71399974822998	26.990999221801758	34.87900161743164	12.218999862670898	27.34000015258789	E	A
48	48	36.349998474121094	7.9730000495910645	27.711999893188477	35.47999954223633	7.006999969482422	26.93400001525879	K	B
49	49	39.90999984741211	7.39300012588501	26.457000732421875	40.15800094604492	6.678999900817871	25.1200008392334	Y	P
50	50	42.14799880981445	10.104999542236328	27.878000259399414	42.06999969482422	10.496999740600586	29.371999740600586	S	P
51	51	45.29199981689453	8.234999656677246	26.731000900268555	45.64500045776367	6.894000053405762	27.402999877929688	N	P
52	52	44.404998779296875	8.576000213623047	22.97100067138672	43.28300094604492	7.553999900817871	22.514999389648438	V	N
53	53	44.44599914550781	11.866999626159668	20.91699981689453	45.8129997253418	12.437999725341797	20.389999389648438	I	N
54	54	41.34299850463867	12.555999755859375	18.76099967956543	39.98099899291992	12.418000221252441	19.468000411987305	F	N
55	55	41.638999938964844	14.859000205993652	15.706999778747559	42.909000396728516	14.696999549865723	14.885000228881836	L	N
56	56	38.948001861572266	16.111000061035156	13.28499984741211	37.617000579833984	16.69700050354004	13.788999557495117	E	A
57	57	39.85200119018555	17.243000030517578	9.75	40.957000732421875	16.503999710083008	9.001999855041504	V	N
58	58	37.025001525878906	18.649999618530273	7.663000106811523	36.3390007019043	19.954999923706055	7.974999904632568	D	A
59	59	38.00600051879883	17.68199920654297	4.078000068664551	37.59400177001953	16.378000259399414	3.2960000038146973	V	N
60	60	36.49599838256836	20.930999755859375	2.760999917984009	35.06399917602539	21.43600082397461	2.9719998836517334	D	A
61	61	38.768001556396484	23.160999298095703	4.978000164031982	38.720001220703125	23.43199920654297	6.459000110626221	D	A
62	62	41.875999450683594	21.054000854492188	4.622000217437744	42.415000915527344	20.319000244140625	5.831999778747559	C	P
63	63	41.70100021362305	19.86400032043457	1.0219999551773071	41.29499816894531	20.70199966430664	-0.15800000727176666	Q	P
64	64	45.51100158691406	19.51799964904785	0.9570000171661377	46.5	20.670000076293945	1.1920000314712524	D	A
65	65	45.54899978637695	17.256000518798828	4.136000156402588	45.12300109863281	17.68000030517578	5.589000225067139	V	N
66	66	42.625	15.270999908447266	2.6089999675750732	41.29600143432617	15.927000045776367	2.1649999618530273	A	N
67	67	44.494998931884766	14.706000328063965	-0.7850000262260437	45.071998596191406	15.692000389099121	-1.7979999780654907	S	P
68	68	47.801998138427734	13.815999984741211	0.8550000190734863	48.70399856567383	14.777000427246094	1.6019999980926514	E	A
69	69	46.17100143432617	11.32800006866455	3.2049999237060547	45.45500183105469	11.729999542236328	4.531000137329102	C	P
70	70	44.38199996948242	9.803999900817871	0.13899999856948853	45.233001708984375	8.585000038146973	-0.22300000488758087	E	A
71	71	40.92100143432617	10.069000244140625	1.6770000457763672	40.48500061035156	11.211000442504883	2.6559998989105225	V	N
72	72	38.15399932861328	8.947999954223633	-0.652999997138977	38.64099884033203	7.822999954223633	-1.593000054359436	K	B
73	73	35.1150016784668	8.019000053405762	1.5069999694824219	34.93299865722656	6.519999980926514	1.8140000104904175	C	P
74	74	33.50400161743164	9.947999954223633	4.454999923706055	32.6609992980957	11.225000381469727	4.283999919891357	M	N
75	75	34.0099983215332	9.352999687194824	7.341000080108643	33.58300018310547	9.428999900817871	8.798999786376953	P	N
76	76	37.46099853515625	7.7769999504089355	7.10699987411499	38.415000915527344	8.052000045776367	5.914000034332275	T	P
77	77	39.3390007019043	7.11299991607666	10.376999855041504	38.70199966430664	6.284999847412109	11.475000381469727	F	N
78	78	43.124000549316406	6.915999889373779	10.156000137329102	43.95899963378906	7.793000221252441	9.244000434875488	Q	P
79	79	45.196998596191406	5.724999904632568	13.12600040435791	44.847999572753906	4.313000202178955	13.61400032043457	F	N
80	80	48.79999923706055	6.872000217437744	13.699999809265137	49.09400177001953	8.350000381469727	13.322999954223633	F	N
81	81	51.433998107910156	5.942999839782715	16.19700050354004	51.40700149536133	4.494999885559082	16.60300064086914	K	B
82	82	54.77799987792969	7.783999919891357	16.197999954223633	55.79399871826172	6.703000068664551	16.577999114990234	K	B
83	83	53.95600128173828	9.505000114440918	12.940999984741211	53.95600128173828	9.505000114440918	12.940999984741211	G	G
84	84	53.31399917602539	6.202000141143799	11.072999954223633	54.1879997253418	4.982999801635742	11.376999855041504	Q	P
85	85	49.770999908447266	5.2230000495910645	9.835000038146973	49.176998138427734	5.495999813079834	8.444000244140625	K	B
86	86	48.957000732421875	1.909000039100647	11.557000160217285	49.36000061035156	1.7020000219345093	13.043999671936035	V	N
87	87	45.24300003051758	1.4429999589920044	10.642000198364258	45.24300003051758	1.4429999589920044	10.642000198364258	G	G
88	88	42.430999755859375	2.865999937057495	8.515999794006348	43.09600067138672	3.296999931335449	7.216000080108643	E	A
89	89	38.86000061035156	2.119999885559082	7.6570000648498535	38.18000030517578	1.0779999494552612	8.59000015258789	F	N
90	90	35.854000091552734	4.039999961853027	6.243000030517578	35.81399917602539	4.375	4.732999801635742	S	P
91	91	32.22600173950195	4.130000114440918	7.375999927520752	32.22600173950195	4.130000114440918	7.375999927520752	G	G
92	92	30.281999588012695	5.196000099182129	10.42199993133545	29.069000244140625	6.126999855041504	10.347000122070312	A	N
93	93	30.687999725341797	1.9140000343322754	12.32699966430664	31.398000717163086	0.7630000114440918	11.635000228881836	N	P
94	94	30.722000122070312	2.5820000171661377	16.124000549316406	29.44300079345703	2.828000068664551	16.940000534057617	K	B
95	95	31.72800064086914	-0.8930000066757202	17.201000213623047	30.847999572753906	-2.0899999141693115	16.878999710083008	E	A
96	96	34.57699966430664	-1.1729999780654907	14.793000221252441	34.404998779296875	-1.3209999799728394	13.295000076293945	K	B
97	97	35.86000061035156	2.378999948501587	15.753999710083008	35.07400131225586	3.6540000438690186	15.940999984741211	L	N
98	98	36.10900115966797	1.5019999742507935	19.42799949645996	34.87900161743164	1.3539999723434448	20.304000854492188	E	A
99	99	37.34600067138672	-2.055999994277954	18.674999237060547	36.599998474121094	-3.0880000591278076	17.849000930786133	A	N
100	100	40.236000061035156	-0.8080000281333923	16.493000030517578	40.02899932861328	-0.04500000178813934	15.16100025177002	T	P
101	101	41.1879997253418	1.7890000343322754	19.216999053955078	40.202999114990234	2.8289999961853027	19.822999954223633	I	N
102	102	41.400001525878906	-1.0980000495910645	21.79400062561035	40.20800018310547	-1.8639999628067017	22.399999618530273	N	P
103	103	43.60100173950195	-3.174999952316284	19.41699981689453	43.18600082397461	-3.6429998874664307	18.01099967956543	E	A
104	104	46.020999908447266	-0.3330000042915344	18.72599983215332	45.7130012512207	0.6200000047683716	17.53499984741211	L	N
105	105	46.34299850463867	1.50600004196167	22.018999099731445	45.12099838256836	1.75600004196167	22.927000045776367	V	N
106	106	39.75400161743164	15.22700023651123	24.483999252319336	39.75400161743164	15.22700023651123	24.483999252319336	X	X
107	107	47.54100036621094	0.9110000133514404	22.757999420166016	47.54100036621094	0.9110000133514404	22.757999420166016	Z	Z
