Nr	Nidx	CaX	CaY	CaZ	PosX	PosY	PosZ	Let	Type
1	1	-9.444999694824219	12.100000381469727	-0.22100000083446503	-7.945000171661377	12.42199993133545	-0.06499999761581421	V	N
2	2	-9.72700023651123	9.498000144958496	-3.0329999923706055	-10.71399974822998	9.743000030517578	-4.183000087738037	V	N
3	3	-6.5929999351501465	7.357999801635742	-3.5230000019073486	-6.626142842429025	8.444000107901436	0.527857129062925	Y	P
4	4	-5.506999969482422	4.880000114440918	-6.24399995803833	-5.660999774932861	6.7230000495910645	-7.965000152587891	T	P
5	5	-4.263999938964844	1.2410000562667847	-6.215000152587891	-6.110000133514404	-0.3009999990463257	-7.123000144958496	D	A
6	6	-0.5370000004768372	0.3580000102519989	-5.853000164031982	0.7599999904632568	0.6299999952316284	-3.375	C	P
7	7	1.597000002861023	-0.2160000056028366	-9.01099967956543	0.871999979019165	1.965000033378601	-10.182999610900879	T	P
8	8	4.625999927520752	-1.8769999742507935	-7.26200008392334	7.317999839782715	0.8410000205039978	-6.420000076293945	E	A
9	9	5.120999813079834	-3.9590001106262207	-4.0929999351501465	5.60699987411499	-5.410999774932861	-4.031000137329102	S	P
10	10	6.453999996185303	-2.3570001125335693	-0.9120000004768372	6.453999996185303	-2.3570001125335693	-0.9120000004768372	G	G
11	11	4.4710001945495605	0.8740000128746033	-1.4639999866485596	4.267000198364258	2.38700008392334	-5.058000087738037	Q	P
12	12	2.178999900817871	2.63700008392334	1.0449999570846558	3.4730000495910645	4.302000045776367	2.5889999866485596	N	P
13	13	-0.6179999709129333	5.242000102996826	0.7739999890327454	-0.27300000190734863	7.5879998207092285	1.8370000123977661	L	N
14	14	-2.556999921798706	3.234999895095825	-1.8619999885559082	-0.8479999899864197	1.0770000219345093	-2.1559998989105225	C	P
15	15	-5.73799991607666	1.1230000257492065	-2.0239999294281006	-7.383999824523926	2.930999994277954	-2.8320000171661377	L	N
16	16	-4.900000095367432	-2.5350000858306885	-1.2339999675750732	-2.6429998874664307	-4.021999835968018	-0.33000001311302185	C	P
17	17	-7.693999767303467	-4.1570000648498535	0.7139999866485596	-7.5329999923706055	-6.574999809265137	3.6659998893737793	E	A
18	18	-10.46500015258789	-2.7690000534057617	-1.4989999532699585	-10.46500015258789	-2.7690000534057617	-1.4989999532699585	G	G
19	19	-11.109000205993652	0.9409999847412109	-0.8240000009536743	-12.493000030517578	1.6080000400543213	-0.8450000286102295	S	P
20	20	-9.017999649047852	0.6909999847412109	2.3980000019073486	-10.571000099182129	-0.7390000224113464	3.796999931335449	N	P
21	21	-5.693999767303467	2.503999948501587	2.0250000953674316	-5.546000003814697	4.019999980926514	2.26200008392334	V	N
22	22	-2.4839999675750732	0.7480000257492065	3.0999999046325684	-0.4339999854564667	-1.1319999694824219	3.1619999408721924	C	P
23	23	-1.840999960899353	3.1570000648498535	5.985000133514404	-1.840999960899353	3.1570000648498535	5.985000133514404	G	G
24	24	1.5709999799728394	4.6020002365112305	6.882999897003174	2.7179999351501465	8.29800033569336	6.71999979019165	Q	P
25	25	4.039999961853027	2.0989999771118164	8.368000030517578	4.039999961853027	2.0989999771118164	8.368000030517578	G	G
26	26	2.306999921798706	-0.6179999709129333	6.244999885559082	0.3319999873638153	-0.7319999933242798	7.945000171661377	N	P
27	27	3.003999948501587	-1.5260000228881836	2.562999963760376	6.889999866485596	-5.61299991607666	3.0820000171661377	K	B
28	28	1.090999960899353	-3.3570001125335693	-0.1889999955892563	-1.1469999551773071	-3.7249999046325684	-1.8619999885559082	C	P
29	29	2.5480000972747803	-6.439000129699707	-1.7929999828338623	3.630000114440918	-6.526000022888184	1.1990000009536743	I	N
30	30	1.093999981880188	-6.681000232696533	-5.293000221252441	0.5519999861717224	-4.757999897003174	-6.9029998779296875	L	N
31	31	0.5770000219345093	-10.442999839782715	-5.802999973297119	0.5770000219345093	-10.442999839782715	-5.802999973297119	G	G
32	32	3.259000062942505	-12.109999656677246	-7.973999977111816	4.64900016784668	-11.82800006866455	-7.401000022888184	S	P
33	33	1.562999963760376	-15.366999626159668	-8.760000228881836	2.1700000762939453	-15.45300006866455	-6.243000030517578	D	A
34	34	-2.246999979019165	-14.928999900817871	-8.907999992370605	-2.246999979019165	-14.928999900817871	-8.907999992370605	G	G
35	35	-2.200000047683716	-13.54699993133545	-5.328000068664551	-1.8240000009536743	-15.326000213623047	-2.9200000762939453	E	A
36	36	-4.298999786376953	-10.49899959564209	-4.429999828338623	-9.527999877929688	-13.02299976348877	-2.7219998836517334	K	B
37	37	-3.190999984741211	-7.105999946594238	-3.052999973297119	-3.744999885559082	-5.40500020980835	-4.855000019073486	N	P
38	38	-1.9479999542236328	-7.663000106811523	0.5519999861717224	0.734000027179718	-10.46500015258789	0.19499999284744263	Q	P
39	39	-1.2510000467300415	-4.730999946594238	2.9230000972747803	-1.6820000410079956	-2.3399999141693115	4.321000099182129	C	P
40	40	1.1260000467300415	-5.709000110626221	5.763000011444092	1.9160000085830688	-7.00600004196167	5.520999908447266	V	N
41	41	2.9019999504089355	-3.7190001010894775	8.5	2.8570001125335693	-5.281000137329102	10.532999992370605	T	P
42	42	6.616000175476074	-2.7709999084472656	8.21500015258789	6.616000175476074	-2.7709999084472656	8.21500015258789	G	G
43	43	7.531000137329102	0.30000001192092896	6.089000225067139	8.184000015258789	3.3329999446868896	6.540999889373779	E	A
44	44	7.320000171661377	1.1610000133514404	2.3429999351501465	7.320000171661377	1.1610000133514404	2.3429999351501465	G	G
45	45	7.822000026702881	3.8459999561309814	-0.3199999928474426	8.793999671936035	4.723999977111816	-2.5360000133514404	T	P
46	46	5.045000076293945	6.458000183105469	-0.8349999785423279	6.619999885559082	8.147000312805176	-0.19300000369548798	P	N
47	47	3.2880001068115234	6.163000106811523	-4.203999996185303	-1.4429999589920044	4.574999809265137	-7.931000232696533	K	B
48	48	4.361000061035156	9.206000328063965	-6.3979997634887695	5.919000148773193	7.665999889373779	-7.442999839782715	P	N
49	49	1.753000020980835	11.281000137329102	-8.307000160217285	0.8330000042915344	11.906999588012695	-5.589000225067139	Q	P
50	50	1.5049999952316284	9.258999824523926	-11.505000114440918	1.3509999513626099	10.130999565124512	-12.753999710083008	S	P
51	51	4.389999866485596	6.823999881744385	-12.293999671936035	6.3930000305175785	3.9119998931884767	-13.108799934387207	H	B
