Nr	Nidx	CaX	CaY	CaZ	PosX	PosY	PosZ	Let	Type
1	1	25.408000946044922	20.19499969482422	26.922000885009766	29.15399932861328	16.091999053955078	27.41900062561035	K	B
2	2	23.948999404907227	17.68600082397461	24.540000915527344	23.201000213623047	18.094999313354492	23.142000198364258	V	N
3	3	25.216999053955078	14.239999771118164	25.216999053955078	25.972285406930105	13.95942851475307	29.247285842895508	Y	P
4	4	26.083999633789062	11.661999702453613	22.58300018310547	26.083999633789062	11.661999702453613	22.58300018310547	G	G
5	5	24.052000045776367	8.38599967956543	22.974000930786133	23.930999755859375	3.9839999675750732	20.08300018310547	R	B
6	6	26.902999877929688	6.145999908447266	24.131000518798828	27.277999877929688	4.2870001792907715	22.100000381469727	C	P
7	7	28.413000106811523	9.006999969482422	26.14699935913086	29.43899917602539	12.730999946594238	26.12700080871582	E	A
8	8	25.097999572753906	9.262999534606934	28.10099983215332	22.64900016784668	10.38599967956543	28.20400047302246	L	N
9	9	24.763999938964844	5.447999954223633	28.41900062561035	24.86199951171875	4.460999965667725	27.26300048828125	A	N
10	10	28.18199920654297	5.251999855041504	30.054000854492188	29.4950008392334	5.5289998054504395	29.31599998474121	A	N
11	11	27.466999053955078	8.163000106811523	32.41999816894531	27.045000076293945	9.550000190734863	31.989999771118164	A	N
12	12	24.170000076293945	6.49399995803833	33.39899826049805	19.80699920654297	8.713000297546387	31.600000381469727	M	N
13	13	25.76799964904785	3.1029999256134033	33.887001037597656	26.444000244140625	-1.86899995803833	33.5369987487793	K	B
14	14	28.358999252319336	4.533999919891357	36.236000061035156	30.979999542236328	8.065999984741211	33.430999755859375	R	B
15	15	25.54199981689453	6.083000183105469	38.29899978637695	25.88599967956543	8.592000007629395	37.888999938964844	L	N
16	16	23.743000030517578	2.7829999923706055	38.90399932861328	23.743000030517578	2.7829999923706055	38.90399932861328	G	G
17	17	20.84000015258789	2.8940000534057617	36.45000076293945	20.179000854492188	5.354000091552734	36.16299819946289	L	N
18	18	21.3700008392334	-0.47200000286102295	34.72700119018555	22.476999282836914	-2.134000062942505	33.21200180053711	D	A
19	19	18.601999282836914	-2.671999931335449	35.987998962402344	19.59600067138672	-4.75	34.99300003051758	N	P
20	20	17.375999450683594	-0.17499999701976776	38.55500030517578	16.487285614013672	2.7031428473336354	41.2687143598284	Y	P
21	21	13.949999809265137	-1.4539999961853027	39.665000915527344	9.413000106811523	0.972000002861023	41.46900177001953	R	B
22	22	13.96399974822998	-3.86299991607666	36.869998931884766	13.96399974822998	-3.86299991607666	36.869998931884766	G	G
23	23	14.616999626159668	-1.3949999809265137	34.051998138427734	10.94485718863351	0.3608571413372244	34.902142660958425	Y	P
24	24	17.64699935913086	-2.1389999389648438	31.849000930786133	17.73699951171875	-3.1500000953674316	30.715999603271484	S	P
25	25	19.97599983215332	0.6880000233650208	30.832000732421875	22.523000717163086	1.5149999856948853	31.03499984741211	L	N
26	26	18.469999313354492	1.1950000524520874	27.31999969482422	18.469999313354492	1.1950000524520874	27.31999969482422	G	G
27	27	15.15999984741211	2.3359999656677246	28.95199966430664	13.72700023651123	0.48899999260902405	29.798999786376953	N	P
28	28	16.8439998626709	5.326000213623047	30.524999618530273	16.17311117384169	4.276000022888184	34.46133338080512	T	N
29	29	18.77899932861328	6.232999801635742	27.382999420166016	19.816999435424805	5.353000164031982	26.601999282836914	V	N
30	30	15.616999626159668	5.98199987411499	25.25	13.470000267028809	4.880000114440918	23.86199951171875	C	P
31	31	13.70199966430664	8.079999923706055	27.854000091552734	13.552000045776367	7.763999938964844	29.33799934387207	A	N
32	32	16.33799934387207	10.84000015258789	27.753000259399414	17.79400062561035	10.682999610900879	28.163999557495117	A	N
33	33	16.31800079345703	10.838000297546387	23.917999267578125	14.621000289916992	10.51200008392334	18.525999069213867	K	B
34	34	12.586000442504883	11.394000053405762	23.611000061035156	12.007833321889242	8.69183341662089	21.0939998626709	F	N
35	35	12.317000389099121	13.684000015258789	26.58300018310547	10.286999702453613	12.850000381469727	28.875	E	A
36	36	15.142999649047852	16.12299919128418	25.69499969482422	15.934000015258789	16.288999557495117	26.976999282836914	S	P
37	37	17.176000595092773	14.817999839782715	22.707000732421875	17.670000076293945	15.383999824523926	20.23900032043457	N	P
38	38	20.023000717163086	14.406000137329102	25.20199966430664	20.519166946411133	10.887333234151205	23.64916706085205	F	N
39	39	20.13599967956543	18.15999984741211	25.982999801635742	19.863000869750977	20.52199935913086	25.033000946044922	N	P
40	40	20.80699920654297	19.01300048828125	29.624000549316406	22.902000427246094	20.136999130249023	30.29400062561035	T	P
41	41	19.31999969482422	22.47599983215332	29.03499984741211	22.338400268554686	24.0734001159668	29.256000137329103	H	B
42	42	15.914999961853027	21.347999572753906	27.85099983215332	15.529999732971191	19.96500015258789	27.40999984741211	A	N
43	43	12.968000411987305	22.934999465942383	29.673999786376953	14.626999855041504	24.304000854492188	31.075000762939453	T	P
44	44	9.262999534606934	22.847000122070312	28.902999877929688	9.503999710083008	21.329999923706055	26.902000427246094	N	P
45	45	6.564000129699707	24.702999114990234	30.77899932861328	8.281999588012695	30.410999298095703	29.766000747680664	R	B
46	46	3.4860000610351562	22.874000549316406	31.908000946044922	4.675000190734863	20.92099952697754	33.01499938964844	N	P
47	47	-0.18000000715255737	23.76300048828125	31.893999099731445	-2.515000104904175	22.969999313354492	31.20800018310547	T	P
48	48	-0.24300000071525574	24.034000396728516	35.70899963378906	0.9490000009536743	21.868000030517578	36.35599899291992	D	A
49	49	2.555000066757202	26.55299949645996	36.165000915527344	2.555000066757202	26.55299949645996	36.165000915527344	G	G
50	50	5.263999938964844	23.958999633789062	36.801998138427734	4.985000133514404	22.570999145507812	37.39400100708008	S	P
51	51	8.204999923706055	23.408000946044922	34.43899917602539	10.168000221252441	24.527000427246094	33.323001861572266	T	P
52	52	10.041000366210938	20.26300048828125	33.32899856567383	8.210000038146973	18.770000457763672	32.49800109863281	D	A
53	53	13.817999839782715	20.52199935913086	33.58100128173828	12.972142900739398	23.961571557181223	35.707427978515625	Y	P
54	54	16.857999801635742	18.839000701904297	32.10900115966797	16.857999801635742	18.839000701904297	32.10900115966797	G	G
55	55	17.704999923706055	15.663000106811523	30.28499984741211	20.854999542236328	13.975000381469727	28.927000045776367	I	N
56	56	14.847999572753906	13.694000244140625	31.867000579833984	16.12299919128418	11.557000160217285	32.60300064086914	L	N
57	57	12.36400032043457	16.562999725341797	32.1349983215332	12.17300033569336	18.32900047302246	29.589000701904297	Q	P
58	58	11.753999710083008	16.389999389648438	35.81700134277344	14.788999557495117	14.281999588012695	37.106998443603516	I	N
59	59	8.940999984741211	18.665000915527344	36.9379997253418	6.744999885559082	17.520000457763672	37.6150016784668	N	P
60	60	8.850000381469727	21.367000579833984	39.64799880981445	9.164999961853027	22.808000564575195	39.297000885009766	S	P
61	61	5.376999855041504	20.472999572753906	40.983001708984375	-0.1679999977350235	17.958999633789062	40.61899948120117	R	B
62	62	6.631999969482422	17.356000900268555	42.763999938964844	2.9474444256888495	15.515333387586805	42.76999961005317	T	N
63	63	10.33899974822998	16.892000198364258	42.41699981689453	8.925444549984402	13.39233324262831	41.46144485473633	T	N
64	64	12.498000144958496	20.020000457763672	42.527000427246094	12.843999862670898	20.6299991607666	39.733001708984375	C	P
65	65	12.041999816894531	23.597999572753906	43.637001037597656	11.46500015258789	25.236000061035156	45.452999114990234	N	P
66	66	12.60099983215332	26.36400032043457	41.016998291015625	10.616000175476074	26.29199981689453	39.37799835205078	D	A
67	67	11.418000221252441	29.290000915527344	43.17499923706055	11.418000221252441	29.290000915527344	43.17499923706055	G	G
68	68	8.486000061035156	30.047000885009766	40.882999420166016	9.822999954223633	28.84600067138672	35.025001525878906	R	B
69	69	6.142000198364258	27.027999877929688	41.26599884033203	5.428999900817871	24.66699981689453	40.856998443603516	T	P
70	70	3.5840001106262207	27.60700035095215	44.0620002746582	2.0929999351501465	28.26799964904785	42.362998962402344	P	N
71	71	3.513000011444092	24.586999893188477	46.345001220703125	3.513000011444092	24.586999893188477	46.345001220703125	G	G
72	72	6.416999816894531	22.61400032043457	44.85900115966797	7.681000232696533	23.238000869750977	44.38999938964844	S	P
73	73	6.754000186920166	19.46299934387207	47.02899932861328	3.5810000896453857	15.767999649047852	49.70600128173828	K	B
74	74	10.493000030517578	19.239999771118164	46.13199996948242	12.656000137329102	20.482999801635742	46.694000244140625	N	P
75	75	10.67199993133545	15.510000228881836	46.88100051879883	8.432999610900879	13.97599983215332	46.96500015258789	L	N
76	76	14.175000190734863	15.222000122070312	45.39500045776367	13.744000434875488	13.972999572753906	42.99700164794922	C	P
77	77	15.432999610900879	18.027000427246094	47.691001892089844	14.916000366210938	16.999000549316406	49.96500015258789	N	P
78	78	17.18400001525879	19.875999450683594	44.95399856567383	19.851999282836914	18.55699920654297	44.34199905395508	I	N
79	79	16.881999969482422	23.28499984741211	43.19499969482422	19.20599937438965	23.65999984741211	43.722999572753906	P	N
80	80	15.604999542236328	22.660999298095703	39.650001525878906	12.843999862670898	22.652999877929688	39.82899856567383	C	P
81	81	18.667999267578125	24.516000747680664	38.279998779296875	19.18600082397461	25.89900016784668	38.77799987792969	S	P
82	82	20.829999923706055	21.55299949645996	39.4379997253418	20.753000259399414	20.826000213623047	40.7599983215332	A	N
83	83	18.972999572753906	19.54199981689453	36.80400085449219	16.9060001373291	18.308000564575195	37.970001220703125	L	N
84	84	20.309999465942383	21.753999710083008	33.99599838256836	18.604999542236328	23.65999984741211	33.30799865722656	L	N
85	85	23.993999481201172	21.04199981689453	34.520999908447266	24.6560001373291	20.965999603271484	35.9109992980957	S	P
86	86	26.413000106811523	19.04199981689453	32.362998962402344	27.802000045776367	19.474000930786133	31.92300033569336	S	P
87	87	26.850000381469727	16.684999465942383	35.305999755859375	27.732999801635742	16.06100082397461	37.680999755859375	D	A
88	88	23.819000244140625	14.38599967956543	35.31399917602539	23.94700050354004	10.961999893188477	33.40299987792969	I	N
89	89	24.277999877929688	13.067999839782715	38.91400146484375	25.336000442504883	12.57800006866455	41.21200180053711	T	P
90	90	21.45599937438965	15.114999771118164	40.44300079345703	21.413999557495117	16.631999969482422	40.650001525878906	A	N
91	91	19.14299964904785	14.253999710083008	37.513999938964844	19.336000442504883	14.520999908447266	36.013999938964844	S	P
92	92	19.711999893188477	10.498000144958496	37.88199996948242	20.82699966430664	9.454000473022461	37.33700180053711	V	N
93	93	19.530000686645508	10.520000457763672	41.70500183105469	21.79800033569336	10.678999900817871	42.7859992980957	N	P
94	94	16.15999984741211	12.288999557495117	41.38800048828125	14.270999908447266	14.312000274658203	41.111000061035156	C	P
95	95	15.07800006866455	9.98900032043457	38.50899887084961	15.866999626159668	9.654000282287598	37.25400161743164	A	N
96	96	15.616999626159668	6.96999979019165	40.790000915527344	21.597000122070312	5.295000076293945	41.47800064086914	K	B
97	97	13.140000343322754	8.51200008392334	43.26100158691406	11.33899974822998	10.925999641418457	47.5890007019043	K	B
98	98	10.458999633789062	9.102999687194824	40.66400146484375	9.133000373840332	10.92300033569336	37.49599838256836	I	N
99	99	10.987000465393066	5.585000038146973	39.220001220703125	12.236000061035156	5.033999919891357	38.527000427246094	A	N
100	100	10.37600040435791	4.27400016784668	42.79100036621094	11.093999862670898	4.730999946594238	44.018001556396484	S	P
101	101	6.736000061035156	5.4120001792907715	42.5260009765625	6.736000061035156	5.4120001792907715	42.5260009765625	G	G
102	102	3.9670000076293945	2.880000114440918	41.9379997253418	3.9670000076293945	2.880000114440918	41.9379997253418	G	G
103	103	4.070000171661377	3.312999963760376	38.15700149536133	3.2880001068115234	5.688000202178955	37.292999267578125	N	P
104	104	7.843999862670898	3.2679998874664307	37.6879997253418	7.843999862670898	3.2679998874664307	37.6879997253418	G	G
105	105	9.064000129699707	4.671000003814697	34.404998779296875	12.758000373840332	5.079999923706055	32.097999572753906	M	N
106	106	5.4770002365112305	5.329999923706055	33.22700119018555	4.270999908447266	3.2320001125335693	33.000999450683594	N	P
107	107	5.889999866485596	8.663999557495117	34.98899841308594	6.761000156402588	8.918999671936035	36.202999114990234	A	N
108	108	7.729000091552734	9.732000350952148	31.7810001373291	11.231444358825684	9.726111147138807	34.08333290947808	T	N
109	109	5.052999973297119	9.807000160217285	29.07699966430664	3.7780001163482666	10.708999633789062	28.802000045776367	V	N
110	110	7.63700008392334	10.138999938964844	26.27899932861328	8.786999702453613	11.100000381469727	26.05900001525879	A	N
111	111	9.119000434875488	6.818999767303467	27.524999618530273	9.460999753740099	3.3781111107932196	29.8168888092041	T	N
112	112	5.664999961853027	5.315999984741211	27.802000045776367	1.9609999656677246	7.644999980926514	30.788999557495117	R	B
113	113	4.810999870300293	6.284999847412109	24.238000869750977	2.940999984741211	7.855999946594238	24.714000701904297	N	P
114	114	8.029999732971191	5.8420000076293945	22.284000396728516	8.213000297546387	9.116000175476074	18.450000762939453	R	B
115	115	10.185999870300293	3.4079999923706055	24.316999435424805	11.892000198364258	5.5320000648498535	24.937000274658203	C	P
116	116	8.093000411987305	1.1180000305175781	26.496999740600586	3.319999933242798	0.6899999976158142	30.2189998626709	K	B
117	117	7.701000213623047	-2.3489999771118164	25.027999877929688	7.701000213623047	-2.3489999771118164	25.027999877929688	G	G
118	118	10.239999771118164	-1.9780000448226929	22.24799919128418	9.26099967956543	0.08100000023841858	21.139999389648438	T	P
119	119	13.706999778747559	-3.5390000343322754	22.131999969482422	15.635000228881836	-4.998000144958496	21.30900001525879	D	A
120	120	15.251999855041504	-0.7870000004768372	24.233999252319336	14.383000373840332	-0.6650000214576721	25.51300048828125	V	N
121	121	18.625999450683594	-2.73799991607666	24.23200035095215	17.58979949951172	-5.64060001373291	26.24520034790039	H	B
122	122	19.09600067138672	-1.1440000534057617	20.80500030517578	17.95400047302246	-0.8740000128746033	19.81800079345703	A	N
123	123	19.788000106811523	2.200000047683716	22.579999923706055	16.822111129760742	4.655444489585029	21.594888899061417	T	N
124	124	23.006999969482422	0.8659999966621399	24.101999282836914	22.93600082397461	-1.6380000114440918	27.062000274658203	I	N
125	125	24.139999389648438	-1.1260000467300415	20.974000930786133	20.920000076293945	-4.135000228881836	18.486000061035156	R	B
126	126	27.732999801635742	-0.2280000001192093	19.885000228881836	27.732999801635742	-0.2280000001192093	19.885000228881836	G	G
127	127	28.517000198364258	1.5260000228881836	23.184999465942383	26.25	3.0179998874664307	23.26099967956543	C	P
128	128	31.58099937438965	0.1420000046491623	24.840999603271484	31.46299934387207	-2.8389999866485596	22.15399932861328	R	B
129	129	30.191999435424805	0.02500000037252903	28.400999069213867	27.742000579833984	0.7680000066757202	27.711999893188477	L	N
