Nr	Nidx	CaX	CaY	CaZ	PosX	PosY	PosZ	Let	Type
1	1	43.86199951171875	-1.8769999742507935	8.85099983215332	46.07400131225586	0.5860000252723694	7.090000152587891	M	N
2	2	40.832000732421875	-0.8579999804496765	10.82699966430664	41.6879997253418	-0.8460000157356262	13.23900032043457	N	P
3	3	38.582000732421875	2.234999895095825	11.28499984741211	36.55400085449219	4.295000076293945	10.069999694824219	I	N
4	4	40.768001556396484	3.7190001010894775	13.98799991607666	38.607500076293945	2.928166667620341	17.011500358581543	F	N
5	5	44.02799987792969	3.4749999046325684	12.031999588012695	45.49599838256836	-0.026000000536441803	12.425000190734863	E	A
6	6	42.29199981689453	4.85099983215332	9.001999855041504	38.54600143432617	4.704999923706055	4.99399995803833	M	N
7	7	40.97800064086914	7.919000148773193	10.800000190734863	38.48500061035156	7.994999885559082	10.940999984741211	L	N
8	8	44.25600051879883	8.409000396728516	12.586999893188477	48.66600036621094	9.878000259399414	14.619999885559082	R	B
9	9	45.854000091552734	8.720999717712402	9.125	47.04800033569336	5.316999912261963	7.71999979019165	I	N
10	10	43.20600128173828	11.133999824523926	7.9019999504089355	41.73400115966797	9.897000312805176	6.315999984741211	D	A
11	11	42.96799850463867	13.423999786376953	10.923999786376953	39.76100158691406	13.788999557495117	10.753000259399414	E	A
12	12	46.345001220703125	13.324999809265137	12.619000434875488	46.345001220703125	13.324999809265137	12.619000434875488	G	G
13	13	46.96799850463867	13.579999923706055	16.41699981689453	47.92499923706055	12.640000343322754	18.540000915527344	L	N
14	14	47.40599822998047	17.023000717163086	17.95800018310547	48.09000015258789	21.614999771118164	14.135000228881836	R	B
15	15	47.71799850463867	17.493999481201172	21.729000091552734	48.9640007019043	15.395000457763672	22.22599983215332	L	N
16	16	47.14400100708008	21.224000930786133	21.611000061035156	53.24100112915039	22.66200065612793	22.408000946044922	K	B
17	17	44.124000549316406	23.329999923706055	20.37700080871582	41.75699996948242	24.673999786376953	23.025999069213867	I	N
18	18	44.60499954223633	23.77199935913086	16.697999954223633	43.937142508370535	20.117285864693777	14.903714452471052	Y	P
19	19	42.61600112915039	24.986000061035156	13.930000305175781	41.72100067138672	31.14900016784668	13.939000129699707	K	B
20	20	41.15299987792969	22.725000381469727	11.369000434875488	38.61600112915039	22.33799934387207	11.085000038146973	D	A
21	21	41.250999450683594	23.270000457763672	7.618000030517578	41.683998107910156	20.81800079345703	6.9629998207092285	T	P
22	22	37.935001373291016	25.118999481201172	7.888999938964844	36.06100082397461	24.17799949645996	5.840000152587891	E	A
23	23	39.137001037597656	27.503999710083008	10.532999992370605	39.137001037597656	27.503999710083008	10.532999992370605	G	G
24	24	37.755001068115234	25.7549991607666	13.572999954223633	34.33242852347238	25.95485714503697	11.513285773141044	Y	P
25	25	39.01300048828125	24.884000778198242	16.922000885009766	40.1038567679269	28.687999997820175	18.131714139665878	Y	P
26	26	39.84700012207031	21.183000564575195	17.106000900268555	40.16299819946289	19.211000442504883	15.324000358581543	T	P
27	27	41.930999755859375	19.013999938964844	19.402000427246094	43.257999420166016	19.93400001525879	22.834999084472656	I	N
28	28	43.263999938964844	15.383000373840332	19.457000732421875	43.263999938964844	15.383000373840332	19.457000732421875	G	G
29	29	42.180999755859375	13.229000091552734	16.525999069213867	43.47600173950195	10.123000144958496	18.19300079345703	I	N
30	30	39.81100082397461	15.46500015258789	14.58899974822998	39.81100082397461	15.46500015258789	14.58899974822998	G	G
31	31	37.724998474121094	16.291000366210938	17.64900016784668	35.81179962158203	16.2544002532959	20.638600158691407	H	B
32	32	35.9370002746582	19.569000244140625	16.775999069213867	34.209999084472656	21.218000411987305	15.885000228881836	L	N
33	33	35.551998138427734	21.75200080871582	19.79800033569336	37.659000396728516	21.302000045776367	21.058000564575195	L	N
34	34	33.60300064086914	24.760000228881836	18.527000427246094	34.95600128173828	26.743999481201172	19.51799964904785	T	P
35	35	32.76300048828125	26.621000289916992	15.378999710083008	29.19700050354004	22.95400047302246	11.527000427246094	K	B
36	36	32.99599838256836	29.819000244140625	17.488000869750977	32.44499969482422	30.10300064086914	18.888999938964844	S	P
37	37	35.70899963378906	32.29100036621094	16.874000549316406	33.97999954223633	33.606998443603516	15.762999534606934	P	N
38	38	36.71200180053711	32.41999816894531	20.45400047302246	35.792999267578125	32.94900131225586	21.55299949645996	S	P
39	39	39.7599983215332	30.643999099731445	21.642000198364258	42.20500183105469	30.198999404907227	22.214000701904297	L	N
40	40	38.23699951171875	31.23200035095215	24.976999282836914	39.54100036621094	32.72700119018555	26.593000411987305	N	P
41	41	35.05099868774414	29.475000381469727	23.969999313354492	34.167999267578125	29.781999588012695	22.777000427246094	A	N
42	42	37.24399948120117	26.593000411987305	22.67099952697754	38.297000885009766	26.649999618530273	21.554000854492188	A	N
43	43	39.13600158691406	26.216999053955078	25.91900062561035	44.49800109863281	29.131999969482422	26.461999893188477	K	B
44	44	35.88399887084961	26.155000686645508	27.802000045776367	34.96200180053711	27.36199951171875	27.94499969482422	S	P
45	45	34.44900131225586	23.402999877929688	25.62299919128418	31.79599952697754	23.836999893188477	24.2450008392334	E	A
46	46	37.66299819946289	21.48699951171875	26.084999084472656	40.112998962402344	20.868999481201172	26.1299991607666	L	N
47	47	37.49300003051758	21.55500030517578	29.881999969482422	38.827999114990234	23.43000030517578	30.82699966430664	D	A
48	48	33.86800003051758	20.527000427246094	29.648000717163086	29.993999481201172	21.316999435424805	26.131999969482422	K	B
49	49	34.74599838256836	17.635000228881836	27.309999465942383	35.132999420166016	17.725000381469727	25.83300018310547	A	N
50	50	37.70899963378906	16.44499969482422	29.510000228881836	39.49599838256836	15.562000274658203	27.13800048828125	I	N
51	51	36.29999923706055	17.121999740600586	32.987998962402344	36.29999923706055	17.121999740600586	32.987998962402344	G	G
52	52	39.494998931884766	18.940000534057617	33.987998962402344	44.500999450683594	17.819000244140625	31.788999557495117	R	B
53	53	41.1879997253418	22.302000045776367	33.56700134277344	40.37099838256836	24.15999984741211	34.92900085449219	N	P
54	54	43.28900146484375	21.64699935913086	30.56599998474121	41.96699905395508	19.316999435424805	29.871000289916992	C	P
55	55	44.15399932861328	25.066999435424805	29.365999221801758	45.9109992980957	26.889999389648438	30.14699935913086	N	P
56	56	44.3120002746582	23.961000442504883	25.759000778198242	44.3120002746582	23.961000442504883	25.759000778198242	G	G
57	57	46.33399963378906	20.91699981689453	26.434999465942383	47.70199966430664	21.242000579833984	27.010000228881836	V	N
58	58	45.65599822998047	17.273000717163086	26.687000274658203	43.22200012207031	15.927000045776367	23.93199920654297	I	N
59	59	47.44300079345703	14.003999710083008	27.121999740600586	47.64699935913086	14.196000099182129	29.613000869750977	T	P
60	60	47.606998443603516	11.29699993133545	24.479999542236328	50.31100082397461	7.684999942779541	20.35700035095215	K	B
61	61	45.361000061035156	9.220999717712402	26.636999130249023	46.51100158691406	7.61299991607666	28.099000930786133	D	A
62	62	42.707000732421875	11.949000358581543	26.665000915527344	43.39799880981445	14.420999526977539	29.48699951171875	E	A
63	63	42.875	12.229000091552734	22.827999114990234	44.10300064086914	12.534000396728516	21.98699951171875	A	N
64	64	42.19599914550781	8.473999977111816	22.555999755859375	45.430999755859375	6.550000190734863	22.319000244140625	E	A
65	65	39.2869987487793	8.567999839782715	24.944000244140625	36.768001556396484	7.618000030517578	30.172000885009766	K	B
66	66	37.731998443603516	11.36400032043457	22.868999481201172	38.19599914550781	13.755000114440918	23.797000885009766	L	N
67	67	38.465999603271484	9.352999687194824	19.698999404907227	40.2810001373291	7.969499905904134	16.661333243052166	F	N
68	68	36.79999923706055	6.228000164031982	21.065000534057617	38.37300109863281	4.576000213623047	22.173999786376953	N	P
69	69	33.75899887084961	8.336000442504883	21.90999984741211	34.12699890136719	10.1850004196167	25.29800033569336	Q	P
70	70	33.619998931884766	9.942999839782715	18.47800064086914	34.625999450683594	12.279000282287598	18.679000854492188	D	A
71	71	33.888999938964844	6.716000080108643	16.527000427246094	35.119998931884766	5.769000053405762	16.392000198364258	V	N
72	72	31.156999588012695	5.120999813079834	18.643999099731445	30.159000396728516	4.089000225067139	20.716999053955078	D	A
73	73	28.836000442504883	8.093999862670898	18.2450008392334	29.10700035095215	9.538999557495117	18.597000122070312	A	N
74	74	29.45800018310547	7.909999847412109	14.449999809265137	30.816999435424805	8.03600025177002	13.760000228881836	A	N
75	75	28.531999588012695	4.232999801635742	14.303000450134277	29.30299949645996	3.046999931335449	14.894000053405762	V	N
76	76	25.429000854492188	4.581999778747559	16.527999877929688	26.66200065612793	6.181000232696533	20.929000854492188	R	B
77	77	24.43000030517578	7.61299991607666	14.494999885559082	24.43000030517578	7.61299991607666	14.494999885559082	G	G
78	78	24.489999771118164	5.763000011444092	11.178999900817871	28.18000030517578	5.218999862670898	9.741999626159668	I	N
79	79	22.459999084472656	2.878999948501587	12.701000213623047	24.302000045776367	1.0850000381469727	13.00100040435791	L	N
80	80	19.768999099731445	5.183000087738037	14.072999954223633	21.59600067138672	4.2230000495910645	19.86400032043457	R	B
81	81	19.56399917602539	7.0960001945495605	10.873000144958496	20.304000854492188	9.133000373840332	9.463000297546387	N	P
82	82	16.881000518798828	6.171999931335449	8.300999641418457	15.48799991607666	6.776000022888184	8.312999725341797	A	N
83	83	18.8799991607666	7.318999767303467	5.375999927520752	16.30299949645996	12.425000190734863	4.0879998207092285	K	B
84	84	22.256999969482422	5.914000034332275	6.377999782562256	23.298999786376953	8.163000106811523	7.051000118255615	L	N
85	85	21.320999145507812	2.628999948501587	8.02299976348877	19.410999298095703	-1.8890000581741333	10.319000244140625	K	B
86	86	20.177000045776367	0.9169999957084656	4.849999904632568	18.257999420166016	2.434999942779541	4.927999973297119	P	N
87	87	23.25	1.9529999494552612	2.937999963760376	23.766000747680664	3.3610000610351562	2.7079999446868896	V	N
88	88	25.48200035095215	0.6880000233650208	5.767000198364258	27.925428662981307	0.21428571428571427	9.199142728533063	Y	P
89	89	23.608999252319336	-2.621999979019165	5.951000213623047	21.659000396728516	-2.490000009536743	7.586999893188477	D	A
90	90	24.082000732421875	-3.134000062942505	2.2699999809265137	23.452999114990234	-2.368000030517578	1.125	S	P
91	91	27.874000549316406	-2.686000108718872	2.364000082015991	28.020000457763672	-0.020999999716877937	2.062999963760376	L	N
92	92	30.900999069213867	-4.968999862670898	2.809000015258789	32.520999908447266	-4.265999794006348	1.0440000295639038	D	A
93	93	33.24300003051758	-4.382999897003174	5.769999980926514	33.972999572753906	-5.432000160217285	6.573999881744385	A	N
94	94	35.74599838256836	-2.0910000801086426	4.0279998779296875	36.8489990234375	-2.4570000171661377	3.00600004196167	V	N
95	95	33.20600128173828	0.1899999976158142	2.421999931335449	33.257999420166016	-1.8680000305175781	-3.046999931335449	R	B
96	96	31.48200035095215	0.3100000023841858	5.809000015258789	27.6299991607666	-4.432000160217285	7.109000205993652	R	B
97	97	34.638999938964844	1.9329999685287476	7.203000068664551	36.154998779296875	-0.12200000137090683	8.307000160217285	C	P
98	98	34.52399826049805	4.5329999923706055	4.461999893188477	34.617000579833984	4.25600004196167	2.940999984741211	A	N
99	99	30.969999313354492	5.677000045776367	5.3420000076293945	28.4060001373291	5.392000198364258	5.576000213623047	L	N
100	100	32.027000427246094	5.73799991607666	9.01200008392334	32.24300003051758	2.25600004196167	10.869000434875488	I	N
101	101	34.90599822998047	7.997000217437744	7.994999885559082	37.1870002746582	8.439000129699707	6.849999904632568	N	P
102	102	32.61399841308594	10.428999900817871	6.170000076293945	30.951000213623047	11.505000114440918	2.005000114440918	M	N
103	103	30.242000579833984	10.536999702453613	9.086999893188477	29.281999588012695	9.432999610900879	9.526000022888184	V	N
104	104	32.915000915527344	11.14799976348877	11.64799976348877	36.14266586303711	11.114833354949951	13.625333150227865	F	N
105	105	34.1619987487793	14.031000137329102	9.539999961853027	36.12200164794922	15.322999954223633	6.288000106811523	E	A
106	106	30.9950008392334	15.574000358581543	8.343999862670898	32.560001373291016	14.446000099182129	4.265999794006348	M	N
107	107	28.198999404907227	14.46500015258789	10.579999923706055	28.198999404907227	14.46500015258789	10.579999923706055	G	G
108	108	25.152000427246094	12.331000328063965	9.845999717712402	22.479000091552734	10.871000289916992	12.161999702453613	E	A
109	109	23.242000579833984	15.255999565124512	8.491000175476074	22.253000259399414	17.506999969482422	8.392999649047852	T	P
110	110	25.974000930786133	16.138999938964844	6.0279998779296875	25.974000930786133	16.138999938964844	6.0279998779296875	G	G
111	111	26.437999725341797	12.645999908447266	4.683000087738037	27.086000442504883	11.458999633789062	5.364999771118164	V	N
112	112	22.70400047302246	12.126999855041504	4.633999824523926	21.687999725341797	12.199999809265137	5.769999980926514	A	N
113	113	22.670000076293945	14.97700023651123	2.109999895095825	22.670000076293945	14.97700023651123	2.109999895095825	G	G
114	114	24.68400001525879	13.105999946594238	-0.5410000085830688	28.289999961853027	14.404666582743326	0.2394999973475933	F	N
115	115	21.457000732421875	11.555999755859375	-1.8040000200271606	19.06999969482422	11.392000198364258	-2.5190000534057617	T	P
116	116	22.6200008392334	10.5	-5.197000026702881	21.753999710083008	12.461000442504883	-6.60099983215332	N	P
117	117	25.89900016784668	8.927000045776367	-4.179999828338623	27.08099937438965	9.560999870300293	-3.4639999866485596	S	P
118	118	24.198999404907227	7.001999855041504	-1.3270000219345093	24.072999954223633	8.49899959564209	0.8379999995231628	L	N
119	119	21.81399917602539	5.585000038146973	-3.940999984741211	20.780000686645508	7.415999889373779	-8.741999626159668	R	B
120	120	24.621999740600586	4.515999794006348	-6.189000129699707	24.875	8.845999717712402	-8.930999755859375	M	N
121	121	26.47800064086914	2.9130001068115234	-3.234999895095825	28.16200065612793	4.577000141143799	-2.1600000858306885	L	N
122	122	23.357999801635742	0.9369999766349792	-2.2939999103546143	20.2450008392334	1.059000015258789	-0.2549999952316284	Q	P
123	123	23.179000854492188	-0.17000000178813934	-5.875	20.773000717163086	2.003999948501587	-7.824999809265137	Q	P
124	124	26.878000259399414	-1.253000020980835	-5.895999908447266	26.95199966430664	-4.330999851226807	-1.3619999885559082	K	B
125	125	27.695999145507812	1.1369999647140503	-8.734999656677246	22.670000076293945	1.465999960899353	-11.869000434875488	R	B
126	126	31.215999603271484	1.7300000190734863	-7.59499979019165	30.49566650390625	-1.164000004529953	-4.85388888253106	T	N
127	127	32.59000015258789	3.8489999771118164	-10.487000465393066	34.0989990234375	2.374000072479248	-11.869999885559082	D	A
128	128	29.53499984741211	5.986000061035156	-10.770999908447266	28.45199966430664	3.1670000553131104	-12.3149995803833	E	A
129	129	29.427000045776367	6.63700008392334	-7.066999912261963	29.163999557495117	5.7129998207092285	-5.88700008392334	A	N
130	130	33.16600036621094	7.598999977111816	-6.999000072479248	34.270999908447266	6.635000228881836	-7.442999839782715	A	N
131	131	32.558998107910156	10.090999603271484	-9.817999839782715	32.1150016784668	9.76099967956543	-11.25100040435791	V	N
132	132	29.56399917602539	11.696999549865723	-8.055000305175781	27.10300064086914	11.887999534606934	-7.326000213623047	N	P
133	133	31.243999481201172	11.980999946594238	-4.618000030517578	31.08099937438965	9.809000015258789	-3.065999984741211	L	N
134	134	34.06700134277344	14.027999877929688	-6.2270002365112305	35.097999572753906	13.447999954223633	-7.190000057220459	A	N
135	135	31.56399917602539	16.658000946044922	-7.267000198364258	29.461999893188477	14.741000175476074	-12.715999603271484	K	B
136	136	31.405000686645508	18.229000091552734	-3.928999900817871	31.381999969482422	17.07900047302246	-2.9030001163482666	S	P
137	137	32.762001037597656	21.040000915527344	-1.909000039100647	33.81800079345703	24.56800079345703	2.3459999561309814	R	B
138	138	34.237998962402344	18.250999450683594	0.2809999883174896	34.65233357747396	13.957222196790907	1.2423333376646042	T	N
139	139	36.444000244140625	16.965999603271484	-2.4619998931884766	38.27499989100865	15.227571487426758	-5.730571474347796	Y	P
140	140	37.41400146484375	20.444000244140625	-3.7170000076293945	36.275001525878906	20.95199966430664	-5.85099983215332	N	P
141	141	38.45399856567383	21.658000946044922	-0.22200000286102295	37.0989990234375	24.375999450683594	0.061000000685453415	Q	P
142	142	40.37799835205078	18.46299934387207	0.9240000247955322	40.07400131225586	19.054000854492188	3.243000030517578	T	P
143	143	41.14799880981445	16.48200035095215	-2.2090001106262207	42.268001556396484	18.493000030517578	-3.0299999713897705	P	N
144	144	43.85200119018555	14.140000343322754	-0.7900000214576721	46.21799850463867	15.133999824523926	-1.1920000314712524	N	P
145	145	41.69499969482422	12.800999641418457	2.13700008392334	38.69900131225586	12.777999877929688	7.10699987411499	R	B
146	146	38.57699966430664	12.857999801635742	-0.04899999871850014	37.715999603271484	14.029999732971191	-0.5590000152587891	A	N
147	147	40.452999114990234	10.838000297546387	-2.7149999141693115	43.35300064086914	14.675000190734863	-5.629000186920166	K	B
148	148	41.479000091552734	8.229000091552734	-0.20000000298023224	44.9739990234375	10.6850004196167	3.061000108718872	R	B
149	149	37.83700180053711	7.750999927520752	1.00600004196167	36.99700164794922	8.803000450134277	1.7239999771118164	V	N
150	150	36.55099868774414	7.714000225067139	-2.5450000762939453	36.06100082397461	11.33899974822998	-3.7829999923706055	I	N
151	151	39.11899948120117	5.0960001945495605	-3.61299991607666	41.49599838256836	3.9519999027252197	-3.928999900817871	T	P
152	152	38.05799865722656	3.01200008392334	-0.6050000190734863	37.84600067138672	2.200000047683716	1.7970000505447388	T	P
153	153	34.46099853515625	3.109999895095825	-1.8660000562667847	32.19450028737386	5.284333308537801	0.40616667332748574	F	N
154	154	35.516998291015625	2.4660000801086426	-5.413000106811523	39.45899963378906	3.4549999237060547	-8.300000190734863	R	B
155	155	37.652000427246094	-0.609000027179718	-4.756999969482422	39.56700134277344	0.5559999942779541	-5.827000141143799	T	P
156	156	36.50199890136719	-1.9739999771118164	-1.4980000257492065	36.50199890136719	-1.9739999771118164	-1.4980000257492065	G	G
157	157	40.224998474121094	-2.385999917984009	-0.5339999794960022	40.428001403808594	-3.4830000400543213	-2.755000114440918	T	P
158	158	42.672000885009766	-0.5709999799728394	1.7769999504089355	40.811222076416016	-0.9623333182599809	5.3331110212537975	T	N
159	159	44.946998596191406	0.3149999976158142	-1.065000057220459	44.797000885009766	-1.4420000314712524	-2.8469998836517334	D	A
160	160	44.856998443603516	4.080999851226807	-0.656000018119812	43.64500045776367	4.922999858856201	-0.968999981880188	A	N
161	161	45.99800109863281	3.8889999389648438	2.9800000190734863	42.51499993460519	5.638714177267892	4.1339999948229105	Y	P
162	162	48.54800033569336	1.2170000076293945	2.546999931335449	45.970001220703125	-4.301000118255615	4.322000026702881	K	B
163	163	51.43299865722656	3.4730000495910645	2.0160000324249268	49.87300109863281	4.199999809265137	0.09200000017881393	N	P
164	164	50.3849983215332	5.938000202178955	4.789000034332275	48.78300094604492	7.4679999351501465	3.4749999046325684	L	N
