Nr	Nidx	CaX	CaY	CaZ	PosX	PosY	PosZ	Let	Type
1	1	22.364999771118164	-0.9549999833106995	21.211999893188477	18.54800033569336	1.2860000133514404	23.634000778198242	K	B
2	2	23.62299919128418	2.513000011444092	22.177000045776367	23.253000259399414	6.210000038146973	20.961000442504883	E	A
3	3	24.68600082397461	2.8980000019073486	25.827999114990234	26.924999237060547	1.7660000324249268	26.003000259399414	T	P
4	4	22.76799964904785	5.474999904632568	27.878000259399414	22.25200080871582	5.27400016784668	29.308000564575195	A	N
5	5	25.93899917602539	7.540999889373779	28.253000259399414	27.235000610351562	7.059999942779541	28.92300033569336	A	N
6	6	26.635000228881836	7.461999893188477	24.507999420166016	26.968000411987305	6.215000152587891	23.700000762939453	A	N
7	7	23.04400062561035	8.42300033569336	23.731000900268555	17.104000091552734	7.959000110626221	24.070999145507812	K	B
8	8	23.26799964904785	11.395999908447266	26.0939998626709	23.837999661763508	14.079999923706055	28.694166501363117	F	N
9	9	26.437000274658203	12.541000366210938	24.32200050354004	29.520000457763672	10.456999778747559	25.45599937438965	E	A
10	10	24.900999069213867	12.267999649047852	20.85099983215332	21.139999389648438	9.173999786376953	18.989999771118164	R	B
11	11	21.643999099731445	13.973999977111816	21.874000549316406	18.67099952697754	11.564000129699707	22.66200065612793	Q	P
12	12	22.930999755859375	16.74799919128418	24.11400032043457	19.973999786376954	15.596600151062011	25.670399475097657	H	B
13	13	26.58300018310547	17.55500030517578	23.51300048828125	29.211999893188477	18.26099967956543	25.90399932861328	M	N
14	14	27.760000228881836	20.263999938964844	21.10300064086914	27.06100082397461	21.652999877929688	19.09600067138672	D	A
15	15	31.138999938964844	21.527999877929688	22.259000778198242	32.1870002746582	20.634000778198242	22.927000045776367	S	P
16	16	32.340999603271484	22.551000595092773	18.790000915527344	32.16699981689453	21.70599937438965	17.527000427246094	S	P
17	17	30.26099967956543	25.7189998626709	18.979000091552734	29.034000396728516	24.97800064086914	16.91200065612793	T	P
18	18	30.17300033569336	28.381000518798828	21.687999725341797	31.038999557495117	29.64699935913086	21.690000534057617	S	P
19	19	26.524999618530273	29.16900062561035	21.006999969482422	26.399999618530273	30.621999740600586	21.46299934387207	A	N
20	20	23.680999755859375	28.323999404907227	18.621000289916992	22.224000930786133	28.606000900268555	18.972999572753906	A	N
21	21	24.81399917602539	29.249000549316406	15.12399959564209	25.972000122070312	28.489999771118164	14.47599983215332	S	P
22	22	21.839000701904297	30.910999298095703	13.39799976348877	22.160999298095703	30.549999237060547	11.940999984741211	S	P
23	23	18.097999572753906	30.264999389648438	13.461999893188477	17.041000366210938	31.232999801635742	12.944000244140625	S	P
24	24	18.7450008392334	27.184999465942383	11.319000244140625	18.551000595092773	28.420000076293945	9.130000114440918	N	P
25	25	21.082000732421875	25.674999237060547	13.92199993133545	23.00571414402553	24.353142874581472	17.387285777500697	Y	P
26	26	18.43400001525879	23.319000244140625	15.312000274658203	17.670000076293945	24.26799964904785	17.799999237060547	C	P
27	27	17.21299934387207	22.148000717163086	11.909000396728516	15.368000030517578	23.58799934387207	10.960000038146973	N	P
28	28	20.832000732421875	21.29599952697754	11.076000213623047	24.218000411987305	21.65399932861328	11.85099983215332	Q	P
29	29	21.76300048828125	19.7450008392334	14.425999641418457	24.766000747680664	19.48200035095215	17.23699951171875	M	N
30	30	18.59600067138672	17.69300079345703	14.942999839782715	15.760000228881836	17.257999420166016	17.822999954223633	M	N
31	31	19.108999252319336	16.091999053955078	11.534000396728516	16.975000381469727	12.701000213623047	8.404999732971191	K	B
32	32	22.841999053955078	15.444000244140625	11.82699966430664	23.923999786376953	16.520000457763672	11.720000267028809	S	P
33	33	22.54199981689453	13.980999946594238	15.324999809265137	26.44499969482422	16.1200008392334	18.329999923706055	R	B
34	34	19.926000595092773	11.64799976348877	13.857000350952148	21.667999267578125	10.206999778747559	12.715999603271484	N	P
35	35	17.027000427246094	12.925000190734863	15.946000099182129	18.572999954223633	13.909000396728516	17.764999389648438	L	N
36	36	14.64799976348877	13.210000038146973	12.965999603271484	15.072999954223633	15.687000274658203	13.07800006866455	T	P
37	37	15.189000129699707	9.788999557495117	11.37399959564209	17.91699981689453	12.47599983215332	11.343000411987305	K	B
38	38	11.812999725341797	8.112000465393066	11.930000305175781	12.095999717712402	5.620999813079834	11.645000457763672	D	A
39	39	10.07699966430664	10.956999778747559	13.736000061035156	10.569999694824219	11.14900016784668	18.922000885009766	R	B
40	40	10.847000122070312	14.53600025177002	14.72599983215332	9.657999992370605	15.873000144958496	12.480999946594238	C	P
41	41	12.095000267028809	14.564000129699707	18.315000534057617	15.506999969482422	14.6850004196167	23.128000259399414	K	B
42	42	9.779000282287598	17.27899932861328	19.71299934387207	8.819000244140625	15.531000137329102	21.04800033569336	P	N
43	43	12.260000228881836	18.856000900268555	22.145999908447266	11.61400032043457	19.209999084472656	23.50200080871582	V	N
44	44	16.027000427246094	18.625	22.584999084472656	17.82699966430664	17.04400062561035	21.756000518798828	N	P
45	45	18.69300079345703	20.687999725341797	24.323999404907227	19.538000106811523	22.1299991607666	26.202999114990234	T	P
46	46	22.322999954223633	20.902999877929688	23.215999603271484	21.674166997273762	19.266000111897785	19.86050001780192	F	N
47	47	25.04800033569336	22.024999618530273	25.63800048828125	25.33099937438965	21.208999633789062	26.92300033569336	V	N
48	48	27.91900062561035	24.15999984741211	24.375	25.598600006103517	25.238199996948243	21.954399490356444	H	B
49	49	30.576000213623047	23.25200080871582	26.895999908447266	29.856000900268555	25.80900001525879	28.584999084472656	E	A
50	50	33.29499816894531	20.618999481201172	26.993000030517578	34.66999816894531	20.777000427246094	27.639999389648438	S	P
51	51	32.25	17.0310001373291	27.60099983215332	32.279998779296875	14.434000015258789	27.29400062561035	L	N
52	52	34.435001373291016	17.152000427246094	30.73200035095215	35.9010009765625	17.54199981689453	30.770999908447266	A	N
53	53	32.51499938964844	20.177000045776367	32.06399917602539	33.573001861572266	22.44700050354004	31.67300033569336	D	A
54	54	29.159000396728516	18.448999404907227	31.548999786376953	28.49799919128418	18.128999710083008	30.17099952697754	V	N
55	55	30.339000701904297	15.156000137329102	33.04999923706055	32.50199890136719	12.90999984741211	30.711000442504883	Q	P
56	56	31.5939998626709	17.121999740600586	36.066001892089844	32.5099983215332	18.339000701904297	35.9900016784668	A	N
57	57	28.006999969482422	18.094999313354492	36.85200119018555	26.91900062561035	18.506000518798828	35.82600021362305	V	N
58	58	27.440000534057617	14.574999809265137	38.244998931884766	26.952999114990234	12.984000205993652	35.99599838256836	C	P
59	59	29.589000701904297	15.652999877929688	41.2130012512207	31.110000610351562	15.58899974822998	41.06100082397461	S	P
60	60	27.888999938964844	18.993000030517578	41.76499938964844	29.389999389648438	21.01799964904785	38.7869987487793	Q	P
61	61	24.49799919128418	19.92799949645996	43.2869987487793	23.344999313354492	22.825000762939453	47.91699981689453	K	B
62	62	22.339000701904297	16.850000381469727	43.93899917602539	21.805999755859375	14.513999938964844	44.78499984741211	N	P
63	63	18.676000595092773	17.695999145507812	43.30400085449219	18.472999572753906	18.988000869750977	42.483001708984375	V	N
64	64	15.456999778747559	15.810999870300293	42.60900115966797	14.142000198364258	15.968999862670898	43.37300109863281	A	N
65	65	14.572999954223633	14.86299991607666	39.0369987487793	16.589000701904297	12.92300033569336	38.49399948120117	C	P
66	66	11.24899959564209	15.934000015258789	37.51499938964844	11.593000411987305	21.04400062561035	34.994998931884766	K	B
67	67	10.204999923706055	12.293999671936035	37.77899932861328	12.097999572753906	10.685999870300293	37.194000244140625	N	P
68	68	11.029999732971191	12.15999984741211	41.47200012207031	11.029999732971191	12.15999984741211	41.47200012207031	G	G
69	69	14.338000297546387	10.32699966430664	41.07099914550781	14.994999885559082	8.3100004196167	37.76900100708008	Q	P
70	70	17.21500015258789	11.526000022888184	43.249000549316406	15.765999794006348	11.079000473022461	45.25899887084961	T	P
71	71	20.14699935913086	10.979999542236328	40.875	19.361000061035156	9.380999565124512	39.053001403808594	N	P
72	72	19.93199920654297	14.435999870300293	39.28499984741211	17.676000595092773	14.383999824523926	37.5989990234375	C	P
73	73	22.551000595092773	17.163000106811523	39.542999267578125	24.372714723859513	13.932000023978096	41.288429260253906	Y	P
74	74	22.384000778198242	20.881999969482422	38.80500030517578	19.988000869750977	23.861000061035156	39.63100051879883	Q	P
75	75	25.492000579833984	22.607999801635742	37.46200180053711	25.76099967956543	22.9689998626709	35.99700164794922	S	P
76	76	26.94300079345703	25.202999114990234	39.8489990234375	28.609428678240096	22.73528562273298	42.86842891148159	Y	P
77	77	27.516000747680664	27.5310001373291	36.909000396728516	28.937000274658203	27.736000061035156	36.37099838256836	S	P
78	78	25.400999069213867	28.49799919128418	33.939998626708984	24.038999557495117	30.440000534057617	34.7859992980957	T	P
79	79	26.361000061035156	26.966999053955078	30.604000091552734	28.260000228881836	22.606000900268555	32.97800064086914	M	N
80	80	25.753000259399414	27.985000610351562	27.020999908447266	26.820999145507812	28.413999557495117	26.016000747680664	S	P
81	81	22.874000549316406	25.90399932861328	25.670000076293945	19.638999938964844	26.187000274658203	26.886999130249023	I	N
82	82	20.44300079345703	25.784000396728516	22.79199981689453	20.03700065612793	26.08300018310547	20.320999145507812	T	P
83	83	16.92099952697754	24.452999114990234	23.093000411987305	14.732000350952148	23.94099998474121	24.263999938964844	D	A
84	84	15.442000389099121	22.993999481201172	19.92799949645996	17.979999542236328	22.535999298095703	18.808000564575195	C	P
85	85	11.666000366210938	22.67799949645996	19.722000122070312	9.869999885559082	22.711000442504883	25.37299919128418	R	B
86	86	9.388999938964844	21.673999786376953	16.867000579833984	8.161999702453613	18.14699935913086	15.857000350952148	E	A
87	87	7.46999979019165	24.608999252319336	15.40999984741211	9.512999534606934	25.895000457763672	14.708999633789062	T	P
88	88	3.7730000019073486	24.351999282836914	14.61299991607666	3.7730000019073486	24.351999282836914	14.61299991607666	G	G
89	89	4.9710001945495605	24.415000915527344	11.015999794006348	5.519999980926514	25.70400047302246	10.39900016784668	S	P
90	90	6.810999870300293	21.100000381469727	11.477999687194824	7.670000076293945	20.88800048828125	12.725000381469727	S	P
91	91	5.710999965667725	17.7810001373291	9.991999626159668	2.308000087738037	14.760000228881836	6.915999889373779	K	B
92	92	7.716000080108643	14.586000442504883	9.465999603271484	9.728857176644462	10.918000085013253	9.517142704554967	Y	P
93	93	9.61299991607666	13.937000274658203	7.303999900817871	9.104000091552734	13.149999618530273	5.133999824523926	P	N
94	94	9.852999687194824	17.725000381469727	7.072000026702881	8.663000106811523	17.665000915527344	4.84499979019165	N	P
95	95	10.868000030517578	18.582000732421875	10.635000228881836	11.428999900817871	15.972000122070312	11.503000259399414	C	P
96	96	11.168000221252441	22.26799964904785	11.520000457763672	10.079000473022461	23.139999389648438	10.901000022888184	A	N
97	97	12.682999610900879	23.621000289916992	14.729000091552734	13.319714137486049	19.563571657453263	15.503714288984026	Y	P
98	98	12.836000442504883	26.888999938964844	16.614999771118164	11.821999549865723	31.360000610351562	19.60700035095215	K	B
99	99	16.340999603271484	27.673999786376953	17.91699981689453	18.827999114990234	28.055999755859375	17.677000045776367	T	P
100	100	16.611000061035156	29.28499984741211	21.360000610351562	15.442999839782715	30.31399917602539	23.336000442504883	T	P
101	101	20.09000015258789	30.054000854492188	22.68600082397461	23.26799964904785	30.010000228881836	22.868000030517578	Q	P
102	102	20.488000869750977	30.73200035095215	26.398000717163086	19.19099998474121	30.285999298095703	27.073999404907227	A	N
103	103	22.895000457763672	30.586000442504883	29.31100082397461	24.742000579833984	31.908000946044922	28.240999221801758	N	P
104	104	21.576000213623047	28.559999465942383	32.20100021362305	16.655000686645508	27.954999923706055	31.070999145507812	K	B
105	105	22.297000885009766	25.878999710083008	34.749000549316406	22.76500015258789	28.13479995727539	37.48440017700195	H	B
106	106	21.711999893188477	22.3799991607666	33.44300079345703	24.6560001373291	20.29800033569336	31.91900062561035	I	N
107	107	20.20400047302246	19.5049991607666	35.375999450683594	17.461000442504883	21.589000701904297	37.14099884033203	I	N
108	108	21.106000900268555	15.958000183105469	34.367000579833984	22.441999435424805	15.793000221252441	33.58700180053711	V	N
109	109	20.482999801635742	12.46399974822998	35.70800018310547	19.27899932861328	11.621000289916992	35.29899978637695	A	N
110	110	23.641000747680664	10.439000129699707	36.3129997253418	25.00200080871582	12.895000457763672	36.55500030517578	C	P
111	111	24.343000411987305	6.742000102996826	36.62699890136719	21.844999313354492	4.668000221252441	34.47600173950195	E	A
112	112	26.8700008392334	3.9719998836517334	36.18299865722656	26.8700008392334	3.9719998836517334	36.18299865722656	G	G
113	113	30.570999145507812	3.5450000762939453	36.77899932861328	32.236000061035156	2.558000087738037	38.42100143432617	N	P
114	114	31.93600082397461	5.890999794006348	35.6870002746582	32.856998443603516	6.051000118255615	33.4900016784668	P	N
115	115	29.086999893188477	8.012999534606934	37.10100173950195	26.152142933436803	9.204428536551339	39.9071420942034	Y	P
116	116	28.142000198364258	10.059000015258789	34.03499984741211	28.89299964904785	9.628000259399414	32.75400161743164	V	N
117	117	25.121000289916992	11.88700008392334	32.571998596191406	26.645999908447266	13.75100040435791	32.39400100708008	P	N
118	118	22.44499969482422	9.63599967956543	31.051000595092773	22.17799949645996	8.267000198364258	31.761999130249023	V	N
119	119	19.509000778198242	12.04800033569336	30.836999893188477	16.155600166320802	12.807400131225586	31.948799514770506	H	B
120	120	18.920000076293945	15.77299976348877	30.40999984741211	19.533999760945637	19.337666829427082	29.369333267211914	F	N
121	121	16.232999801635742	16.73200035095215	32.904998779296875	15.119999885559082	16.25200080871582	35.132999420166016	D	A
122	122	15.989999771118164	20.49799919128418	32.48500061035156	14.899999618530273	20.850000381469727	33.516998291015625	A	N
123	123	17.766000747680664	23.841999053955078	32.520999908447266	18.132999420166016	24.385000228881836	31.136999130249023	S	P
124	124	17.481000900268555	26.77400016784668	34.91699981689453	17.4950008392334	26.43000030517578	36.42399978637695	V	N
