Nr	Nidx	CaX	CaY	CaZ	PosX	PosY	PosZ	Let	Type
1	1	-7.610000133514404	-12.373000144958496	-9.734999656677246	-5.394999980926514	-15.357000350952148	-12.930999755859375	K	B
2	2	-8.291000366210938	-9.3149995803833	-7.550000190734863	-7.5	-7.98799991607666	-7.686999797821045	V	N
3	3	-11.939000129699707	-9.321000099182129	-6.3460001945495605	-12.46399974822998	-10.065999984741211	-5.113999843597412	S	P
4	4	-11.859999656677246	-5.557000160217285	-6.061999797821045	-11.859999656677246	-5.557000160217285	-6.061999797821045	G	G
5	5	-10.36299991607666	-2.5329999923706055	-4.3420000076293945	-9.527000427246094	-0.1850000023841858	-4.013000011444092	T	P
6	6	-11.413999557495117	-2.1110000610351562	-0.703000009059906	-11.541999816894531	-3.430999994277954	0.0949999988079071	V	N
7	7	-11.12600040435791	0.8199999928474426	1.7289999723434448	-12.890999794006348	2.874000072479248	0.8949999809265137	C	P
8	8	-8.87600040435791	0.24400000274181366	4.734000205993652	-6.940999984741211	0.7049999833106995	6.419000148773193	L	N
9	9	-11.66100025177002	1.6469999551773071	6.995999813079834	-12.326000213623047	3.0139999389648438	6.8470001220703125	S	P
10	10	-13.866999626159668	-1.3389999866485596	6.043000221252441	-14.39900016784668	-1.5240000486373901	4.629000186920166	A	N
11	11	-11.317999839782715	-3.927000045776367	7.124000072479248	-9.878000259399414	-4.111000061035156	4.97599983215332	L	N
12	12	-10.960000038146973	-5.367000102996826	10.614999771118164	-10.986000061035156	-7.5289998054504395	9.583000183105469	P	N
13	13	-9.012999534606934	-3.009000062942505	12.961000442504883	-10.527999877929688	-3.806999921798706	14.64799976348877	P	N
14	14	-6.216000080108643	-5.571000099182129	13.01200008392334	-8.319000244140625	-7.0879998207092285	14.956999778747559	E	A
15	15	-5.49399995803833	-4.868000030517578	9.28600025177002	-6.442999839782715	-4.931000232696533	8.098999977111816	A	N
16	16	-4.631999969482422	-1.281000018119812	10.192000389099121	-4.877999782562256	1.031999945640564	11.196999549865723	T	P
17	17	-2.3259999752044678	-2.575000047683716	12.925000190734863	-5.980000019073486	-2.4649999141693115	17.444000244140625	K	B
18	18	-0.5929999947547913	-4.869999885559082	10.446999549865723	-0.2029999941587448	-6.747000217437744	8.78600025177002	T	P
19	19	-0.09799999743700027	-2.068000078201294	7.946000099182129	-1.8420000076293945	-1.9140000343322754	6.119999885559082	L	N
20	20	1.496999979019165	0.04699999839067459	10.61400032043457	0.2720000147819519	2.0139999389648438	11.5600004196167	N	P
21	21	3.8519999980926514	-2.822000026702881	11.468000411987305	2.8980000019073486	-4.09499979019165	13.442000389099121	L	N
22	22	4.739999771118164	-3.135999917984009	7.775000095367432	2.1059999465942383	-5.13100004196167	5.85099983215332	I	N
23	23	5.355999946594238	0.6209999918937683	7.7270002365112305	4.335000038146973	1.7009999752044678	8.074999809265137	A	N
24	24	7.730999946594238	0.45899999141693115	10.706999778747559	7.269000053405762	0.5740000009536743	12.15999984741211	S	P
25	25	9.380000114440918	-2.742000102996826	9.461999893188477	11.690999984741211	-0.11299999803304672	5.1479997634887695	K	B
26	26	8.154999732971191	-4.553999900817871	12.611000061035156	8.154999732971191	-4.553999900817871	12.611000061035156	G	G
27	27	8.569999694824219	-5.8979997634887695	15.03499984741211	8.416000366210938	-5.1620001792907715	17.285999298095703	P	N
28	28	6.216000080108643	-8.696999549865723	14.013999938964844	6.6988333861033125	-7.278000116348267	10.553666750590006	F	N
29	29	4.420000076293945	-11.217000007629395	16.190000534057617	2.444999933242798	-10.45300006866455	14.975000381469727	P	N
30	30	5.09499979019165	-14.239999771118164	13.954999923706055	1.4154285894972938	-15.01857144492013	15.48357173374721	Y	P
31	31	8.086999893188477	-15.607000350952148	12.11400032043457	9.015999794006348	-16.716999053955078	12.602999687194824	S	P
32	32	5.943999767303467	-16.03499984741211	9.038999557495117	5.75600004196167	-18.763999938964844	7.479000091552734	Q	P
33	33	5.506999969482422	-12.251999855041504	8.954000473022461	3.8929998874664307	-11.722999572753906	10.835000038146973	D	A
34	34	7.495999813079834	-10.805999755859375	6.015999794006348	7.495999813079834	-10.805999755859375	6.015999794006348	G	G
35	35	8.21399974822998	-14.152999877929688	4.386000156402588	7.840000152587891	-15.579000473022461	4.872000217437744	V	N
36	36	8.133000373840332	-14.095999717712402	0.5770000219345093	9.23900032043457	-14.572999954223633	-0.3790000081062317	V	N
37	37	4.689000129699707	-14.923999786376953	-0.8500000238418579	0.9465000033378601	-15.176000118255615	-1.724999984105428	F	N
38	38	5.454999923706055	-17.305999755859375	-3.674999952316284	7.943999767303467	-20.159000396728516	-2.7190001010894775	Q	P
39	39	2.0179998874664307	-16.649999618530273	-5.2220001220703125	0.9869999885559082	-15.027999877929688	-6.915999889373779	N	P
40	40	1.6660000085830688	-20.292999267578125	-6.335000038146973	4.926000118255615	-23.402000427246094	-2.171999931335449	R	B
41	41	-1.8680000305175781	-20.010000228881836	-7.784999847412109	-3.8469998836517334	-22.645999908447266	-3.1489999294281006	K	B
42	42	-1.3459999561309814	-16.864999771118164	-9.857000350952148	-1.3619999885559082	-17.381000518798828	-11.300999641418457	S	P
43	43	-4.165999889373779	-15.107000350952148	-7.988999843597412	-4.769000053405762	-15.447999954223633	-6.61299991607666	V	N
44	44	-1.9950000047683716	-12.005000114440918	-8.001999855041504	-1.9110000133514404	-11.586999893188477	-5.406000137329102	L	N
45	45	-0.13600000739097595	-10.734999656677246	-11.107000350952148	-1.4759999513626099	-8.793999671936035	-10.868000030517578	P	N
46	46	2.9590001106262207	-12.866000175476074	-11.690999984741211	1.8589999675750732	-14.89900016784668	-12.70300006866455	T	P
47	47	6.413000106811523	-11.555999755859375	-10.567000389099121	5.320000171661377	-8.42199993133545	-10.868000030517578	Q	P
48	48	9.913000106811523	-12.76200008392334	-9.604999542236328	11.246999740600586	-12.08899974822998	-9.9399995803833	S	P
49	49	10.581999778747559	-14.498000144958496	-6.297999858856201	11.940571512494769	-16.35599994659424	-2.8265714389937266	Y	P
50	50	10.319999694824219	-11.677000045776367	-3.7929999828338623	10.319999694824219	-11.677000045776367	-3.7929999828338623	G	G
51	51	7.953000068664551	-9.187999725341797	-5.425000190734863	5.535142830439976	-6.609285763331822	-7.619714396340506	Y	P
52	52	5.377999782562256	-10.26099967956543	-2.813999891281128	2.7738571848188127	-10.218143054417201	-6.028571333203997	Y	P
53	53	5.511000156402588	-10.717000007629395	0.949999988079071	8.800800132751466	-9.48459987640381	0.5533999972045421	H	B
54	54	2.9000000953674316	-11.916000366210938	3.4830000400543213	2.7660000324249268	-15.821000099182129	3.5810000896453857	E	A
55	55	1.9320000410079956	-10.668999671936035	6.997000217437744	4.8437142712729315	-8.054857185908727	5.759142807551792	Y	P
56	56	-0.4749999940395355	-11.91100025177002	9.704000473022461	-1.305999994277954	-13.138999938964844	11.682000160217285	T	P
57	57	-3.615999937057495	-9.947999954223633	10.331999778747559	-4.659999847412109	-9.468000411987305	9.305999755859375	V	N
58	58	-4.451000213623047	-11.218999862670898	13.829000473022461	-1.6970000267028809	-10.059000015258789	16.229999542236328	I	N
59	59	-7.86299991607666	-12.807999610900879	14.390999794006348	-9.824999809265137	-14.413000106811523	14.112000465393066	T	P
60	60	-8.645999908447266	-11.793000221252441	18.041000366210938	-9.722000122070312	-9.861000061035156	17.08799934387207	P	N
61	61	-8.909000396728516	-14.789999961853027	20.381999969482422	-8.909000396728516	-14.789999961853027	20.381999969482422	G	G
62	62	-7.952000141143799	-17.415000915527344	17.757999420166016	-7.705999851226807	-17.17099952697754	16.26300048828125	A	N
63	63	-5.751999855041504	-20.37700080871582	18.80699920654297	-4.498000144958496	-24.9060001373291	18.47599983215332	R	B
64	64	-3.868000030517578	-20.121000289916992	15.468999862670898	-4.747000217437744	-22.42799949645996	14.932999610900879	T	P
65	65	-2.688999891281128	-17.40399932861328	13.095000267028809	1.2569999694824219	-16.80900001525879	9.760000228881836	R	B
66	66	-6.085999965667725	-17.832000732421875	11.418999671936035	-6.085999965667725	-17.832000732421875	11.418999671936035	G	G
67	67	-6.841000080108643	-16.992000579833984	7.788000106811523	-8.286999702453613	-19.06599998474121	7.830999851226807	T	P
68	68	-6.375999927520752	-13.190999984741211	7.493000030517578	-11.164999961853027	-12.178000450134277	11.406999588012695	R	B
69	69	-3.253999948501587	-11.781999588012695	5.807000160217285	-2.2780001163482666	-16.347000122070312	8.142999649047852	R	B
70	70	-1.9390000104904175	-8.737000465393066	3.9549999237060547	-3.009000062942505	-5.585000038146973	6.01200008392334	I	N
71	71	0.3889999985694885	-9.432000160217285	0.9670000076293945	-0.23199999332427979	-12.157999992370605	1.5069999694824219	I	N
72	72	2.5899999141693115	-6.464000225067139	0.014000000432133675	3.1989998817443848	-5.4029998779296875	2.197000026702881	T	P
73	73	3.688999891281128	-5.764999866485596	-3.575000047683716	3.688999891281128	-5.764999866485596	-3.575000047683716	G	G
74	74	6.60099983215332	-3.5929999351501465	-4.685999870300293	10.970999717712402	-5.650000095367432	-2.246999979019165	K	B
75	75	4.53000020980835	-0.6959999799728394	-6.065000057220459	3.36899995803833	-0.8529999852180481	-7.052000045776367	A	N
76	76	3.696000099182129	2.3429999351501465	-3.940000057220459	3.437000036239624	4.764999866485596	-3.3239998817443848	T	P
77	77	0.6809999942779541	1.4819999933242798	-1.812000036239624	-0.19099999964237213	4.021999835968018	0.22699999809265137	Q	P
78	78	0.37400001287460327	-1.9700000286102295	-3.4719998836517334	1.569000005722046	-4.4019999504089355	-6.321000099182129	E	A
79	79	-1.090999960899353	-4.0960001945495605	-0.6959999799728394	0.16500000655651093	-2.5209999084472656	0.8309999704360962	D	A
80	80	-3.7760000228881836	-6.775000095367432	-0.7799999713897705	-2.3784285613468716	-6.75557143347604	-4.756142956869943	Y	P
81	81	-6.045000076293945	-8.140000343322754	1.937000036239624	-8.4442857333592	-8.630857058933803	5.331714221409389	Y	P
82	82	-7.229000091552734	-11.76099967956543	2.177999973297119	-5.086999893188477	-13.180000305175781	2.2829999923706055	T	P
83	83	-9.682999610900879	-12.996999740600586	4.8420000076293945	-9.682999610900879	-12.996999740600586	4.8420000076293945	G	G
84	84	-9.847999572753906	-16.552000045776367	3.4670000076293945	-10.604000091552734	-16.072999954223633	1.0479999780654907	D	A
85	85	-6.296999931335449	-17.856000900268555	3.2829999923706055	-4.395400047302246	-20.19199981689453	5.089400053024292	H	B
86	86	-5.021999835968018	-16.577999114990234	-0.05999999865889549	-1.7822857456547874	-17.25199999128069	2.686428563935416	Y	P
87	87	-8.140999794006348	-17.72599983215332	-1.9329999685287476	-9.359999656677246	-18.39900016784668	-1.2940000295639038	A	N
88	88	-9.35200023651123	-14.218999862670898	-2.7109999656677246	-11.604999542236328	-15.187000274658203	-3.2790000438690186	T	P
89	89	-7.635000228881836	-10.833999633789062	-2.569000005722046	-4.295500000317891	-12.528833389282227	-1.9800000290075939	F	N
90	90	-8.800999641418457	-7.203999996185303	-2.437000036239624	-9.920999526977539	-6.741000175476074	-1.4919999837875366	S	P
91	91	-6.442999839782715	-4.290999889373779	-3.2119998931884766	-5.368000030517578	-2.368000030517578	-4.611999988555908	L	N
92	92	-6.316999912261963	-2.0510001182556152	-0.14300000667572021	-4.626999855041504	-4.188000202178955	2.634000062942505	I	N
93	93	-6.997000217437744	1.6770000457763672	-0.4830000102519989	-8.156000137329102	3.628000020980835	-1.6130000352859497	D	A
94	94	-5.478000164031982	3.4140000343322754	2.5329999923706055	-1.9129999876022339	1.8860000371932983	3.2149999141693115	Q	P
95	95	-7.076000213623047	6.745999813079834	1.559000015258789	-5.4710001945495605	7.107999801635742	-0.3970000147819519	T	P
96	96	-10.616999626159668	5.73799991607666	2.5260000228881836	-11.293000221252441	4.0320000648498535	0.3869999945163727	C	P
