Nr	Nidx	CaX	CaY	CaZ	PosX	PosY	PosZ	Let	Type
1	1	33.60499954223633	43.007999420166016	21.659000396728516	32.4119987487793	42.53900146484375	22.485000610351562	A	N
2	2	36.47100067138672	43.167999267578125	24.125	37.02799987792969	44.433998107910156	24.773000717163086	S	P
3	3	36.724998474121094	40.233001708984375	26.476999282836914	36.840999603271484	38.275001525878906	24.92099952697754	T	P
4	4	37.263999938964844	41.1879997253418	30.108999252319336	34.88399887084961	41.70399856567383	30.87299919128418	D	A
5	5	37.66899871826172	37.81399917602539	31.729000091552734	36.64442770821707	35.0937134878976	34.64314215523856	Y	P
6	6	40.500999450683594	35.27000045776367	31.677000045776367	44.02377700805664	33.40999984741211	30.746888478597004	T	N
7	7	39.66400146484375	31.76300048828125	32.89500045776367	37.854000091552734	29.67799949645996	34.39899826049805	Q	P
8	8	42.61399841308594	29.548999786376953	33.78799819946289	45.16899871826172	29.485000610351562	33.66899871826172	N	P
9	9	41.74700164794922	26.709999084472656	36.124000549316406	39.58722220526801	23.725444581773544	38.110888163248696	T	N
10	10	43.45800018310547	23.358999252319336	36.604000091552734	45.82500076293945	24.15999984741211	37.05699920654297	T	P
11	11	43.06800079345703	20.66900062561035	39.24700164794922	42.61000061035156	18.385000228881836	38.16699981689453	D	A
12	12	46.880001068115234	20.53700065612793	39.28900146484375	46.880001068115234	20.53700065612793	39.28900146484375	G	G
13	13	47.483001708984375	17.43400001525879	37.21900177001953	47.483001708984375	17.43400001525879	37.21900177001953	G	G
14	14	50.066001892089844	17.358999252319336	34.4630012512207	50.066001892089844	17.358999252319336	34.4630012512207	G	G
15	15	51.137001037597656	20.31100082397461	32.36600112915039	53.91699981689453	19.893999099731445	33.41299819946289	I	N
16	16	48.814998626708984	23.124000549316406	31.290000915527344	47.51300048828125	23.334999084472656	32.106998443603516	V	N
17	17	50.698001861572266	25.940000534057617	29.56399917602539	52.5629997253418	26.95599937438965	28.14900016784668	N	P
18	18	48.0260009765625	28.607999801635742	29.10700035095215	46.83100128173828	28.663999557495117	30.05699920654297	A	N
19	19	48.94499969482422	31.875999450683594	27.41699981689453	49.80099868774414	31.865999221801758	26.13599967956543	V	N
20	20	46.84600067138672	35.012001037597656	27.871999740600586	45.691001892089844	36.784000396728516	29.309999465942383	N	P
21	21	47.44300079345703	36.65299987792969	24.48200035095215	47.44300079345703	36.65299987792969	24.48200035095215	G	G
22	22	46.564998626708984	40.073001861572266	23.065000534057617	47.32600021362305	40.85599899291992	21.97599983215332	S	P
23	23	42.92100143432617	41.053001403808594	22.798999786376953	42.92100143432617	41.053001403808594	22.798999786376953	G	G
24	24	40.676998138427734	38.01499938964844	22.812000274658203	40.676998138427734	38.01499938964844	22.812000274658203	G	G
25	25	43.40299987792969	35.56100082397461	21.83099937438965	45.34299850463867	34.70100021362305	20.433000564575195	N	P
26	26	44.70100021362305	32.733001708984375	24.0049991607666	41.32699966430664	30.31928607395717	24.77585710797991	Y	P
27	27	46.525001525878906	29.451000213623047	23.524999618530273	47.75199890136719	29.56800079345703	22.607999801635742	S	P
28	28	46.99599838256836	26.283000946044922	25.523000717163086	45.68899917602539	25.68000030517578	26.135000228881836	V	N
29	29	49.47700119018555	23.41200065612793	25.280000686645508	51.21799850463867	24.71500015258789	24.007999420166016	N	P
30	30	48.59299850463867	20.57200050354004	27.615999221801758	44.813666873508026	20.01977793375651	25.70566685994466	T	N
31	31	50.09000015258789	17.225000381469727	28.479000091552734	51.60900115966797	17.35099983215332	28.297000885009766	S	P
32	32	48.92100143432617	14.293999671936035	30.65999984741211	50.85200119018555	12.850000381469727	29.94700050354004	N	P
33	33	46.50600051879883	16.41200065612793	32.611000061035156	46.678001403808594	18.441999435424805	31.104000091552734	T	P
34	34	43.79600143432617	15.996999740600586	35.18199920654297	43.79600143432617	15.996999740600586	35.18199920654297	G	G
35	35	40.85499954223633	18.35300064086914	34.44200134277344	38.34000015258789	18.88800048828125	34.540000915527344	N	P
36	36	41.37799835205078	21.97100067138672	33.361000061035156	43.12766647338867	21.61233361562093	30.044166564941406	F	N
37	37	39.39500045776367	24.775999069213867	31.749000549316406	38.00299835205078	25.049999237060547	32.37099838256836	V	N
38	38	41.02199935913086	27.72800064086914	30.0049991607666	42.44300079345703	27.452999114990234	29.441999435424805	V	N
39	39	39.33700180053711	30.47800064086914	28.030000686645508	39.33700180053711	30.47800064086914	28.030000686645508	G	G
40	40	38.492000579833984	34.11199951171875	27.423999786376953	43.676998138427734	37.30699920654297	25.851999282836914	K	B
41	41	35.18000030517578	35.858001708984375	27.663000106811523	35.18000030517578	35.858001708984375	27.663000106811523	G	G
42	42	33.10100173950195	37.987998962402344	29.979000091552734	32.35344441731771	38.31000010172526	26.02722231547038	T	N
43	43	32.92399978637695	38.41400146484375	33.749000549316406	33.33000183105469	39.49300003051758	36.0	T	P
44	44	29.131000518798828	38.465999603271484	33.66999816894531	26.958999633789062	39.39899826049805	34.52199935913086	T	P
45	45	27.37299919128418	36.15399932861328	31.277000427246094	27.37299919128418	36.15399932861328	31.277000427246094	G	G
46	46	24.23200035095215	37.11000061035156	29.40999984741211	24.424999237060547	38.42300033569336	28.64299964904785	S	P
47	47	21.496000289916992	34.983001708984375	27.79599952697754	19.97599983215332	36.09000015258789	29.22599983215332	P	N
48	48	21.466999053955078	37.571998596191406	24.95199966430664	18.465166409810383	38.785332997639976	26.807666778564453	F	N
49	49	25.1560001373291	37.50600051879883	24.025999069213867	28.656999588012695	39.21500015258789	27.101999282836914	R	B
50	50	26.31800079345703	36.430999755859375	20.573999404907227	26.232999801635742	36.349998474121094	18.072999954223633	T	P
51	51	29.78700065612793	34.91299819946289	20.87700080871582	28.070999145507812	33.69900131225586	23.50200080871582	I	N
52	52	32.26100158691406	34.99300003051758	17.992000579833984	31.238000869750977	36.992000579833984	16.84600067138672	N	P
53	53	35.41299819946289	32.93000030517578	17.815000534057617	34.142857687813894	28.95471409388951	17.981142861502512	Y	P
54	54	38.00699996948242	31.5310001373291	15.461000442504883	39.279998779296875	31.95800018310547	13.28499984741211	N	P
55	55	40.02399826049805	28.527000427246094	16.60300064086914	39.402000427246094	27.215999603271484	17.110000610351562	A	N
56	56	43.23699951171875	28.827999114990234	14.595999717712402	43.23699951171875	28.827999114990234	14.595999717712402	G	G
57	57	44.47200012207031	25.577999114990234	16.143999099731445	45.874000549316406	25.62299919128418	16.826000213623047	V	N
58	58	42.25899887084961	22.79400062561035	17.518999099731445	39.52588865492079	21.346777809990776	19.879333284166123	T	N
59	59	44.45199966430664	19.746000289916992	18.042999267578125	45.867000579833984	20.041000366210938	17.551000595092773	A	N
60	60	43.349998474121094	17.577999114990234	20.961999893188477	41.14699935913086	17.676000595092773	20.069000244140625	P	N
61	61	45.154998779296875	14.222999572753906	21.292999267578125	47.435001373291016	14.118000030517578	20.233999252319336	N	P
62	62	42.470001220703125	12.729000091552734	23.488000869750977	42.470001220703125	12.729000091552734	23.488000869750977	G	G
63	63	39.525001525878906	14.03600025177002	25.517000198364258	37.62900161743164	13.741999626159668	27.215999603271484	N	P
64	64	39.10900115966797	17.791000366210938	25.04800033569336	39.10900115966797	17.791000366210938	25.04800033569336	G	G
65	65	36.20500183105469	20.173999786376953	24.253000259399414	34.11000061035156	17.56328555515834	26.883428846086776	Y	P
66	66	36.082000732421875	23.441999435424805	22.2810001373291	36.46900177001953	24.90999984741211	20.22599983215332	L	N
67	67	33.02199935913086	24.910999298095703	23.959999084472656	33.63999938964844	23.825000762939453	26.229999542236328	T	P
68	68	31.142000198364258	27.951000213623047	25.226999282836914	29.326000213623047	29.73699951171875	25.47100067138672	L	N
69	69	31.31599998474121	27.527999877929688	28.996000289916992	33.141571044921875	25.832142693655832	32.3447140284947	Y	P
70	70	29.780000686645508	29.295000076293945	31.93199920654297	29.780000686645508	29.295000076293945	31.93199920654297	G	G
71	71	27.945999145507812	29.21299934387207	35.2239990234375	30.348666297064888	26.31888877020942	37.29288906521268	T	N
72	72	24.910999298095703	30.589000701904297	36.9640007019043	23.41200065612793	30.979000091552734	34.957000732421875	T	P
73	73	24.15399932861328	30.540000915527344	40.69200134277344	29.475000381469727	32.465999603271484	42.11000061035156	R	B
74	74	20.68199920654297	30.19700050354004	42.262001037597656	20.361000061035156	31.601999282836914	42.7869987487793	S	P
75	75	20.634000778198242	27.493999481201172	41.19300079345703	19.145000457763672	26.55500030517578	39.64799880981445	P	N
76	76	24.20400047302246	26.398000717163086	40.54800033569336	26.55699920654297	25.742000579833984	41.507999420166016	L	N
77	77	24.448999404907227	25.28700065612793	36.90700149536133	20.6560001373291	25.780000686645508	36.22200012207031	I	N
78	78	27.506000518798828	24.631000518798828	34.70500183105469	30.827999114990234	22.53700065612793	34.805999755859375	E	A
79	79	26.545000076293945	24.982999801635742	31.034000396728516	26.347428458077566	29.13085719517299	30.488428388323104	Y	P
80	80	28.107999801635742	24.12700080871582	27.687999725341797	30.762000220162527	21.807000296456472	30.077571323939733	Y	P
81	81	27.628000259399414	24.707000732421875	23.95599937438965	27.165000915527344	26.041000366210938	23.364999771118164	V	N
82	82	30.111000061035156	22.23699951171875	22.469999313354492	30.224000930786133	20.77899932861328	23.000999450683594	V	N
83	83	31.231000900268555	22.909000396728516	18.878999710083008	30.493999481201172	25.195999145507812	18.055999755859375	D	A
84	84	34.07699966430664	20.416000366210938	18.64699935913086	35.19200134277344	20.93400001525879	17.75200080871582	S	P
85	85	35.78200149536133	17.731000900268555	20.69300079345703	32.443333307902016	15.888666470845541	18.975666681925457	T	N
86	86	38.608001708984375	15.222999572753906	20.604000091552734	38.608001708984375	15.222999572753906	20.604000091552734	G	G
87	87	38.17100143432617	11.5	21.009000778198242	40.55699920654297	10.690999984741211	20.81599998474121	T	P
88	88	35.02899932861328	11.649999618530273	23.1560001373291	32.59485680716379	11.312428610665458	26.520142691476003	Y	P
89	89	31.707000732421875	13.286999702453613	22.285999298095703	26.56800079345703	14.414999961853027	19.84600067138672	R	B
90	90	29.98699951171875	14.331000328063965	25.525999069213867	30.531999588012695	16.576000213623047	24.961999893188477	P	N
91	91	26.454999923706055	12.991000175476074	25.982999801635742	26.764999389648438	11.789999961853027	23.761999130249023	T	P
92	92	23.909000396728516	12.670999526977539	28.792999267578125	23.909000396728516	12.670999526977539	28.792999267578125	G	G
93	93	20.134000778198242	12.4350004196167	29.18199920654297	17.886999130249023	12.428000450134277	30.339000701904297	T	P
94	94	18.694000244140625	13.364999771118164	25.77899932861328	17.3841427394322	13.741285596575056	21.842999867030553	Y	P
95	95	16.152999877929688	16.207000732421875	25.798999786376953	15.151000022888184	15.604000091552734	30.93600082397461	K	B
96	96	15.805999755859375	17.235000610351562	22.156999588012695	15.805999755859375	17.235000610351562	22.156999588012695	G	G
97	97	17.6560001373291	19.2549991607666	19.496999740600586	18.139999389648438	17.132999420166016	18.231000900268555	T	P
98	98	18.18199920654297	22.868999481201172	18.49799919128418	18.483999252319336	23.825000762939453	19.69499969482422	V	N
99	99	19.386999130249023	24.225000381469727	15.16100025177002	16.312000274658203	20.718000411987305	15.519000053405762	K	B
100	100	21.573999404907227	27.29599952697754	15.493000030517578	21.77400016784668	27.54400062561035	17.003999710083008	S	P
101	101	24.349000930786133	28.99799919128418	13.529999732971191	24.95599937438965	30.27899932861328	15.619999885559082	D	A
102	102	24.320999145507812	26.43199920654297	10.736000061035156	24.320999145507812	26.43199920654297	10.736000061035156	G	G
103	103	24.514999389648438	23.385000228881836	12.968999862670898	24.514999389648438	23.385000228881836	12.968999862670898	G	G
104	104	22.204999923706055	20.951000213623047	14.76099967956543	20.42099952697754	19.187999725341797	14.883000373840332	T	P
105	105	22.874000549316406	20.3700008392334	18.44499969482422	25.375571659633092	23.773143223353795	18.1334285736084	Y	P
106	106	21.631999969482422	17.6200008392334	20.746000289916992	22.143999099731445	15.432999610900879	19.63599967956543	D	A
107	107	20.454999923706055	18.86199951171875	24.14900016784668	17.766000747680664	21.51099967956543	23.108999252319336	I	N
108	108	21.507999420166016	16.882999420166016	27.229999542236328	23.290999821254186	14.442714282444545	24.26771409170968	Y	P
109	109	21.464000701904297	17.138999938964844	30.996999740600586	19.332000732421875	18.48200035095215	31.215999603271484	T	P
110	110	23.871999740600586	15.480999946594238	33.39899826049805	25.343000411987305	14.550999641418457	31.511999130249023	T	P
111	111	24.608999252319336	15.774999618530273	37.10900115966797	23.676000595092773	15.645000457763672	39.45600128173828	T	P
112	112	27.99799919128418	16.01099967956543	38.82099914550781	32.72800064086914	16.35300064086914	37.4900016784668	R	B
113	113	28.368999481201172	14.520999908447266	42.305999755859375	24.986428669520787	12.505142893110003	41.04099873134068	Y	P
114	114	30.849000930786133	15.843999862670898	44.89400100708008	32.21500015258789	14.942999839782715	46.8390007019043	N	P
115	115	32.73500061035156	17.749000549316406	42.20399856567383	32.18600082397461	17.584999084472656	40.77899932861328	A	N
116	116	34.58100128173828	21.084999084472656	42.28200149536133	36.51300048828125	19.756000518798828	41.78499984741211	P	N
117	117	32.34299850463867	24.01799964904785	41.41899871826172	30.999000549316406	24.141000747680664	42.13100051879883	S	P
118	118	32.834999084472656	27.698999404907227	40.72800064086914	31.554000854492188	30.8799991607666	38.88600158691406	I	N
119	119	32.665000915527344	28.47800064086914	44.47999954223633	30.259000778198242	29.194000244140625	44.904998779296875	D	A
120	120	35.54100036621094	26.155000686645508	45.33300018310547	35.54100036621094	26.155000686645508	45.33300018310547	G	G
121	121	35.16899871826172	23.049999237060547	47.51100158691406	35.13199996948242	24.184999465942383	49.775001525878906	D	A
122	122	32.88199996948242	20.2549991607666	46.24700164794922	37.04399871826172	15.857000350952148	45.30799865722656	R	B
123	123	29.15999984741211	19.87700080871582	45.680999755859375	28.43600082397461	22.007999420166016	44.492000579833984	T	P
124	124	26.45599937438965	18.29199981689453	43.53200149536133	24.52899932861328	16.726999282836914	43.104000091552734	T	P
125	125	25.16900062561035	20.312000274658203	40.56399917602539	28.707333246866863	21.042166392008465	39.380499521891274	F	N
126	126	23.427000045776367	20.017000198364258	37.21200180053711	21.40399932861328	19.742000579833984	35.74599838256836	T	P
127	127	25.07900047302246	20.56999969482422	33.832000732421875	28.409000396728516	18.538999557495117	34.09000015258789	Q	P
128	128	23.190000534057617	21.731000900268555	30.722000122070312	20.033999851771764	23.480714525495255	32.881714139665874	Y	P
129	129	24.628999710083008	20.829999923706055	27.31599998474121	27.8439998626709	18.487889183892143	29.067444695366753	T	N
130	130	24.101999282836914	21.648000717163086	23.65399932861328	23.79800033569336	23.038999557495117	23.104000091552734	S	P
131	131	26.49799919128418	19.332000732421875	21.757999420166016	26.804000854492188	17.95800018310547	22.398000717163086	V	N
132	132	26.878999710083008	19.677000045776367	17.98200035095215	28.395999908447266	22.239999771118164	12.99899959564209	R	B
133	133	25.94099998474121	16.461000442504883	16.14299964904785	22.136999130249023	15.987000465393066	15.41100025177002	Q	P
134	134	29.084999084472656	16.667999267578125	13.987000465393066	28.854999542236328	16.648000717163086	12.467000007629395	S	P
135	135	32.27799987792969	18.6299991607666	14.723999977111816	36.99700164794922	14.947999954223633	16.847000122070312	K	B
136	136	32.23099899291992	22.22599983215332	13.550999641418457	29.639999389648438	27.82200050354004	14.366999626159668	R	B
137	137	35.185001373291016	22.867000579833984	11.197999954223633	33.680999755859375	22.493000030517578	9.427000045776367	P	N
138	138	37.79999923706055	25.106000900268555	12.815999984741211	37.74100112915039	24.0049991607666	15.081999778747559	T	P
139	139	39.95899963378906	27.893999099731445	11.413999557495117	39.95899963378906	27.893999099731445	11.413999557495117	G	G
140	140	36.94900131225586	29.969999313354492	10.380000114440918	35.834999084472656	29.288000106811523	9.590999603271484	S	P
141	141	34.99300003051758	32.80699920654297	11.984000205993652	36.082000732421875	34.948001861572266	11.182999610900879	N	P
142	142	32.25600051879883	31.03700065612793	13.95300006866455	32.617000579833984	29.70400047302246	14.60099983215332	A	N
143	143	29.242000579833984	32.362998962402344	15.781000137329102	27.385000228881836	34.06700134277344	15.817999839782715	T	P
144	144	27.304000854492188	30.986000061035156	18.726999282836914	29.805999755859375	28.601999282836914	20.538000106811523	I	N
145	145	23.923999786376953	32.74399948120117	19.100000381469727	21.80299949645996	33.823001861572266	18.28700065612793	T	P
146	146	23.490999221801758	31.851999282836914	22.75200080871582	24.147666613260906	30.926500002543133	26.38933340708415	F	N
147	147	19.917999267578125	33.071998596191406	22.954999923706055	19.457000732421875	34.41999816894531	20.924999237060547	T	P
148	148	18.82699966430664	30.18000030517578	20.665000915527344	19.11400032043457	30.79400062561035	18.211999893188477	N	P
149	149	20.266000747680664	27.684999465942383	23.1560001373291	23.06419982910156	26.661999893188476	21.269600296020506	H	B
150	150	18.81100082397461	29.388999938964844	26.226999282836914	19.035999298095703	30.850000381469727	26.636999130249023	V	N
151	151	15.376999855041504	29.386999130249023	24.586000442504883	14.9399995803833	31.73200035095215	23.777000427246094	N	P
152	152	15.562000274658203	25.759000778198242	23.45800018310547	16.558000564575195	25.166000366210938	22.472000122070312	A	N
153	153	16.72599983215332	24.743000030517578	26.929000854492188	21.268111334906685	25.142777760823567	27.075666639539932	T	N
154	154	13.831999778747559	26.648000717163086	28.518999099731445	14.163000106811523	32.323001861572266	28.736000061035156	K	B
155	155	11.381999969482422	24.731000900268555	26.301000595092773	11.36400032043457	24.74799919128418	24.77199935913086	S	P
156	156	12.621999740600586	21.472999572753906	27.856000900268555	13.554600143432618	20.369599914550783	24.60540008544922	H	B
157	157	12.388999938964844	22.725000381469727	31.434999465942383	12.388999938964844	22.725000381469727	31.434999465942383	G	G
158	158	16.115999221801758	23.549999237060547	31.66200065612793	16.756000518798828	21.614999771118164	27.7549991607666	M	N
159	159	16.052000045776367	26.93600082397461	33.349998474121094	13.53600025177002	27.0939998626709	33.481998443603516	N	P
160	160	19.222999572753906	28.81599998474121	34.15999984741211	20.57900047302246	28.81800079345703	32.000999450683594	L	N
161	161	19.93199920654297	30.458999633789062	37.518001556396484	19.93199920654297	30.458999633789062	37.518001556396484	G	G
162	162	19.238000869750977	34.11899948120117	38.22800064086914	18.152999877929688	34.59299850463867	39.19300079345703	S	P
163	163	22.785999298095703	35.10100173950195	39.20600128173828	24.538000106811523	35.71699905395508	40.95100021362305	N	P
164	164	25.114999771118164	35.03099822998047	36.198001861572266	22.755999671088325	34.26066631740994	32.79477776421441	T	N
165	165	28.801000595092773	34.23500061035156	36.60900115966797	29.275999069213867	32.97800064086914	37.32099914550781	A	N
166	166	31.481000900268555	34.21799850463867	33.88100051879883	33.88085774012974	30.961142948695592	34.99785723005022	Y	P
167	167	30.889999389648438	33.137001037597656	30.270999908447266	27.823999404907227	34.2140007019043	28.121000289916992	Q	P
168	168	33.86399841308594	32.12300109863281	28.10300064086914	35.150001525878906	31.858999252319336	28.9689998626709	V	N
169	169	34.82400131225586	30.336000442504883	24.875	32.534000396728516	30.5	21.951000213623047	M	N
170	170	36.930999755859375	27.586999893188477	26.368000030517578	36.45100021362305	27.204999923706055	27.781999588012695	A	N
171	171	39.231998443603516	24.674999237060547	25.889999389648438	41.36600112915039	23.472000122070312	25.312999725341797	T	P
172	172	38.474998474121094	21.975000381469727	28.514999389648438	35.71500015258789	20.663000106811523	30.940000534057617	E	A
173	173	40.50400161743164	18.792999267578125	28.81800079345703	40.50400161743164	18.792999267578125	28.81800079345703	G	G
174	174	40.39500045776367	15.626999855041504	30.875	38.93071419852121	12.997857093811035	33.634857177734375	Y	P
175	175	43.367000579833984	13.253000259399414	31.19300079345703	42.400001525878906	10.741000175476074	33.992000579833984	Q	P
176	176	44.689998626708984	14.125	27.757999420166016	43.470001220703125	14.5	26.898000717163086	S	P
177	177	47.229000091552734	16.165000915527344	25.777000427246094	48.49800109863281	15.381999969482422	25.452999114990234	S	P
178	178	46.87900161743164	18.631999969482422	22.933000564575195	46.87900161743164	18.631999969482422	22.933000564575195	G	G
179	179	47.027000427246094	22.211999893188477	21.691999435424805	48.183998107910156	22.405000686645508	20.697999954223633	S	P
180	180	44.56800079345703	24.982999801635742	20.905000686645508	43.268001556396484	24.864999771118164	21.708999633789062	S	P
181	181	44.75199890136719	28.615999221801758	19.849000930786133	46.32099914550781	30.299999237060547	18.81800079345703	N	P
182	182	41.48099899291992	30.538000106811523	19.933000564575195	40.45000076293945	29.884000778198242	20.888999938964844	V	N
183	183	40.45100021362305	34.165000915527344	19.410999298095703	40.79399871826172	36.393001556396484	18.243000030517578	T	P
184	184	37.183998107910156	35.35300064086914	21.006999969482422	36.97600173950195	34.89099884033203	22.468000411987305	V	N
185	185	35.14400100708008	38.5260009765625	20.389999389648438	35.60911093817817	37.58711073133681	16.325666745503742	T	N
