Nr	Nidx	CaX	CaY	CaZ	PosX	PosY	PosZ	Let	Type
1	1	11.826000213623047	13.899999618530273	7.383999824523926	12.597999572753906	16.33799934387207	6.8979997634887695	L	N
2	2	8.184000015258789	13.774999618530273	6.3520002365112305	7.293000221252441	15.012999534606934	6.321000099182129	A	N
3	3	7.664000034332275	10.743000030517578	4.144000053405762	8.802000045776367	9.770000457763672	3.8559999465942383	A	N
4	4	4.794000148773193	8.326000213623047	3.678999900817871	3.369999885559082	8.911999702453613	3.5940001010894775	V	N
5	5	5.388000011444092	4.77400016784668	2.503000020980835	6.730999946594238	4.872000217437744	1.7910000085830688	S	P
6	6	4.698999881744385	1.1770000457763672	3.446000099182129	3.3359999656677246	0.4620000123977661	3.4519999027252197	V	N
7	7	7.501999855041504	-1.3029999732971191	2.8589999675750732	9.743000030517578	-1.0169999599456787	4.025000095367432	D	A
8	8	7.056000232696533	-3.2950000762939453	-0.3230000138282776	5.210999965667725	-1.2020000219345093	-0.640999972820282	C	P
9	9	10.29699993133545	-5.210999965667725	-0.7179999947547913	11.46500015258789	-5.2129998207092285	0.2619999945163727	S	P
10	10	8.46399974822998	-8.49899959564209	-0.36500000953674316	8.812000274658203	-6.822000026702881	2.4679999351501465	E	A
11	11	5.934000015258789	-8.109000205993652	-3.1519999504089355	3.9207142080579485	-6.742142881665911	0.1375714283702629	Y	P
12	12	3.950000047683716	-9.013999938964844	-5.039999961853027	4.427999973297119	-8.928000450134277	-7.434999942779541	P	N
13	13	2.265000104904175	-11.67300033569336	-2.937999963760376	1.0119999647140503	-10.682999610900879	2.9119999408721924	K	B
14	14	0.17100000381469727	-14.722999572753906	-4.02400016784668	2.0320000648498535	-15.819000244140625	-2.875999927520752	P	N
15	15	-2.486999988555908	-14.055999755859375	-1.409000039100647	-2.7699999809265137	-15.404999732971191	-0.753000020980835	A	N
16	16	-3.674999952316284	-11.1850004196167	0.7570000290870667	-2.88700008392334	-9.640000343322754	-1.4509999752044678	C	P
17	17	-5.202000141143799	-10.843000411987305	4.203000068664551	-3.943000078201294	-11.741999626159668	6.303999900817871	T	P
18	18	-8.597999572753906	-9.246999740600586	3.7060000896453857	-10.67199993133545	-10.692000389099121	4.3979997634887695	L	N
19	19	-8.104000091552734	-6.598999977111816	6.35699987411499	-6.676000118255615	-8.680999755859375	8.628000259399414	E	A
20	20	-9.086000442504883	-3.2720000743865967	4.839000225067139	-11.265428815569196	-0.6888571371590453	2.247714272567204	Y	P
21	21	-6.573999881744385	-0.4830000102519989	5.333000183105469	-6.460999965667725	0.257999986410141	10.508999824523926	R	B
22	22	-6.658999919891357	1.503000020980835	2.052000045776367	-8.90999984741211	1.9220000505447388	2.9040000438690186	P	N
23	23	-3.563999891281128	3.197000026702881	0.6830000281333923	-2.0940001010894775	1.840000033378601	2.3340001106262207	L	N
24	24	-4.026000022888184	5.894999980926514	-1.934999942779541	-5.525000095367432	7.857999801635742	-3.2730000019073486	C	P
25	25	-1.218000054359436	6.241000175476074	-4.453999996185303	-1.218000054359436	6.241000175476074	-4.453999996185303	G	G
26	26	0.3009999990463257	9.041000366210938	-6.494999885559082	1.7589999437332153	9.17300033569336	-6.919000148773193	S	P
27	27	-2.0969998836517334	7.861999988555908	-9.180999755859375	-2.5329999923706055	5.4079999923706055	-8.675000190734863	D	A
28	28	-4.811999797821045	8.946000099182129	-6.769999980926514	-3.947000026702881	11.293000221252441	-7.228000164031982	N	P
29	29	-6.495999813079834	5.568999767303467	-7.002999782562256	-9.550000190734863	2.8299999237060547	-10.458999633789062	K	B
30	30	-6.999000072479248	3.2760000228881836	-4.0329999923706055	-8.232000350952148	3.138000011444092	-1.7380000352859497	T	P
31	31	-5.254000186920166	0.02800000086426735	-3.190999984741211	-3.0005714212145125	0.36300000521753517	-6.611000129154751	Y	P
32	32	-7.275000095367432	-1.8910000324249268	-0.6480000019073486	-7.275000095367432	-1.8910000324249268	-0.6480000019073486	G	G
33	33	-4.35099983215332	-2.506999969482422	1.6799999475479126	-4.959000110626221	-4.964000225067139	1.9329999685287476	N	P
34	34	-0.597000002861023	-2.859999895095825	2.0199999809265137	2.2239999771118164	-4.289999961853027	5.438000202178955	K	B
35	35	-0.8619999885559082	-5.947999954223633	-0.1550000011920929	-1.246000051498413	-8.65999984741211	-0.765999972820282	C	P
36	36	-2.7119998931884766	-4.506999969482422	-3.13100004196167	-4.807000160217285	-5.940000057220459	-3.2809998989105225	N	P
37	37	-0.7979999780654907	-1.2640000581741333	-2.7149999141693115	1.3190000305573146	1.7178333004315693	-1.5884999930858612	F	N
38	38	2.5989999771118164	-2.927999973297119	-2.63100004196167	3.5759999752044678	-2.2860000133514404	-0.08299999684095383	C	P
39	39	1.659999966621399	-5.177000045776367	-5.526000022888184	0.4300000071525574	-7.203000068664551	-4.60099983215332	N	P
40	40	0.7360000014305115	-2.1449999809265137	-7.599999904632568	-0.5260000228881836	-1.3179999589920044	-7.376999855041504	A	N
41	41	4.0960001945495605	-0.6759999990463257	-6.6570000648498535	4.49399995803833	-0.27300000190734863	-5.2210001945495605	V	N
42	42	6.301000118255615	-3.6740000247955322	-7.359000205993652	6.461999893188477	-4.8470001220703125	-6.370999813079834	V	N
43	43	4.53000020980835	-4.144000053405762	-10.668999671936035	1.9010000228881836	-6.2270002365112305	-12.086000442504883	E	A
44	44	4.849999904632568	-0.3959999978542328	-11.116999626159668	4.2779998779296875	0.6800000071525574	-10.199000358581543	S	P
45	45	8.597000122070312	-0.9129999876022339	-10.83899974822998	9.477999687194824	-0.029999999329447746	-13.10200023651123	N	P
46	46	9.288999557495117	1.5709999799728394	-8.071000099182129	9.288999557495117	1.5709999799728394	-8.071000099182129	G	G
47	47	7.5370001792907715	4.550000190734863	-9.579000473022461	8.635000228881836	4.309999942779541	-11.9350004196167	T	P
48	48	4.178999900817871	4.39300012588501	-7.831999778747559	1.965999960899353	3.2090001106262207	-7.1529998779296875	L	N
49	49	4.285999774932861	5.820000171661377	-4.323999881744385	6.625999927520752	6.570000171661377	-5.210999965667725	T	P
50	50	2.1530001163482666	6.605000019073486	-1.2990000247955322	1.4270000457763672	5.703000068664551	1.0390000343322754	L	N
51	51	0.3179999887943268	9.920000076293945	-1.3029999732971191	-0.6869999766349792	10.35200023651123	-2.361999988555908	S	P
52	52	-1.4989999532699585	9.168999671936035	1.934000015258789	-4.724199867248535	9.886599922180176	0.7146000050008297	H	B
53	53	-2.553999900817871	6.251999855041504	4.104000091552734	0.6343333423137665	5.253166715304057	5.950166702270508	F	N
54	54	-6.236999988555908	5.36299991607666	4.078000068664551	-6.236999988555908	5.36299991607666	4.078000068664551	G	G
55	55	-8.515999794006348	5.636000156402588	1.065000057220459	-13.725000381469727	7.238999843597412	2.812000036239624	K	B
56	56	-8.63700008392334	8.302000045776367	-1.6230000257492065	-7.309999942779541	7.013999938964844	-3.73799991607666	C	P
