Nr	Nidx	CaX	CaY	CaZ	PosX	PosY	PosZ	Let	Type
1	1	44.45199966430664	12.95199966430664	7.124000072479248	43.904998779296875	14.168999671936035	6.324999809265137	D	A
2	2	47.375999450683594	11.711000442504883	5.139999866485596	47.49300003051758	10.222999572753906	4.690999984741211	V	N
3	3	49.16699981689453	14.255999565124512	2.940000057220459	50.1609992980957	15.302000045776367	3.5290000438690186	S	P
4	4	49.47999954223633	12.223999977111816	-0.17399999499320984	49.47999954223633	12.223999977111816	-0.17399999499320984	G	G
5	5	52.17100143432617	9.793000221252441	-1.2400000095367432	51.81999969482422	8.885000228881836	-2.4049999713897705	T	P
6	6	55.862998962402344	10.39900016784668	-1.6720000505447388	56.46099853515625	11.248000144958496	-0.5189999938011169	V	N
7	7	58.55799865722656	8.392999649047852	-3.4140000343322754	59.196998596191406	8.725000381469727	-4.76800012588501	C	P
8	8	61.26100158691406	6.982999801635742	-1.1720000505447388	61.63399887084961	5.500999927520752	-1.0700000524520874	L	N
9	9	63.87099838256836	8.569000244140625	-3.4489998817443848	64.06199645996094	8.28600025177002	-4.926000118255615	S	P
10	10	62.33599853515625	12.029000282287598	-2.7330000400543213	60.9630012512207	12.423999786376953	-3.256999969482422	A	N
11	11	62.869998931884766	11.628999710083008	1.0449999570846558	62.24399948120117	10.496000289916992	1.8370000123977661	L	N
12	12	66.16300201416016	12.163000106811523	2.9040000438690186	66.1520004272461	12.675000190734863	4.3379998207092285	P	N
13	13	68.56500244140625	9.232999801635742	2.4809999465942383	69.99400329589844	9.505000114440918	2.0490000247955322	P	N
14	14	68.1719970703125	8.439000129699707	6.197999954223633	68.3010025024414	9.41100025177002	7.3470001220703125	E	A
15	15	64.59300231933594	7.333000183105469	5.423999786376953	63.525001525878906	8.097000122070312	4.703000068664551	A	N
16	16	65.98699951171875	4.5920000076293945	3.184000015258789	66.84300231933594	4.831999778747559	1.9420000314712524	T	P
17	17	68.3219985961914	3.6019999980926514	6.040999889373779	69.31099700927734	4.531000137329102	6.736999988555908	D	A
18	18	65.41600036621094	3.3910000324249268	8.496000289916992	64.48500061035156	4.5329999923706055	8.92199993133545	T	P
19	19	63.417999267578125	1.2039999961853027	6.10099983215332	62.81700134277344	1.5670000314712524	4.748000144958496	L	N
20	20	66.40599822998047	-1.0959999561309814	5.6570000648498535	67.77899932861328	-0.7329999804496765	5.051000118255615	N	P
21	21	66.6760025024414	-1.5260000228881836	9.440999984741211	67.00199890136719	-0.44600000977516174	10.468999862670898	L	N
22	22	62.91999816894531	-2.2239999771118164	9.647000312805176	61.75899887084961	-1.2879999876022339	9.255999565124512	I	N
23	23	63.40599822998047	-4.890999794006348	6.9770002365112305	63.887001037597656	-4.683000087738037	5.543000221252441	A	N
24	24	66.02899932861328	-6.668000221252441	9.16100025177002	67.47799682617188	-6.182000160217285	9.177000045776367	S	P
25	25	64.10700225830078	-6.136000156402588	12.378999710083008	63.60900115966797	-7.460000038146973	13.031999588012695	D	A
26	26	67.0009994506836	-4.159999847412109	13.5	67.0009994506836	-4.159999847412109	13.5	G	G
27	27	68.71700286865234	-3.122999906539917	15.687999725341797	69.95500183105469	-4.234000205993652	16.76099967956543	P	N
28	28	68.17400360107422	-0.1770000010728836	15.664999961853027	66.72200012207031	0.21699999272823334	15.980999946594238	F	N
29	29	70.2249984741211	2.7950000762939453	16.847999572753906	70.44400024414062	4.002999782562256	15.967000007629395	P	N
30	30	67.69100189208984	3.437999963760376	19.680999755859375	66.74099731445312	4.622000217437744	19.52199935913086	Y	P
31	31	66.1719970703125	0.718999981880188	21.906999588012695	66.62200164794922	0.23499999940395355	23.31800079345703	S	P
32	32	62.74300003051758	2.4110000133514404	21.719999313354492	62.310001373291016	3.690999984741211	22.375	Q	P
33	33	62.79600143432617	2.0880000591278076	17.85700035095215	63.99100112915039	2.013000011444092	16.922000885009766	D	A
34	34	60.0099983215332	-0.4090000092983246	17.239999771118164	60.0099983215332	-0.4090000092983246	17.239999771118164	G	G
35	35	57.560001373291016	0.6840000152587891	20.04400062561035	57.72999954223633	1.7630000114440918	21.118999481201172	V	N
36	36	53.91400146484375	0.8740000128746033	19.259000778198242	52.766998291015625	0.3400000035762787	20.149999618530273	V	N
37	37	52.72600173950195	4.159999847412109	17.802000045776367	53.09700012207031	4.609000205993652	16.39699935913086	F	N
38	38	49.303001403808594	4.931000232696533	19.283000946044922	48.992000579833984	5.703999996185303	20.575000762939453	Q	P
39	39	48.0880012512207	7.313000202178955	16.540000915527344	47.46500015258789	6.426000118255615	15.484999656677246	N	P
40	40	46.630001068115234	9.213000297546387	19.479999542236328	47.51499938964844	9.50100040435791	20.801000595092773	R	B
41	41	45.51499938964844	12.263999938964844	17.451000213623047	46.49700164794922	13.437000274658203	17.086999893188477	E	A
42	42	43.95500183105469	10.045999526977539	14.708999633789062	42.43899917602539	10.25	14.890999794006348	S	P
43	43	46.01100158691406	11.793000221252441	11.772000312805176	47.42300033569336	12.46500015258789	11.831000328063965	V	N
44	44	46.409000396728516	8.281999588012695	10.291000366210938	47.555999755859375	7.3429999351501465	10.673999786376953	L	N
45	45	43.48400115966797	5.922999858856201	9.621000289916992	43.55400085449219	4.953000068664551	8.444000244140625	P	N
46	46	41.87099838256836	4.465000152587891	12.718999862670898	40.35200119018555	4.599999904632568	13.0649995803833	T	P
47	47	43.33100128173828	1.062000036239624	13.63599967956543	44.606998443603516	0.7540000081062317	12.89799976348877	Q	P
48	48	43.60499954223633	-0.9929999709129333	16.785999298095703	43.23899841308594	-2.4619998931884766	16.820999145507812	S	P
49	49	46.43899917602539	-0.4659999907016754	19.23699951171875	46.29199981689453	-0.5299999713897705	20.768999099731445	Y	P
50	50	49.61600112915039	-1.9910000562667847	17.893999099731445	49.61600112915039	-1.9910000562667847	17.893999099731445	G	G
51	51	48.8120002746582	-1.6579999923706055	14.22700023651123	47.48400115966797	-1.065999984741211	13.708999633789062	Y	P
52	52	51.3129997253418	1.2400000095367432	13.991999626159668	50.82899856567383	2.6640000343322754	13.980999946594238	Y	P
53	53	54.94300079345703	1.4240000247955322	15.201000213623047	55.766998291015625	0.1469999998807907	15.145000457763672	H	B
54	54	57.40700149536133	4.328000068664551	15.01200008392334	57.04100036621094	5.658999919891357	15.713000297546387	E	A
55	55	61.06999969482422	4.540999889373779	14.031999588012695	61.39799880981445	3.553999900817871	12.869999885559082	Y	P
56	56	63.57400131225586	7.394999980926514	13.996999740600586	64.83799743652344	7.491000175476074	14.927000045776367	T	P
57	57	64.78600311279297	8.83899974822998	10.732999801635742	63.891998291015625	9.392000198364258	9.633999824523926	V	N
58	58	68.09600067138672	10.336999893188477	11.831000328063965	69.41799926757812	9.541000366210938	11.85200023651123	I	N
59	59	68.63700103759766	14.052000045776367	11.315999984741211	67.88899993896484	15.13599967956543	12.085000038146973	T	P
60	60	72.2969970703125	14.788999557495117	10.437000274658203	72.6729965209961	15.227999687194824	9.053000450134277	P	N
61	61	74.0250015258789	16.558000564575195	13.331000328063965	74.0250015258789	16.558000564575195	13.331000328063965	G	G
62	62	71.16400146484375	16.273000717163086	15.782999992370605	69.75599670410156	15.8100004196167	15.472000122070312	A	N
63	63	71.86699676513672	15.430999755859375	19.444000244140625	72.13700103759766	16.488000869750977	20.527000427246094	R	B
64	64	68.23500061035156	14.324999809265137	19.788999557495117	67.21299743652344	15.319000244140625	20.246999740600586	T	P
65	65	65.86900329589844	12.253999710083008	17.64900016784668	64.73799896240234	11.402000427246094	18.165000915527344	R	B
66	66	64.86199951171875	15.409000396728516	15.718999862670898	64.86199951171875	15.409000396728516	15.718999862670898	G	G
67	67	61.56999969482422	15.65999984741211	13.939000129699707	61.314998626708984	17.079999923706055	13.456000328063965	T	P
68	68	61.71900177001953	12.883000373840332	11.36299991607666	62.84199905395508	12.95199966430664	10.321000099182129	R	B
69	69	60.071998596191406	9.487000465393066	11.6899995803833	58.992000579833984	9.468000411987305	12.791999816894531	R	B
70	70	58.70800018310547	6.473999977111816	9.82800006866455	59.479000091552734	5.497000217437744	8.970999717712402	I	N
71	71	55.45500183105469	5.039999961853027	11.145999908447266	54.24300003051758	5.854000091552734	11.494000434875488	I	N
72	72	54.80099868774414	1.4869999885559082	9.902999877929688	55.61899948120117	0.2639999985694885	10.222000122070312	T	P
73	73	51.31800079345703	0.14900000393390656	9.496999740600586	51.31800079345703	0.14900000393390656	9.496999740600586	G	G
74	74	50.73899841308594	-3.5810000896453857	9.690999984741211	49.94499969482422	-4.316999912261963	10.79699993133545	E	A
75	75	49.494998931884766	-3.8440001010894775	6.136000156402588	48.494998931884766	-2.934000015258789	5.465000152587891	A	N
76	76	51.95399856567383	-4.769000053405762	3.490000009536743	52.01300048828125	-6.013000011444092	2.5929999351501465	T	P
77	77	53.986000061035156	-1.878000020980835	2.1389999389648438	53.78300094604492	-2.1570000648498535	0.6159999966621399	Q	P
78	78	52.27299880981445	0.5899999737739563	4.4710001945495605	51.0	0.19699999690055847	5.203999996185303	E	A
79	79	54.70800018310547	3.2039999961853027	5.818999767303467	56.14899826049805	2.8489999771118164	5.427000045776367	D	A
80	80	54.33100128173828	6.880000114440918	6.577000141143799	53.13399887084961	7.285999774932861	7.521999835968018	Y	P
81	81	56.992000579833984	9.598999977111816	6.763999938964844	57.803001403808594	9.97700023651123	5.48799991607666	Y	P
82	82	56.665000915527344	12.782999992370605	8.807000160217285	55.88399887084961	12.810999870300293	10.138999938964844	T	P
83	83	59.24599838256836	15.505000114440918	8.633000373840332	59.24599838256836	15.505000114440918	8.633000373840332	G	G
84	84	57.43000030517578	17.829999923706055	11.067999839782715	56.439998626708984	18.68000030517578	10.277999877929688	D	A
85	85	57.29899978637695	15.958999633789062	14.300000190734863	57.74399948120117	17.100000381469727	15.265999794006348	H	B
86	86	54.0260009765625	13.961999893188477	13.755999565124512	53.74700164794922	13.289999961853027	15.071000099182129	Y	P
87	87	52.02000045776367	16.97800064086914	12.487000465393066	52.52199935913086	18.386999130249023	12.309000015258789	A	N
88	88	51.70199966430664	15.628000259399414	8.972999572753906	51.862998962402344	16.69099998474121	7.867000102996826	T	P
89	89	52.41400146484375	12.315999984741211	7.22599983215332	51.78499984741211	11.119000434875488	7.926000118255615	F	N
90	90	52.845001220703125	11.071000099182129	3.680000066757202	53.70800018310547	11.835000038146973	2.7300000190734863	S	P
91	91	52.57699966430664	7.473999977111816	2.555000066757202	51.3650016784668	6.919000148773193	1.7799999713897705	L	N
92	92	56.005001068115234	6.248000144958496	1.347000002861023	57.0890007019043	5.791999816894531	2.3350000381469727	I	N
93	93	56.22600173950195	4.576000213623047	-2.052000045776367	55.63600158691406	5.21999979019165	-3.2809998989105225	D	A
94	94	59.28799819946289	2.2950000762939453	-2.0329999923706055	59.479000091552734	1.093999981880188	-1.1109999418258667	Q	P
95	95	58.85200119018555	1.6490000486373901	-5.7829999923706055	57.547000885009766	1.1460000276565552	-6.460999965667725	T	P
96	96	60.154998779296875	5.090000152587891	-6.798999786376953	58.94599914550781	5.828000068664551	-7.434000015258789	C	P
97	97	44.4370002746582	13.199000358581543	8.550999641418457	44.4370002746582	13.199000358581543	8.550999641418457	X	X
98	98	61.042999267578125	5.991000175476074	-5.99399995803833	61.042999267578125	5.991000175476074	-5.99399995803833	Z	Z
