Nr	Nidx	CaX	CaY	CaZ	PosX	PosY	PosZ	Let	Type
1	1	5.998000144958496	-4.686999797821045	15.274999618530273	4.5320000648498535	-4.453000068664551	15.647000312805176	A	N
2	2	7.485000133514404	-1.6679999828338623	13.501999855041504	8.038000106811523	-1.7790000438690186	12.085000038146973	C	P
3	3	6.0229997634887695	1.7760000228881836	14.013999938964844	6.333000183105469	2.7790000438690186	15.114999771118164	D	A
4	4	7.716000080108643	2.7820000648498535	10.706999778747559	8.5649995803833	4.077000141143799	10.64799976348877	Y	P
5	5	9.128000259399414	0.47699999809265137	8.010000228881836	8.295000076293945	-0.7860000133514404	7.5980000495910645	T	P
6	6	11.571000099182129	1.937999963760376	5.466000080108643	12.633999824523926	2.944000005722046	5.98199987411499	C	P
7	7	12.388999938964844	-0.7870000004768372	2.9230000972747803	12.388999938964844	-0.7870000004768372	2.9230000972747803	G	G
8	8	13.36299991607666	-3.5439999103546143	5.241000175476074	14.098999977111816	-4.796999931335449	4.800000190734863	S	P
9	9	14.420999526977539	-1.3289999961853027	8.164999961853027	15.23900032043457	-0.027000000700354576	8.065999984741211	N	P
10	10	12.131999969482422	-1.3600000143051147	11.182000160217285	12.017000198364258	-2.806999921798706	11.836000442504883	C	P
11	11	11.85099983215332	1.5750000476837158	13.567000389099121	12.050000190734863	3.0510001182556152	12.968999862670898	Y	P
12	12	9.95300006866455	2.111999988555908	16.75200080871582	10.369000434875488	1.5269999504089355	18.1299991607666	S	P
13	13	8.526000022888184	5.479000091552734	17.92300033569336	7.258999824523926	5.609000205993652	18.759000778198242	S	P
14	14	11.467000007629395	5.511000156402588	20.48699951171875	11.947999954223633	4.571000099182129	21.61400032043457	S	P
15	15	13.979999542236328	5.289000034332275	17.617000579833984	14.032999992370605	4.228000164031982	16.513999938964844	D	A
16	16	12.329999923706055	8.27400016784668	15.850000381469727	10.946000099182129	8.0600004196167	15.21399974822998	V	N
17	17	12.027000427246094	10.420000076293945	19.040000915527344	11.298999786376953	9.95199966430664	20.336000442504883	S	P
18	18	15.781999588012695	9.788999557495117	19.785999298095703	16.45400047302246	8.413000106811523	20.03499984741211	T	P
19	19	16.864999771118164	10.734999656677246	16.18400001525879	16.527000427246094	9.961000442504883	14.91100025177002	A	N
20	20	14.654000282287598	13.800000190734863	16.100000381469727	13.130000114440918	13.814000129699707	16.187999725341797	Q	P
21	21	15.975000381469727	15.105999946594238	19.39900016784668	15.868000030517578	14.38599967956543	20.731000900268555	A	N
22	22	19.573999404907227	14.77400016784668	18.290000915527344	20.195999145507812	13.45199966430664	17.91699981689453	A	N
23	23	18.851999282836914	16.459999084472656	14.847999572753906	18.851999282836914	16.459999084472656	14.847999572753906	G	G
24	24	16.788000106811523	19.29400062561035	16.444000244140625	15.407999992370605	19.246999740600586	17.180999755859375	Y	P
25	25	19.586999893188477	20.086000442504883	18.976999282836914	20.270999908447266	19.145000457763672	19.96500015258789	K	B
26	26	22.10099983215332	20.44700050354004	16.094999313354492	22.503999710083008	19.395000457763672	15.057999610900879	L	N
27	27	19.57699966430664	22.82200050354004	14.32699966430664	18.14900016784668	22.391000747680664	13.98799991607666	H	B
28	28	19.393999099731445	24.992000579833984	17.472999572753906	18.99799919128418	24.5	18.882999420166016	E	A
29	29	23.222999572753906	24.97100067138672	17.749000549316406	23.972000122070312	23.773000717163086	18.26799964904785	D	A
30	30	23.67099952697754	25.95599937438965	14.116000175476074	23.67099952697754	25.95599937438965	14.116000175476074	G	G
31	31	25.822999954223633	22.81800079345703	13.62600040435791	26.23699951171875	22.115999221801758	14.914999961853027	E	A
32	32	25.950000762939453	19.98900032043457	11.166999816894531	25.82200050354004	20.368000030517578	9.657999992370605	T	P
33	33	27.684999465942383	16.593000411987305	10.911999702453613	27.48699951171875	15.616000175476074	12.069999694824219	V	N
34	34	28.621999740600586	14.402999877929688	8.026000022888184	28.621999740600586	14.402999877929688	8.026000022888184	G	G
35	35	30.006000518798828	15.13700008392334	4.559000015258789	30.472000122070312	14.029999732971191	3.5950000286102295	S	P
36	36	26.524999618530273	16.083999633789062	3.3929998874664307	25.6200008392334	15.074000358581543	2.6480000019073486	N	P
37	37	25.96500015258789	18.36199951171875	6.385000228881836	26.076000213623047	19.740999221801758	5.551000118255615	S	P
38	38	22.981000900268555	17.1560001373291	8.246000289916992	22.759000778198242	15.616999626159668	8.406999588012695	Y	P
39	39	20.496000289916992	18.33799934387207	9.366000175476074	19.417999267578125	18.724000930786133	10.427000045776367	P	N
40	40	19.659000396728516	20.45800018310547	6.314000129699707	20.687000274658203	20.257999420166016	5.242000102996826	H	B
41	41	16.520000457763672	21.781999588012695	4.699999809265137	16.56800079345703	23.07699966430664	3.822999954223633	K	B
42	42	14.050000190734863	19.35700035095215	3.184999942779541	13.362000465393066	18.253999710083008	4.063000202178955	Y	P
43	43	11.944999694824219	20.618999481201172	0.2070000022649765	12.63599967956543	21.268999099731445	-1.0190000534057617	N	P
44	44	8.621999740600586	18.777000427246094	-0.1979999989271164	7.553999900817871	18.93400001525879	0.9190000295639038	N	P
45	45	8.510000228881836	18.5	-3.9690001010894775	9.651000022888184	18.812999725341797	-4.9029998779296875	Y	P
46	46	7.057000160217285	14.972999572753906	-3.7660000324249268	7.535999774932861	13.772000312805176	-2.927999973297119	E	A
47	47	4.025000095367432	16.461999893188477	-2.003999948501587	4.025000095367432	16.461999893188477	-2.003999948501587	G	G
48	48	3.8340001106262207	14.152999877929688	1.0369999408721924	4.984000205993652	13.62600040435791	1.815000057220459	F	N
49	49	0.7850000262260437	15.072999954223633	3.052999973297119	-0.5730000138282776	14.381999969482422	2.7720000743865967	D	A
50	50	2.4739999771118164	16.31100082397461	6.176000118255615	3.8550000190734863	16.895000457763672	6.176000118255615	F	N
51	51	0.13699999451637268	17.861000061035156	8.741000175476074	-0.6579999923706055	16.979999542236328	9.689000129699707	S	P
52	52	2.8350000381469727	20.200000762939453	10.274999618530273	3.7009999752044678	19.2189998626709	11.093000411987305	V	N
53	53	4.079999923706055	23.323999404907227	8.496000289916992	3.7179999351501465	24.777000427246094	8.878000259399414	S	P
54	54	7.520999908447266	23.981000900268555	6.914000034332275	7.624000072479248	24.054000854492188	5.414999961853027	S	P
55	55	10.321999549865723	24.881000518798828	6.934000015258789	11.553000450134277	25.672000885009766	7.380000114440918	P	N
56	56	11.345000267028809	21.19099998474121	7.150000095367432	10.616999626159668	20.187000274658203	6.249000072479248	Y	P
57	57	14.715999603271484	19.639999389648438	7.859000205993652	15.348999977111816	20.184999465942383	9.185999870300293	Y	P
58	58	15.89900016784668	16.13800048828125	7.168000221252441	16.076000213623047	15.531000137329102	5.789000034332275	E	A
59	59	18.216999053955078	14.16100025177002	9.498000144958496	17.82699966430664	14.57800006866455	10.942999839782715	T	N
60	60	19.36400032043457	10.506999969482422	9.175000190734863	20.861000061035156	10.220999717712402	8.951000213623047	P	N
61	61	17.825000762939453	7.770999908447266	11.239999771118164	16.325000762939453	7.678999900817871	11.45300006866455	I	N
62	62	20.149999618530273	4.664999961853027	11.378999710083008	21.575000762939453	4.78000020980835	11.989999771118164	L	N
63	63	18.968000411987305	1.1130000352859497	11.241000175476074	19.14900016784668	0.15399999916553497	10.067999839782715	S	P
64	64	21.38599967956543	0.25	14.010000228881836	22.825000762939453	0.6129999756813049	14.038000106811523	S	P
65	65	19.64299964904785	2.4679999351501465	16.5310001373291	19.64299964904785	2.4679999351501465	16.5310001373291	G	G
66	66	22.73900032043457	4.656000137329102	16.96500015258789	24.114999771118164	4.449999809265137	16.402999877929688	D	A
67	67	22.36400032043457	8.428000450134277	16.56800079345703	22.33300018310547	9.48799991607666	17.711000442504883	V	N
68	68	24.03499984741211	9.72700023651123	13.418999671936035	23.270000457763672	10.33899974822998	12.217000007629395	Y	P
69	69	27.429000854492188	11.258000373840332	14.045000076293945	27.961999893188477	10.677000045776367	15.348999977111816	S	P
70	70	29.135000228881836	11.24899959564209	10.654000282287598	29.135000228881836	11.24899959564209	10.654000282287598	G	G
71	71	30.003999710083008	8.515000343322754	8.20300006866455	30.003999710083008	8.515000343322754	8.20300006866455	G	G
72	72	27.422000885009766	7.0229997634887695	5.947999954223633	27.547000885009766	5.539999961853027	5.416999816894531	S	P
73	73	23.93899917602539	8.335000038146973	6.583000183105469	23.57900047302246	9.725000381469727	5.980000019073486	P	N
74	74	22.131999969482422	5.395999908447266	5.031000137329102	22.131999969482422	5.395999908447266	5.031000137329102	G	G
75	75	18.927000045776367	6.044000148773193	3.115999937057495	18.4060001373291	4.7769999504089355	2.384999990463257	A	N
76	76	16.363000869750977	6.76200008392334	5.881999969482422	15.958999633789062	5.659999847412109	6.934999942779541	D	A
77	77	15.5	10.154999732971191	7.3460001945495605	15.402000427246094	11.263999938964844	6.258999824523926	R	B
78	78	13.260000228881836	11.805999755859375	9.965999603271484	13.569999694824219	11.833999633789062	11.494999885559082	V	N
79	79	11.840999603271484	15.13599967956543	8.817000389099121	10.967000007629395	15.159000396728516	7.5879998207092285	V	N
80	80	11.012999534606934	17.690000534057617	11.531000137329102	11.78499984741211	17.584999084472656	12.833000183105469	F	N
81	81	10.032999992370605	21.37299919128418	11.288000106811523	8.583999633789062	21.67300033569336	10.965999603271484	N	P
82	82	11.21500015258789	24.604999542236328	12.777000427246094	10.90999984741211	26.003999710083008	12.119999885559082	E	A
83	83	9.036999702453613	24.006999969482422	15.892000198364258	7.558000087738037	24.40999984741211	15.869999885559082	N	P
84	84	10.50100040435791	20.538999557495117	16.51099967956543	11.227999687194824	20.72100067138672	17.83799934387207	N	P
85	85	7.340000152587891	18.76099967956543	15.342000007629395	6.093999862670898	19.493999481201172	14.814000129699707	Q	P
86	86	7.755000114440918	15.491999626159668	13.559000015258789	7.507999897003174	14.10099983215332	14.151000022888184	L	N
87	87	6.554999828338623	15.694999694824219	9.944000244140625	7.201000213623047	16.566999435424805	8.866000175476074	A	N
88	88	7.320000171661377	12.097999572753906	8.83899974822998	7.320000171661377	12.097999572753906	8.83899974822998	G	G
89	89	9.798999786376953	9.279000282287598	8.211999893188477	9.854999542236328	8.119999885559082	9.246999740600586	V	N
90	90	11.015999794006348	8.949000358581543	4.61899995803833	10.885000228881836	10.307000160217285	3.8469998836517334	I	N
91	91	13.630000114440918	7.046999931335449	2.6740000247955322	13.397000312805176	5.495999813079834	3.002000093460083	T	P
92	92	15.58899974822998	7.004000186920166	-0.5239999890327454	17.038000106811523	7.357999801635742	-0.6669999957084656	H	B
93	93	15.095000267028809	3.1740000247955322	-0.5879999995231628	15.020999908447266	2.194999933242798	0.6570000052452087	T	P
94	94	12.899999618530273	2.246999979019165	-3.553999900817871	12.899999618530273	2.246999979019165	-3.553999900817871	G	G
95	95	13.031999588012695	5.761000156402588	-5.124000072479248	12.776000022888184	6.968999862670898	-4.176000118255615	A	N
96	96	15.343999862670898	6.8520002365112305	-7.9679999351501465	14.980999946594238	6.964000225067139	-9.442999839782715	S	P
97	97	18.18000030517578	9.24899959564209	-7.4730000495910645	18.18000030517578	9.24899959564209	-7.4730000495910645	G	G
98	98	17.773000717163086	11.753000259399414	-4.672999858856201	18.652000427246094	12.987000465393066	-4.498000144958496	N	P
99	99	13.935999870300293	11.253000259399414	-4.553999900817871	13.071000099182129	10.866999626159668	-5.7179999351501465	N	P
100	100	12.0649995803833	9.821000099182129	-1.6019999980926514	11.906000137329102	10.831000328063965	-0.4429999887943268	F	N
101	101	9.130000114440918	7.617000102996826	-0.7129999995231628	8.975000381469727	6.176000118255615	-1.1759999990463257	V	N
102	102	7.501999855041504	7.579999923706055	2.7290000915527344	6.046999931335449	7.935999870300293	3.059000015258789	E	A
103	103	8.17300033569336	4.822999954223633	5.2210001945495605	9.072999954223633	4.966000080108643	6.426000118255615	C	P
104	104	4.964000225067139	2.8959999084472656	6.004000186920166	4.505000114440918	1.871000051498413	4.90500020980835	T	P
105	105	6.504000186920166	-5.289999961853027	16.583999633789062	6.504000186920166	-5.289999961853027	16.583999633789062	X	X
106	106	4.71999979019165	2.313999891281128	7.376999855041504	4.71999979019165	2.313999891281128	7.376999855041504	Z	Z
