Nr	Nidx	CaX	CaY	CaZ	PosX	PosY	PosZ	Let	Type
1	1	38.98899841308594	16.441999435424805	23.756999969482422	35.632999420166016	17.927000045776367	27.36400032043457	M	N
2	2	38.472999572753906	16.479999542236328	19.924999237060547	37.10499954223633	16.165000915527344	19.207000732421875	V	N
3	3	41.07400131225586	18.867000579833984	18.400999069213867	45.92499923706055	19.48900032043457	20.408000946044922	K	B
4	4	39.922000885009766	20.76799964904785	15.263999938964844	37.5890007019043	21.209999084472656	13.286999702453613	Q	P
5	5	42.68299865722656	20.69700050354004	12.609999656677246	45.077999114990234	19.268999099731445	13.920999526977539	I	N
6	6	42.779998779296875	23.72800064086914	10.27400016784668	39.762001037597656	24.145999908447266	10.418999671936035	E	A
7	7	46.16699981689453	23.391000747680664	8.498000144958496	47.0989990234375	24.489999771118164	8.954999923706055	S	P
8	8	48.82400131225586	20.964000701904297	7.374000072479248	51.97200012207031	18.489999771118164	2.697999954223633	K	B
9	9	51.12900161743164	22.60300064086914	10.026000022888184	52.62099838256836	24.336999893188477	11.088000297546387	T	P
10	10	48.74399948120117	21.74799919128418	12.904000282287598	47.35100173950195	22.36199951171875	13.060999870300293	A	N
11	11	48.2400016784668	18.195999145507812	11.527000427246094	47.221333821614586	14.977833271026611	9.662333329518637	F	N
12	12	51.99599838256836	17.641000747680664	11.380999565124512	53.59400177001953	18.832000732421875	7.954999923706055	Q	P
13	13	52.67599868774414	19.19300079345703	14.767000198364258	54.39099884033203	22.663999557495117	15.168000221252441	E	A
14	14	49.82400131225586	17.44700050354004	16.604999542236328	48.32400131225586	17.400999069213867	16.281999588012695	A	N
15	15	51.194000244140625	14.10200023651123	15.376999855041504	50.03099822998047	13.229999542236328	13.223999977111816	L	N
16	16	54.53300094604492	15.310999870300293	16.6560001373291	56.79399871826172	16.283000946044922	15.944999694824219	D	A
17	17	53.21799850463867	16.39299964904785	20.083999633789062	52.3489990234375	17.586000442504883	20.42099952697754	A	N
18	18	51.25600051879883	13.071999549865723	20.517000198364258	50.520999908447266	12.230999946594238	19.49799919128418	A	N
19	19	54.54199981689453	11.331999778747559	21.476999282836914	54.54199981689453	11.331999778747559	21.476999282836914	G	G
20	20	53.775001525878906	7.663000106811523	21.757999420166016	54.46500015258789	6.995999813079834	24.267000198364258	D	A
21	21	49.96500015258789	8.07800006866455	22.069000244140625	47.972999572753906	12.348999977111816	26.312999725341797	K	B
22	22	47.48500061035156	6.74399995803833	19.517000198364258	45.69499969482422	5.188000202178955	18.474000930786133	L	N
23	23	46.06700134277344	9.473999977111816	17.327999114990234	46.935001373291016	10.39799976348877	16.527000427246094	V	N
24	24	42.68000030517578	8.829000473022461	15.706999778747559	41.51300048828125	8.258999824523926	16.541000366210938	V	N
25	25	41.74300003051758	11.347000122070312	12.972000122070312	42.768001556396484	11.73900032043457	11.869999885559082	V	N
26	26	38.23099899291992	11.734000205993652	11.70199966430664	35.69300079345703	12.107999801635742	12.062000274658203	D	A
27	27	38.04499816894531	12.869000434875488	8.055000305175781	41.65049934387207	12.68850008646647	7.149166663487752	F	N
28	28	34.62099838256836	14.329000473022461	7.7870001792907715	34.10599899291992	14.633999824523926	9.208000183105469	S	P
29	29	32.645999908447266	16.68600082397461	5.552000045776367	32.6510009765625	16.158000946044922	4.114999771118164	A	N
30	30	29.44300079345703	18.833999633789062	5.861000061035156	28.30900001525879	21.177000045776367	5.75600004196167	T	P
31	31	27.445999145507812	16.861000061035156	3.2269999980926514	30.443111207750107	15.435555564032661	0.7594444337818358	T	N
32	32	28.066999435424805	13.585000038146973	4.9720001220703125	29.677000045776367	11.62600040435791	5.85099983215332	C	P
33	33	25.025999069213867	12.475000381469727	6.956999778747559	25.025999069213867	12.475000381469727	6.956999778747559	G	G
34	34	26.72599983215332	9.376999855041504	8.5649995803833	26.9689998626709	8.793000221252441	6.294000148773193	P	N
35	35	29.645999908447266	11.711999893188477	9.609999656677246	31.224000930786133	12.022000312805176	7.093999862670898	C	P
36	36	26.9689998626709	13.833999633789062	11.420999526977539	23.974000930786133	16.968000411987305	7.395999908447266	K	B
37	37	25.402000427246094	10.743000030517578	12.973999977111816	21.256999969482422	8.201000213623047	10.571999549865723	M	N
38	38	28.729000091552734	9.666999816894531	14.54699993133545	31.174999237060547	6.663000106811523	14.072999954223633	I	N
39	39	30.150999069213867	13.031999588012695	15.781000137329102	31.176000595092773	18.582000732421875	15.550999641418457	K	B
40	40	28.69300079345703	12.642999649047852	19.37299919128418	26.698999404907227	13.401000022888184	18.45400047302246	P	N
41	41	30.013999938964844	9.07699966430664	19.707000732421875	30.924333572387695	5.4696667194366455	19.851666768391926	F	N
42	42	33.38399887084961	10.381999969482422	18.402999877929688	36.43683369954427	11.365166664123535	16.495999972025555	F	N
43	43	33.380001068115234	13.128999710083008	21.040000915527344	33.34260025024414	16.265399742126466	22.6939998626709	H	B
44	44	32.28200149536133	10.60099983215332	23.7810001373291	31.047000885009766	9.704000473022461	23.761999130249023	S	P
45	45	35.321998596191406	8.472000122070312	22.913000106811523	34.792999267578125	6.677000045776367	21.179000854492188	L	N
46	46	37.736000061035156	11.29800033569336	23.503999710083008	37.79999923706055	12.654000282287598	22.768999099731445	S	P
47	47	36.46200180053711	11.631999969482422	27.055999755859375	33.702999114990234	14.128999710083008	27.091999053955078	E	A
48	48	36.4109992980957	7.958000183105469	27.687999725341797	34.02399826049805	2.3389999866485596	26.658000946044922	K	B
49	49	40.00899887084961	7.548999786376953	26.4950008392334	38.82614244733538	3.813285776547023	24.851857049124582	Y	P
50	50	42.26900100708008	10.23900032043457	27.926000595092773	42.35200119018555	10.437999725341797	29.451000213623047	S	P
51	51	45.35900115966797	8.432999610900879	26.719999313354492	45.4379997253418	5.848999977111816	27.23699951171875	N	P
52	52	44.42300033569336	8.598999977111816	22.94700050354004	43.28900146484375	7.6620001792907715	22.4689998626709	V	N
53	53	44.3849983215332	11.916000366210938	20.898000717163086	47.13999938964844	13.706999778747559	22.34600067138672	I	N
54	54	41.31399917602539	12.60200023651123	18.736000061035156	39.71083323160807	9.73283338546753	20.70883337656657	F	N
55	55	41.53499984741211	14.940999984741211	15.765999794006348	44.12799835205078	15.472999572753906	15.416999816894531	L	N
56	56	38.941001892089844	16.072999954223633	13.210000038146973	35.231998443603516	17.145000457763672	12.97700023651123	E	A
57	57	39.80799865722656	17.26099967956543	9.670999526977539	40.84600067138672	16.465999603271484	8.843999862670898	V	N
58	58	36.96099853515625	18.650999069213867	7.572000026702881	34.87699890136719	20.099000930786133	7.066999912261963	D	A
59	59	38.111000061035156	17.704999923706055	3.9700000286102295	37.630001068115234	16.43199920654297	3.2269999980926514	V	N
60	60	36.499000549316406	20.825000762939453	2.5239999294281006	33.922000885009766	20.13800048828125	2.5460000038146973	D	A
61	61	38.76499938964844	23.128000259399414	4.734000205993652	37.479000091552734	23.695999145507812	6.868000030517578	D	A
62	62	41.87900161743164	21.035999298095703	4.461999893188477	42.542999267578125	21.304000854492188	7.208000183105469	C	P
63	63	41.749000549316406	19.792999267578125	0.8700000047683716	39.073001861572266	21.64900016784668	-1.3450000286102295	Q	P
64	64	45.63100051879883	19.43199920654297	0.890999972820282	48.064998626708984	20.378999710083008	1.0449999570846558	D	A
65	65	45.73699951171875	17.19700050354004	4.001999855041504	45.391998291015625	17.76799964904785	5.415999889373779	V	N
66	66	42.66400146484375	15.321000099182129	2.507999897003174	41.36800003051758	16.03499984741211	2.0920000076293945	A	N
67	67	44.53200149536133	14.621000289916992	-0.8679999709129333	45.000999450683594	15.666000366210938	-1.9119999408721924	S	P
68	68	47.77000045776367	13.664999961853027	1.0149999856948853	50.07699966430664	15.815999984741211	0.45899999141693115	E	A
69	69	46.132999420166016	11.072999954223633	3.2799999713897705	46.47800064086914	12.604000091552734	5.5980000495910645	C	P
70	70	44.21200180053711	9.817999839782715	0.20399999618530273	47.198001861572266	8.196000099182129	-1.6449999809265137	E	A
71	71	40.78300094604492	10.008999824523926	1.659999966621399	40.35300064086914	11.255000114440918	2.4760000705718994	V	N
72	72	38.17900085449219	8.217000007629395	-0.45399999618530273	43.08300018310547	7.186999797821045	-2.4579999446868896	K	B
73	73	34.95800018310547	7.751999855041504	1.524999976158142	34.79899978637695	5.2270002365112305	0.4560000002384186	C	P
74	74	33.25299835205078	9.793999671936035	4.252999782562256	35.57600021362305	12.232000350952148	3.3359999656677246	M	N
75	75	34.005001068115234	9.378000259399414	7.089000225067139	32.645999908447266	8.6850004196167	8.888999938964844	P	N
76	76	37.4640007019043	7.855000019073486	7.175000190734863	39.80500030517578	7.515999794006348	6.135000228881836	T	P
77	77	39.332000732421875	7.170000076293945	10.406000137329102	35.968833923339844	7.331833362579346	11.970333258310953	F	N
78	78	43.097999572753906	6.860000133514404	10.149999618530273	44.19300079345703	8.440999984741211	6.835000038146973	Q	P
79	79	45.117000579833984	5.7769999504089355	13.118000030517578	41.91816711425781	3.9605000416437783	14.138499895731607	F	N
80	80	48.70399856567383	6.955999851226807	13.817999839782715	48.184666315714516	9.25083335240682	10.786999861399332	F	N
81	81	51.35900115966797	5.886000156402588	16.299999237060547	50.45500183105469	3.1480000019073486	20.472000122070312	K	B
82	82	54.56700134277344	7.931000232696533	16.191999435424805	55.250999450683594	3.816999912261963	19.155000686645508	K	B
83	83	53.70500183105469	9.444000244140625	12.817000389099121	53.70500183105469	9.444000244140625	12.817000389099121	G	G
84	84	53.30400085449219	5.9730000495910645	11.187999725341797	56.042999267578125	3.9010000228881836	12.923999786376953	Q	P
85	85	49.763999938964844	5.216000080108643	9.909000396728516	47.525001525878906	5.664999961853027	4.631999969482422	K	B
86	86	48.875999450683594	2.0	11.701000213623047	49.178001403808594	1.843000054359436	13.239999771118164	V	N
87	87	45.19599914550781	1.61899995803833	10.611000061035156	45.19599914550781	1.61899995803833	10.611000061035156	G	G
88	88	42.36600112915039	3.1619999408721924	8.5649995803833	42.944000244140625	4.98199987411499	5.046000003814697	E	A
89	89	38.79100036621094	2.3259999752044678	7.63100004196167	36.892333348592125	2.2445000608762107	10.984166622161865	F	N
90	90	35.79499816894531	4.057000160217285	6.109000205993652	35.69499969482422	4.125999927520752	4.560999870300293	S	P
91	91	32.19599914550781	4.125	7.361000061035156	32.19599914550781	4.125	7.361000061035156	G	G
92	92	30.339000701904297	5.205999851226807	10.479999542236328	29.250999450683594	6.275000095367432	10.357000350952148	A	N
93	93	30.613000869750977	1.9110000133514404	12.366999626159668	31.26099967956543	-0.5730000138282776	12.329000473022461	N	P
94	94	30.851999282836914	2.6589999198913574	16.10700035095215	26.382999420166016	2.877000093460083	17.333999633789062	K	B
95	95	31.81599998474121	-0.8379999995231628	17.290000915527344	30.202999114990234	-4.276000022888184	15.744999885559082	E	A
96	96	34.68899917602539	-1.1679999828338623	14.817000389099121	34.599998474121094	-2.380000114440918	9.095000267028809	K	B
97	97	35.85300064086914	2.388000011444092	15.73900032043457	35.611000061035156	4.925000190734863	16.27899932861328	L	N
98	98	36.22800064086914	1.562999963760376	19.35099983215332	34.262001037597656	1.774999976158142	22.81800079345703	E	A
99	99	37.32400131225586	-2.002000093460083	18.55299949645996	36.59400177001953	-2.931999921798706	17.597000122070312	A	N
100	100	40.38800048828125	-0.7400000095367432	16.506000518798828	41.53900146484375	0.19099999964237213	14.423999786376953	T	P
101	101	41.2599983215332	1.8760000467300415	19.204999923706055	38.86800003051758	4.958000183105469	19.27199935913086	I	N
102	102	41.4109992980957	-0.8920000195503235	21.81100082397461	39.45899963378906	-1.1269999742507935	23.507999420166016	N	P
103	103	43.58000183105469	-2.881999969482422	19.31599998474121	45.266998291015625	-4.59499979019165	17.042999267578125	E	A
104	104	46.19900131225586	-0.1809999942779541	18.67099952697754	45.577999114990234	0.2669999897480011	16.142000198364258	L	N
105	105	46.40800094604492	1.4110000133514404	22.152999877929688	45.21799850463867	1.6080000400543213	23.176000595092773	V	N
