Nr	Nidx	CaX	CaY	CaZ	PosX	PosY	PosZ	Let	Type
1	1	36.814998626708984	-23.301000595092773	8.918999671936035	39.994998931884766	-22.04400062561035	7.448999881744385	M	N
2	2	34.55099868774414	-20.908000946044922	10.776000022888184	35.27199935913086	-21.3700008392334	13.166999816894531	N	P
3	3	34.20100021362305	-17.082000732421875	11.086000442504883	33.654998779296875	-14.305999755859375	10.003000259399414	I	N
4	4	36.65800094604492	-17.035999298095703	14.031999588012695	34.44883346557617	-16.616166432698567	17.097166697184246	F	N
5	5	39.43199920654297	-18.8700008392334	12.239999771118164	39.09000015258789	-22.621999740600586	12.47599983215332	E	A
6	6	38.66899871826172	-16.937999725341797	9.118000030517578	35.44300079345703	-15.109000205993652	5.0329999923706055	M	N
7	7	39.07699966430664	-13.663000106811523	10.92199993133545	36.99800109863281	-12.286999702453613	11.04699993133545	L	N
8	8	42.112998962402344	-14.795000076293945	12.795000076293945	46.58399963378906	-15.590999603271484	14.642000198364258	R	B
9	9	43.775001525878906	-15.470000267028809	9.373000144958496	42.8489990234375	-18.95400047302246	7.925000190734863	I	N
10	10	42.7869987487793	-12.072999954223633	8.01200008392334	41.034000396728516	-12.395999908447266	6.2789998054504395	D	A
11	11	43.696998596191406	-9.899999618530273	11.010000228881836	41.257999420166016	-7.875999927520752	10.973999977111816	E	A
12	12	46.55500030517578	-11.675000190734863	12.729000091552734	46.55500030517578	-11.675000190734863	12.729000091552734	G	G
13	13	47.19900131225586	-11.50100040435791	16.41900062561035	47.36800003051758	-12.6850004196167	18.70400047302246	L	N
14	14	49.27199935913086	-8.751999855041504	18.038000106811523	50.25299835205078	-6.507999897003174	12.427000045776367	R	B
15	15	49.78799819946289	-8.460000038146973	21.781999588012695	49.875999450683594	-10.864999771118164	22.198999404907227	L	N
16	16	51.236000061035156	-5.0	21.634000778198242	53.64099884033203	-1.0230000019073486	23.98900032043457	K	B
17	17	49.474998474121094	-1.781000018119812	20.393999099731445	48.09700012207031	0.9120000004768372	22.69700050354004	I	N
18	18	50.132999420166016	-1.4600000381469727	16.759000778198242	47.78171484810965	-4.388428619929722	15.043285642351423	Y	P
19	19	49.02899932861328	0.5600000023841858	13.77400016784668	51.733001708984375	6.078000068664551	13.583000183105469	K	B
20	20	46.689998626708984	-0.9929999709129333	11.354999542236328	44.28300094604492	0.032999999821186066	11.13599967956543	D	A
21	21	46.87799835205078	-0.7390000224113464	7.551000118255615	46.25199890136719	-3.1549999713897705	6.716000080108643	T	P
22	22	45.17399978637695	2.7070000171661377	7.77400016784668	42.59000015258789	2.559999942779541	5.993000030517578	E	A
23	23	47.52199935913086	3.937000036239624	10.451000213623047	47.52199935913086	3.937000036239624	10.451000213623047	G	G
24	24	45.176998138427734	3.4860000610351562	13.432999610900879	42.20500019618443	5.318857192993164	11.171571459089007	Y	P
25	25	45.95899963378906	2.1510000228881836	16.875	48.7518561226981	5.0068572248731344	17.91685676574707	Y	P
26	26	44.893001556396484	-1.534999966621399	17.141000747680664	44.11800003051758	-3.509000062942505	15.413000106811523	T	P
27	27	45.643001556396484	-4.4670000076293945	19.413000106811523	47.20000076293945	-3.9709999561309814	22.819000244140625	I	N
28	28	44.84700012207031	-8.223999977111816	19.500999450683594	44.84700012207031	-8.223999977111816	19.500999450683594	G	G
29	29	42.840999603271484	-9.527999877929688	16.62700080871582	42.40399932861328	-12.770999908447266	18.490999221801758	I	N
30	30	42.007999420166016	-6.389999866485596	14.619999885559082	42.007999420166016	-6.389999866485596	14.619999885559082	G	G
31	31	40.435001373291016	-4.564000129699707	17.538999557495117	38.81380081176758	-3.610399913787842	20.53360023498535	H	B
32	32	40.499000549316406	-0.8619999885559082	16.55500030517578	39.71799850463867	1.3569999933242798	15.543999671936035	L	N
33	33	41.2859992980957	1.2079999446868896	19.60700035095215	42.8380012512207	-0.23999999463558197	20.952999114990234	L	N
34	34	41.09299850463867	4.76800012588501	18.315000534057617	43.22600173950195	5.693999767303467	19.579999923706055	T	P
35	35	41.323001861572266	6.763000011444092	15.12399959564209	36.595001220703125	5.355000019073486	11.331999778747559	K	B
36	36	43.15700149536133	9.383000373840332	17.222999572753906	42.83599853515625	9.855999946594238	18.6299991607666	S	P
37	37	46.720001220703125	10.069000244140625	16.548999786376953	45.880001068115234	11.847999572753906	15.163999557495117	P	N
38	38	47.60300064086914	9.88599967956543	20.155000686645508	47.124000549316406	10.883999824523926	21.202999114990234	S	P
39	39	49.2599983215332	6.760000228881836	21.525999069213867	51.073001861572266	5.065999984741211	22.183000564575195	L	N
40	40	48.19599914550781	8.043999671936035	24.844999313354492	50.0369987487793	9.263999938964844	25.972999572753906	N	P
41	41	44.64799880981445	8.236000061035156	23.680999755859375	44.053001403808594	9.006999969482422	22.516000747680664	A	N
42	42	45.2140007019043	4.620999813079834	22.492000579833984	46.301998138427734	4.173999786376953	21.48900032043457	A	N
43	43	46.52399826049805	3.2739999294281006	25.801000595092773	52.36800003051758	3.1740000247955322	25.708999633789062	K	B
44	44	43.67900085449219	4.886000156402588	27.59000015258789	43.547000885009766	6.4019999504089355	27.562000274658203	S	P
45	45	41.04800033569336	3.2639999389648438	25.341999053955078	38.90800094604492	4.875	23.94300079345703	E	A
46	46	42.965999603271484	0.050999999046325684	25.795000076293945	44.854000091552734	-1.6720000505447388	25.726999282836914	L	N
47	47	42.87699890136719	0.13699999451637268	29.6200008392334	45.0880012512207	1.125	30.440000534057617	D	A
48	48	39.17399978637695	1.031999945640564	29.53499984741211	36.189998626708984	3.75	25.75200080871582	K	B
49	49	38.54999923706055	-1.9769999980926514	27.288000106811523	38.92599868774414	-2.0209999084472656	25.805999755859375	A	N
50	50	40.53900146484375	-4.498000144958496	29.389999389648438	41.52000045776367	-5.938000202178955	27.15399932861328	I	N
51	51	39.66699981689453	-3.180999994277954	32.83399963378906	39.66699981689453	-3.180999994277954	32.83399963378906	G	G
52	52	43.2859992980957	-2.859999895095825	34.090999603271484	46.85599899291992	-6.552999973297119	31.79199981689453	R	B
53	53	46.479000091552734	-0.8230000138282776	33.65700149536133	47.31800079345703	1.1019999980926514	34.65800094604492	N	P
54	54	47.847999572753906	-2.368000030517578	30.636999130249023	45.709999084472656	-3.311000108718872	29.66699981689453	T	P
55	55	50.64699935913086	-0.19599999487400055	29.701000213623047	53.145999908447266	-0.13500000536441803	30.489999771118164	N	P
56	56	50.06999969482422	-1.0149999856948853	25.957000732421875	50.06999969482422	-1.0149999856948853	25.957000732421875	G	G
57	57	50.32699966430664	-4.743000030517578	26.27899932861328	51.637001037597656	-5.191999912261963	26.8439998626709	V	N
58	58	47.78900146484375	-7.519000053405762	26.71500015258789	45.255001068115234	-7.500999927520752	23.79199981689453	I	N
59	59	47.79600143432617	-11.350000381469727	27.16900062561035	48.0989990234375	-11.253000259399414	29.716999053955078	T	P
60	60	46.49100112915039	-13.902999877929688	24.586000442504883	47.40700149536133	-18.541000366210938	20.60700035095215	K	B
61	61	43.46699905395508	-14.461999893188477	26.731000900268555	43.75400161743164	-16.325000762939453	28.246999740600586	D	A
62	62	42.5989990234375	-10.725000381469727	26.808000564575195	44.54600143432617	-8.907999992370605	29.52400016784668	E	A
63	63	42.98400115966797	-10.581000328063965	23.086999893188477	44.20899963378906	-10.97700023651123	22.2810001373291	A	N
64	64	40.66400146484375	-13.473999977111816	22.617000579833984	42.44900131225586	-16.680999755859375	22.2810001373291	E	A
65	65	38.14899826049805	-11.906999588012695	24.95800018310547	35.28300094604492	-11.52400016784668	30.16200065612793	K	B
66	66	38.117000579833984	-8.741999626159668	22.864999771118164	39.8650016784668	-7.005000114440918	23.638999938964844	L	N
67	67	37.79100036621094	-10.923999786376953	19.750999450683594	38.57500076293945	-13.016499996185303	16.611499468485516	F	N
68	68	34.79800033569336	-12.819000244140625	21.14699935913086	35.332000732421875	-15.03499984741211	22.26799964904785	N	P
69	69	33.09299850463867	-9.480999946594238	21.833999633789062	34.38199996948242	-8.026000022888184	25.222999572753906	Q	P
70	70	33.77799987792969	-8.0600004196167	18.47800064086914	35.82500076293945	-6.51200008392334	18.733999252319336	D	A
71	71	32.46099853515625	-11.031999588012695	16.481000900268555	33.040000915527344	-12.505999565124512	16.451000213623047	V	N
72	72	29.351999282836914	-11.017000198364258	18.604999542236328	27.958999633789062	-11.392999649047852	20.77400016784668	D	A
73	73	28.878999710083008	-7.255000114440918	18.18000030517578	29.86400032043457	-6.170000076293945	18.608999252319336	A	N
74	74	29.39299964904785	-7.577000141143799	14.364999771118164	30.562000274658203	-8.253000259399414	13.630000114440918	A	N
75	75	26.72800064086914	-10.340999603271484	14.097999572753906	26.722999572753906	-11.770000457763672	14.685999870300293	V	N
76	76	24.165000915527344	-8.36299991607666	16.257999420166016	25.85700035095215	-8.055999755859375	20.868000030517578	R	B
77	77	25.038999557495117	-5.317999839782715	14.305000305175781	25.038999557495117	-5.317999839782715	14.305000305175781	G	G
78	78	23.9950008392334	-7.126999855041504	11.088000297546387	26.82900047302246	-9.354999542236328	9.6899995803833	I	N
79	79	20.867000579833984	-8.425999641418457	12.625	21.523000717163086	-10.78600025177002	13.14900016784668	L	N
80	80	19.80699920654297	-4.835999965667725	13.71399974822998	23.132999420166016	-3.2920000553131104	17.440000534057617	R	B
81	81	20.562999725341797	-3.1679999828338623	10.508999824523926	22.128000259399414	-2.1459999084472656	8.934000015258789	N	P
82	82	17.64900016784668	-2.9079999923706055	8.149999618530273	16.59600067138672	-1.8339999914169312	8.201000213623047	A	N
83	83	19.832000732421875	-3.0250000953674316	5.068999767303467	20.35300064086914	2.8350000381469727	4.0279998779296875	K	B
84	84	21.98900032043457	-5.877999782562256	6.190999984741211	24.104999542236328	-4.565999984741211	6.751999855041504	L	N
85	85	19.56800079345703	-8.192000389099121	7.90500020980835	15.635000228881836	-11.060999870300293	10.170000076293945	K	B
86	86	17.72599983215332	-9.282999992370605	4.802999973297119	17.083999633789062	-6.938000202178955	4.5929999351501465	P	N
87	87	20.934999465942383	-9.91100025177002	2.9179999828338623	22.077999114990234	-8.934000015258789	2.624000072479248	V	N
88	88	22.25	-12.005999565124512	5.747000217437744	23.97928592136928	-13.490571430751256	9.17900003705706	Y	P
89	89	18.9689998626709	-13.998000144958496	5.98799991607666	17.39900016784668	-12.913999557495117	7.688000202178955	D	A
90	90	19.113000869750977	-14.732999801635742	2.3459999561309814	18.968000411987305	-13.760000228881836	1.1720000505447388	S	P
91	91	22.655000686645508	-16.163999557495117	2.4059998989105225	24.08300018310547	-13.961999893188477	2.063999891281128	L	N
92	92	24.06399917602539	-19.674999237060547	3.002000093460083	25.854000091552734	-19.972999572753906	1.3730000257492065	D	A
93	93	26.389999389648438	-20.320999145507812	5.952000141143799	26.43600082397461	-21.46500015258789	6.931000232696533	A	N
94	94	29.677000045776367	-19.655000686645508	4.125	30.329999923706055	-20.56999969482422	3.069000005722046	V	N
95	95	28.58799934387207	-16.36199951171875	2.5369999408721924	27.56800079345703	-18.288000106811523	-2.752000093460083	R	B
96	96	27.23699951171875	-15.255000114440918	5.943999767303467	21.65999984741211	-17.538999557495117	7.413000106811523	R	B
97	97	30.816999435424805	-15.586000442504883	7.315000057220459	31.642000198364258	-16.8700008392334	7.324999809265137	A	N
98	98	31.899999618530273	-13.357999801635742	4.394999980926514	31.77400016784668	-13.661999702453613	2.9140000343322754	A	N
99	99	29.479000091552734	-10.585000038146973	5.35699987411499	27.131000518798828	-9.406000137329102	5.335000038146973	L	N
100	100	30.47800064086914	-10.814000129699707	8.998000144958496	28.849000930786133	-13.798999786376953	10.92300033569336	I	N
101	101	34.152000427246094	-10.456000328063965	7.85699987411499	36.361000061035156	-11.222000122070312	6.836999893188477	N	P
102	102	33.35100173950195	-7.311999797821045	5.936999797821045	33.40299987792969	-4.367000102996826	2.0980000495910645	K	B
103	103	31.405000686645508	-5.758999824523926	8.746999740600586	30.009000778198242	-6.22599983215332	9.182999610900879	V	N
104	104	34.02899932861328	-6.638999938964844	11.340999603271484	36.635833740234375	-8.253166755040487	13.573000113169352	F	N
105	105	36.68299865722656	-4.781000137329102	9.197999954223633	38.814998626708984	-5.048999786376953	5.872000217437744	Q	P
106	106	34.76300048828125	-1.7979999780654907	8.119999885559082	34.73899841308594	-0.8889999985694885	3.138000011444092	M	N
107	107	31.761999130249023	-1.2970000505447388	10.425000190734863	31.761999130249023	-1.2970000505447388	10.425000190734863	G	G
108	108	27.966999053955078	-1.6319999694824219	9.609999656677246	24.788999557495117	-1.5800000429153442	11.994999885559082	E	A
109	109	27.714000701904297	1.7039999961853027	8.081000328063965	27.57200050354004	4.210000038146973	8.182000160217285	T	P
110	110	30.590999603271484	1.0449999570846558	5.743000030517578	30.590999603271484	1.0449999570846558	5.743000030517578	G	G
111	111	29.18199920654297	-2.2260000705718994	4.348999977111816	29.070999145507812	-3.4700000286102295	5.119999885559082	V	N
112	112	25.691999435424805	-0.8629999756813049	4.263999938964844	24.722999572753906	-0.4410000145435333	5.373000144958496	A	N
113	113	27.20599937438965	1.5490000247955322	1.472000002861023	27.20599937438965	1.5490000247955322	1.472000002861023	G	G
114	114	27.864999771118164	-1.2649999856948853	-0.8510000109672546	31.558000246683758	-1.8171666463216145	-0.15516667192180952	F	N
115	115	24.285999298095703	-0.8709999918937683	-1.9600000381469727	22.159000396728516	0.039000000804662704	-2.634000062942505	T	P
116	116	24.659000396728516	-2.371999979019165	-5.421999931335449	24.749000549316406	-0.2150000035762787	-6.956999778747559	N	P
117	117	26.792999267578125	-5.328000068664551	-4.250999927520752	28.10300064086914	-5.26800012588501	-3.4619998931884766	S	P
118	118	24.285999298095703	-6.000999927520752	-1.468999981880188	24.95199966430664	-4.696000099182129	0.6480000019073486	L	N
119	119	21.51099967956543	-6.175000190734863	-4.021999835968018	21.503999710083008	-3.562999963760376	-8.180999755859375	R	B
120	120	23.45599937438965	-8.579999923706055	-6.203000068664551	25.80500030517578	-4.914999961853027	-9.017999649047852	M	N
121	121	24.270999908447266	-10.859000205993652	-3.3289999961853027	26.483999252319336	-10.180999755859375	-2.234999895095825	L	N
122	122	20.639999389648438	-10.854999542236328	-2.371000051498413	17.80900001525879	-9.407999992370605	-0.47600001096725464	Q	P
123	123	19.718000411987305	-11.807999610900879	-5.834000110626221	18.753000259399414	-8.803999900817871	-7.956999778747559	Q	P
124	124	22.371999740600586	-14.61299991607666	-5.883999824523926	20.929000854492188	-17.28499984741211	-1.2769999504089355	K	B
125	125	24.266000747680664	-13.064000129699707	-8.725000381469727	20.200000762939453	-10.413999557495117	-12.015999794006348	R	B
126	126	27.604000091552734	-14.310999870300293	-7.577000141143799	25.572000079684788	-16.41822232140435	-4.786555502149794	T	N
127	127	29.937999725341797	-13.37600040435791	-10.406999588012695	30.628999710083008	-15.468999862670898	-11.805999755859375	D	A
128	128	28.43600082397461	-9.960000038146973	-10.901000022888184	25.840999603271484	-11.743000030517578	-12.48799991607666	E	A
129	129	28.59600067138672	-9.163000106811523	-7.322999954223633	27.841999053955078	-9.73799991607666	-6.170000076293945	A	N
130	130	32.347999572753906	-10.232000350952148	-7.178999900817871	32.8650016784668	-11.583000183105469	-7.64900016784668	A	N
131	131	33.095001220703125	-7.8480000495910645	-10.029000282287598	32.58700180053711	-7.934000015258789	-11.45300006866455	V	N
132	132	31.160999298095703	-4.945000171661377	-8.359000205993652	29.18899917602539	-3.5269999504089355	-7.517000198364258	N	P
133	133	32.731998443603516	-5.513000011444092	-4.942999839782715	31.56100082397461	-7.261000156402588	-3.3959999084472656	L	N
134	134	36.21699905395508	-5.051000118255615	-6.521999835968018	36.81100082397461	-6.060999870300293	-7.48799991607666	A	N
135	135	35.41899871826172	-1.4989999532699585	-7.574999809265137	32.47200012207031	-2.9489998817443848	-12.552000045776367	K	B
136	136	36.02199935913086	-0.14900000393390656	-4.164999961853027	35.33000183105469	-1.1069999933242798	-3.239000082015991	S	P
137	137	38.65999984741211	1.6239999532699585	-2.131999969482422	41.319000244140625	4.1579999923706055	2.1989998817443848	R	B
138	138	38.44300079345703	-1.4639999866485596	0.17000000178813934	36.59622234768338	-5.45488895310296	0.8702222266130977	T	N
139	139	39.67100143432617	-3.7320001125335693	-2.628999948501587	40.45328576224191	-6.004285676138742	-5.85900000163487	Y	P
140	140	42.375	-1.2330000400543213	-3.747999906539917	41.551998138427734	-0.15299999713897705	-5.801000118255615	N	P
141	141	43.676998138427734	-0.7480000257492065	-0.2070000022649765	43.98400115966797	2.319000005722046	-0.1080000028014183	Q	P
142	142	43.805999755859375	-4.370999813079834	0.9409999847412109	43.6870002746582	-3.5429999828338623	3.2290000915527344	T	P
143	143	43.652000427246094	-6.466000080108643	-2.2239999771118164	45.70000076293945	-5.243000030517578	-2.8570001125335693	P	N
144	144	44.78200149536133	-9.895999908447266	-0.8240000009536743	47.31399917602539	-10.067000389099121	-1.2489999532699585	N	P
145	145	42.23699951171875	-9.833000183105469	1.9639999866485596	39.68000030517578	-8.390000343322754	7.2820000648498535	R	B
146	146	39.50299835205078	-8.293999671936035	-0.25600001215934753	39.387001037597656	-6.894000053405762	-0.8669999837875366	A	N
147	147	40.20800018310547	-11.034000396728516	-2.8299999237060547	44.90800094604492	-9.277999877929688	-6.127999782562256	K	B
148	148	39.821998596191406	-13.715999603271484	-0.21199999749660492	43.96799850463867	-13.22700023651123	3.194000005722046	R	B
149	149	36.486000061035156	-12.312999725341797	0.9660000205039978	36.29800033569336	-11.050999641418457	1.7890000343322754	V	N
150	150	35.34199905395508	-11.800999641418457	-2.505000114440918	36.529998779296875	-8.390000343322754	-3.937999963760376	I	N
151	151	36.08300018310547	-15.458999633789062	-3.4110000133514404	37.40399932861328	-17.642000198364258	-3.4170000553131104	T	P
152	152	34.1510009765625	-16.51300048828125	-0.421999990940094	33.6870002746582	-16.993999481201172	1.9600000381469727	T	P
153	153	31.132999420166016	-14.574999809265137	-1.7580000162124634	30.380833625793457	-11.487833340962728	0.4856666674216588	F	N
154	154	31.586999893188477	-15.741999626159668	-5.373000144958496	35.42300033569336	-17.007999420166016	-8.315999984741211	R	B
155	155	31.972000122070312	-19.511999130249023	-4.613999843597412	34.236000061035156	-19.500999450683594	-5.632999897003174	T	P
156	156	30.37299919128418	-20.020000457763672	-1.315999984741211	30.37299919128418	-20.020000457763672	-1.315999984741211	G	G
157	157	33.33100128173828	-22.257999420166016	-0.2849999964237213	32.95000076293945	-23.399999618530273	-2.378999948501587	T	P
158	158	36.30799865722656	-21.687999725341797	2.0139999389648438	34.41133371988932	-21.11044438680013	5.565444416469997	T	N
159	159	38.7869987487793	-22.312999725341797	-0.8190000057220459	37.724998474121094	-23.577999114990234	-2.5869998931884766	D	A
160	160	40.63999938964844	-18.93600082397461	-0.5329999923706055	39.87200164794922	-17.615999221801758	-0.6729999780654907	A	N
161	161	41.459999084472656	-19.732999801635742	2.992000102996826	39.478285108293804	-16.374714170183456	4.23571423121861	Y	P
162	162	42.44200134277344	-23.381999969482422	2.555999994277954	36.85300064086914	-26.172000885009766	3.638000011444092	K	B
163	163	45.625999450683594	-22.2549991607666	1.309000015258789	44.71200180053711	-20.701000213623047	-0.6489999890327454	N	P
164	164	46.5099983215332	-20.173999786376953	4.48199987411499	45.94499969482422	-17.95400047302246	3.315000057220459	L	N
