Nr	Nidx	CaX	CaY	CaZ	PosX	PosY	PosZ	Let	Type
1	1	-9.444999694824219	12.100000381469727	-0.22100000083446503	-7.945000171661377	12.42199993133545	-0.06499999761581421	V	N
2	2	-9.72700023651123	9.498000144958496	-3.0329999923706055	-10.71399974822998	9.743000030517578	-4.183000087738037	V	N
3	3	-6.5929999351501465	7.357999801635742	-3.5230000019073486	-6.056000232696533	6.695000171661377	-2.243000030517578	Y	P
4	4	-5.506999969482422	4.880000114440918	-6.24399995803833	-4.835000038146973	5.5279998779296875	-7.461999893188477	T	P
5	5	-4.263999938964844	1.2410000562667847	-6.215000152587891	-4.671000003814697	0.18400000035762787	-7.245999813079834	D	A
6	6	-0.5370000004768372	0.3580000102519989	-5.853000164031982	0.12399999797344208	-0.41200000047683716	-4.697000026702881	C	P
7	7	1.597000002861023	-0.2160000056028366	-9.01099967956543	1.9639999866485596	0.9100000262260437	-9.998000144958496	T	P
8	8	4.625999927520752	-1.8769999742507935	-7.26200008392334	5.954999923706055	-1.1130000352859497	-7.414999961853027	E	A
9	9	5.120999813079834	-3.9590001106262207	-4.0929999351501465	5.60699987411499	-5.410999774932861	-4.031000137329102	S	P
10	10	6.453999996185303	-2.3570001125335693	-0.9120000004768372	6.453999996185303	-2.3570001125335693	-0.9120000004768372	G	G
11	11	4.4710001945495605	0.8740000128746033	-1.4639999866485596	3.9240000247955322	1.2139999866485596	-2.8519999980926514	Q	P
12	12	2.178999900817871	2.63700008392334	1.0449999570846558	2.740000009536743	2.9690001010894775	2.437999963760376	N	P
13	13	-0.6179999709129333	5.242000102996826	0.7739999890327454	0.15700000524520874	6.585000038146973	0.7549999952316284	L	N
14	14	-2.556999921798706	3.234999895095825	-1.8619999885559082	-1.565999984741211	2.5950000286102295	-2.8269999027252197	C	P
15	15	-5.73799991607666	1.1230000257492065	-2.0239999294281006	-6.900000095367432	1.4739999771118164	-2.9690001010894775	L	N
16	16	-4.900000095367432	-2.5350000858306885	-1.2339999675750732	-3.677999973297119	-2.5250000953674316	-0.3019999861717224	C	P
17	17	-7.693999767303467	-4.1570000648498535	0.7139999866485596	-7.747000217437744	-4.546999931335449	2.193000078201294	E	A
18	18	-10.46500015258789	-2.7690000534057617	-1.4989999532699585	-10.46500015258789	-2.7690000534057617	-1.4989999532699585	G	G
19	19	-11.109000205993652	0.9409999847412109	-0.8240000009536743	-12.493000030517578	1.6080000400543213	-0.8450000286102295	S	P
20	20	-9.017999649047852	0.6909999847412109	2.3980000019073486	-9.121000289916992	-0.4180000126361847	3.447999954223633	N	P
21	21	-5.693999767303467	2.503999948501587	2.0250000953674316	-5.546000003814697	4.019999980926514	2.26200008392334	V	N
22	22	-2.4839999675750732	0.7480000257492065	3.0999999046325684	-1.5460000038146973	-0.06800000369548798	2.2130000591278076	C	P
23	23	-1.840999960899353	3.1570000648498535	5.985000133514404	-1.840999960899353	3.1570000648498535	5.985000133514404	G	G
24	24	1.5709999799728394	4.6020002365112305	6.882999897003174	1.815000057220459	6.031000137329102	7.392000198364258	Q	P
25	25	4.039999961853027	2.0989999771118164	8.368000030517578	4.039999961853027	2.0989999771118164	8.368000030517578	G	G
26	26	2.306999921798706	-0.6179999709129333	6.244999885559082	0.8090000152587891	-0.8889999985694885	6.498000144958496	N	P
27	27	3.003999948501587	-1.5260000228881836	2.562999963760376	4.491000175476074	-1.590000033378601	2.24399995803833	K	B
28	28	1.090999960899353	-3.3570001125335693	-0.1889999955892563	0.0949999988079071	-2.627000093460083	-1.0980000495910645	C	P
29	29	2.5480000972747803	-6.439000129699707	-1.7929999828338623	3.072999954223633	-7.677000045776367	-1.0420000553131104	I	N
30	30	1.093999981880188	-6.681000232696533	-5.293000221252441	1.5329999923706055	-5.881999969482422	-6.533999919891357	L	N
31	31	0.5770000219345093	-10.442999839782715	-5.802999973297119	0.5770000219345093	-10.442999839782715	-5.802999973297119	G	G
32	32	3.259000062942505	-12.109999656677246	-7.973999977111816	4.64900016784668	-11.82800006866455	-7.401000022888184	S	P
33	33	1.562999963760376	-15.366999626159668	-8.760000228881836	2.3519999980926514	-16.076000213623047	-7.622000217437744	D	A
34	34	-2.246999979019165	-14.928999900817871	-8.907999992370605	-2.246999979019165	-14.928999900817871	-8.907999992370605	G	G
35	35	-2.200000047683716	-13.54699993133545	-5.328000068664551	-0.9449999928474426	-13.48799991607666	-4.448999881744385	E	A
36	36	-4.298999786376953	-10.49899959564209	-4.429999828338623	-5.691999912261963	-10.715999603271484	-3.818000078201294	K	B
37	37	-3.190999984741211	-7.105999946594238	-3.052999973297119	-3.931999921798706	-5.803999900817871	-3.3970000743865967	N	P
38	38	-1.9479999542236328	-7.663000106811523	0.5519999861717224	-1.2619999647140503	-9.015999794006348	0.7820000052452087	Q	P
39	39	-1.2510000467300415	-4.730999946594238	2.9230000972747803	-2.2760000228881836	-3.634000062942505	3.2119998931884766	C	P
40	40	1.1260000467300415	-5.709000110626221	5.763000011444092	1.9160000085830688	-7.00600004196167	5.520999908447266	V	N
41	41	2.9019999504089355	-3.7190001010894775	8.5	2.632999897003174	-3.8610000610351562	10.008999824523926	T	P
42	42	6.616000175476074	-2.7709999084472656	8.21500015258789	6.616000175476074	-2.7709999084472656	8.21500015258789	G	G
43	43	7.531000137329102	0.30000001192092896	6.089000225067139	8.833000183105469	0.8970000147819519	6.633999824523926	E	A
44	44	7.320000171661377	1.1610000133514404	2.3429999351501465	7.320000171661377	1.1610000133514404	2.3429999351501465	G	G
45	45	7.822000026702881	3.8459999561309814	-0.3199999928474426	8.552000045776367	3.5139999389648438	-1.6330000162124634	T	P
46	46	5.045000076293945	6.458000183105469	-0.8349999785423279	5.118000030517578	7.849999904632568	-0.2240000069141388	P	N
47	47	3.2880001068115234	6.163000106811523	-4.203999996185303	1.8890000581741333	5.539999961853027	-4.3420000076293945	K	B
48	48	4.361000061035156	9.206000328063965	-6.3979997634887695	5.710999965667725	9.145999908447266	-7.117000102996826	P	N
49	49	1.753000020980835	11.281000137329102	-8.307000160217285	1.4880000352859497	12.73799991607666	-7.926000118255615	Q	P
50	50	1.5049999952316284	9.258999824523926	-11.505000114440918	1.3509999513626099	10.130999565124512	-12.753999710083008	S	P
51	51	4.389999866485596	6.823999881744385	-12.293999671936035	4.301000118255615	5.293000221252441	-12.13700008392334	H	B
52	52	-10.086999893188477	12.0	1.1019999980926514	-10.086999893188477	12.0	1.1019999980926514	X	X
53	53	4.758999824523926	7.198999881744385	-13.729000091552734	4.758999824523926	7.198999881744385	-13.729000091552734	Z	Z
