Nr	Nidx	CaX	CaY	CaZ	PosX	PosY	PosZ	Let	Type
1	1	6.677000045776367	-0.5149999856948853	29.351999282836914	6.801000118255615	0.8579999804496765	30.03700065612793	K	B
2	2	3.052000045776367	-1.0549999475479126	28.489999771118164	2.0290000438690186	-1.7079999446868896	29.417999267578125	S	P
3	3	1.159999966621399	1.8140000104904175	26.742000579833984	0.1940000057220459	1.3700000047683716	25.64299964904785	P	N
4	4	-1.0800000429153442	2.260999917984009	29.78499984741211	-1.8669999837875366	1.1979999542236328	30.552000045776367	E	A
5	5	2.065999984741211	2.750999927520752	31.829999923706055	3.1630001068115234	1.7259999513626099	31.98200035095215	E	A
6	6	3.5880000591278076	4.968999862670898	29.16900062561035	3.880000114440918	4.559000015258789	27.729000091552734	L	N
7	7	0.42100000381469727	7.1620001792907715	29.121999740600586	-1.0230000019073486	6.671999931335449	28.81100082397461	K	B
8	8	0.6079999804496765	7.815000057220459	32.86000061035156	0.6079999804496765	7.815000057220459	32.86000061035156	G	G
9	9	4.296999931335449	8.902999877929688	32.60499954223633	5.52400016784668	7.980000019073486	32.16299819946289	I	N
10	10	3.6050000190734863	11.10200023651123	29.523000717163086	2.9049999713897705	10.598999977111816	28.233999252319336	F	N
11	11	0.6850000023841858	12.855999946594238	31.29599952697754	-0.5870000123977661	12.248000144958496	31.843000411987305	E	A
12	12	2.631999969482422	13.553999900817871	34.43199920654297	3.313999891281128	12.428000450134277	35.20199966430664	K	B
13	13	5.27400016784668	15.571999549865723	32.53900146484375	6.502999782562256	14.928999900817871	31.881999969482422	Y	P
14	14	2.9649999141693115	17.16900062561035	29.975000381469727	2.0309998989105225	16.402999877929688	29.06399917602539	A	N
15	15	0.9150000214576721	18.507999420166016	32.88399887084961	0.3449999988079071	17.687000274658203	33.99300003051758	A	N
16	16	3.888000011444092	20.608999252319336	34.03499984741211	5.343999862670898	20.301000595092773	33.68899917602539	K	B
17	17	2.9579999446868896	23.43199920654297	31.604999542236328	4.133999824523926	24.42300033569336	31.638999938964844	E	A
18	18	1.3389999866485596	24.325000762939453	28.291000366210938	1.3389999866485596	24.325000762939453	28.291000366210938	G	G
19	19	-0.9210000038146973	21.81599998474121	26.575000762939453	-0.8169999718666077	21.57699966430664	25.066999435424805	D	A
20	20	-1.6039999723434448	18.777000427246094	28.809999465942383	-2.809999942779541	18.746000289916992	29.742000579833984	P	N
21	21	-1.7410000562667847	16.61199951171875	25.674999237060547	-3.002000093460083	16.57699966430664	24.80900001525879	N	P
22	22	1.7200000286102295	17.506000518798828	24.298999786376953	1.784999966621399	18.83300018310547	23.527999877929688	Q	P
23	23	5.308000087738037	17.25	25.509000778198242	5.816999912261963	15.821000099182129	25.575000762939453	L	N
24	24	7.958000183105469	19.87299919128418	24.51099967956543	8.180999755859375	21.29400062561035	25.077999114990234	S	P
25	25	11.534000396728516	18.823999404907227	24.02400016784668	12.49899959564209	19.34600067138672	23.003000259399414	K	B
26	26	12.651000022888184	19.95800018310547	27.542999267578125	12.567999839782715	21.347999572753906	28.101999282836914	E	A
27	27	9.795000076293945	18.10700035095215	29.25	8.293000221252441	18.288000106811523	28.996000289916992	E	A
28	28	10.861000061035156	15.031999588012695	27.23900032043457	10.833000183105469	14.916000366210938	25.71500015258789	L	N
29	29	14.475000381469727	15.472999572753906	28.381000518798828	15.39799976348877	16.652999877929688	28.158000946044922	K	B
30	30	13.454000473022461	15.54699993133545	32.117000579833984	12.579000473022461	16.59600067138672	32.816001892089844	L	N
31	31	11.121000289916992	12.58899974822998	31.551000595092773	9.989999771118164	12.560999870300293	30.507999420166016	L	N
32	32	13.96399974822998	10.446000099182129	29.961999893188477	14.70199966430664	10.706999778747559	28.658000946044922	L	N
33	33	16.490999221801758	11.482000350952148	32.52399826049805	16.790000915527344	12.949999809265137	32.869998931884766	Q	P
34	34	14.354999542236328	10.3149995803833	35.40299987792969	13.604999542236328	11.244999885559082	36.40599822998047	T	P
35	35	12.255000114440918	7.547999858856201	33.834999084472656	10.885000228881836	7.810999870300293	33.185001373291016	E	A
36	36	14.508999824523926	5.9730000495910645	31.204999923706055	13.883000373840332	5.934000015258789	29.797000885009766	F	N
37	37	18.00200080871582	7.197000026702881	32.152000427246094	18.454999923706055	7.070000171661377	33.63100051879883	P	N
38	38	19.566999435424805	4.400000095367432	30.04400062561035	19.259000778198242	2.9130001068115234	30.19700050354004	S	P
39	39	17.947999954223633	5.841000080108643	26.910999298095703	16.447999954223633	5.89900016784668	26.618000030517578	L	N
40	40	19.940000534057617	9.041999816894531	27.283000946044922	19.579999923706055	10.088000297546387	28.340999603271484	L	N
41	41	23.322999954223633	7.243000030517578	26.89699935913086	23.604999542236328	5.89300012588501	27.594999313354492	K	B
42	42	26.070999145507812	7.425000190734863	24.260000228881836	26.070999145507812	7.425000190734863	24.260000228881836	G	G
43	43	25.62700080871582	9.380999565124512	21.01300048828125	26.400999069213867	8.96399974822998	19.76099967956543	P	N
44	44	21.986000061035156	10.517000198364258	20.85300064086914	21.38800048828125	11.470000267028809	21.900999069213867	S	P
45	45	19.400999069213867	10.413000106811523	18.179000854492188	19.059999465942383	9.07800006866455	17.606000900268555	T	P
46	46	16.905000686645508	12.395000457763672	20.31599998474121	17.072999954223633	12.894000053405762	21.801000595092773	L	N
47	47	16.98699951171875	15.54699993133545	18.207000732421875	18.0939998626709	16.590999603271484	18.16699981689453	D	A
48	48	16.75200080871582	13.675999641418457	14.901000022888184	17.80900001525879	12.711999893188477	14.321999549865723	E	A
49	49	13.763999938964844	11.583000183105469	16.05299949645996	13.729000091552734	10.574000358581543	17.16900062561035	L	N
50	50	12.163999557495117	14.642000198364258	17.67099952697754	12.776000022888184	15.524999618530273	18.77400016784668	F	N
51	51	12.458999633789062	16.732999801635742	14.451000213623047	13.812000274658203	17.18199920654297	13.784000396728516	E	A
52	52	11.003000259399414	13.927000045776367	12.321999549865723	11.668999671936035	12.567999839782715	12.11400032043457	E	A
53	53	8.052000045776367	13.211000442504883	14.645000457763672	8.243000030517578	12.38700008392334	15.939000129699707	L	N
54	54	6.932000160217285	16.775999069213867	15.428999900817871	7.84499979019165	17.82200050354004	16.038999557495117	D	A
55	55	5.184000015258789	16.899999618530273	12.071999549865723	4.107999801635742	15.947999954223633	11.574000358581543	K	B
56	56	3.4040000438690186	20.235000610351562	12.611000061035156	2.1029999256134033	20.41900062561035	13.371000289916992	N	P
57	57	6.7179999351501465	21.79800033569336	13.708000183105469	6.7179999351501465	21.79800033569336	13.708000183105469	G	G
58	58	5.427999973297119	23.298999786376953	16.93899917602539	3.938999891281128	23.261999130249023	17.267000198364258	D	A
59	59	8.21399974822998	22.065000534057617	19.222999572753906	8.21399974822998	22.065000534057617	19.222999572753906	G	G
60	60	5.890999794006348	19.4950008392334	20.76300048828125	4.739999771118164	20.159000396728516	21.499000549316406	E	A
61	61	4.913000106811523	15.831999778747559	20.250999450683594	6.014999866485596	14.805999755859375	20.216999053955078	V	N
62	62	1.6399999856948853	13.972999572753906	20.972999572753906	0.6320000290870667	13.63599967956543	19.89699935913086	S	P
63	63	1.3680000305175781	10.746000289916992	23.030000686645508	0.13099999725818634	10.22599983215332	23.802000045776367	F	N
64	64	1.5839999914169312	8.465999603271484	19.94700050354004	0.5400000214576721	8.342000007629395	18.836999893188477	E	A
65	65	4.701000213623047	10.392999649047852	18.722000122070312	4.684000015258789	11.878000259399414	18.349000930786133	E	A
66	66	6.289000034332275	9.909000396728516	22.136999130249023	5.635000228881836	10.454999923706055	23.42099952697754	F	N
67	67	5.560999870300293	6.1620001792907715	22.006999969482422	4.264999866485596	5.440000057220459	21.677000045776367	Q	P
68	68	7.252999782562256	5.882999897003174	18.64299964904785	6.843999862670898	6.570000171661377	17.253000259399414	V	N
69	69	10.187999725341797	7.98799991607666	19.952999114990234	10.104999542236328	9.45199966430664	20.479000091552734	L	N
70	70	10.809000015258789	5.677000045776367	22.996999740600586	9.819000244140625	5.4029998779296875	24.183000564575195	V	N
71	71	10.553000450134277	2.6070001125335693	20.756999969482422	9.390999794006348	2.36299991607666	19.788000106811523	K	B
72	72	12.998000144958496	3.8289999961853027	18.14299964904785	12.631999969482422	4.818999767303467	17.04199981689453	K	B
73	73	15.527000427246094	5.465000152587891	20.398000717163086	15.324000358581543	6.763999938964844	21.256999969482422	I	N
74	74	15.795000076293945	2.0250000953674316	22.121000289916992	14.602999687194824	1.2239999771118164	22.584999084472656	S	P
75	75	17.14699935913086	0.10499999672174454	19.187999725341797	16.07200050354004	-0.6909999847412109	18.469999313354492	Q	P
76	76	7.875999927520752	-0.8130000233650208	28.503999710083008	7.875999927520752	-0.8130000233650208	28.503999710083008	X	X
77	77	18.23900032043457	0.531000018119812	18.194000244140625	18.23900032043457	0.531000018119812	18.194000244140625	Z	Z
