Nr	Nidx	CaX	CaY	CaZ	PosX	PosY	PosZ	Let	Type
7	1	2.305000066757202	-1.003000020980835	-7.909999847412109	2.6730000972747803	-0.05299999937415123	-6.769999980926514	L	N
8	2	2.9820001125335693	-4.451000213623047	-6.480999946594238	3.0239999294281006	-5.586999893188477	-7.5229997634887695	H	B
9	3	4.146999835968018	-5.809000015258789	-3.13100004196167	3.1619999408721924	-6.025000095367432	-2.002000093460083	K	B
10	4	7.2270002365112305	-8.095000267028809	-2.996999979019165	8.430000305175781	-7.645999908447266	-3.8329999446868896	E	A
11	5	8.526000022888184	-10.267999649047852	-0.17399999499320984	8.510000228881836	-11.798999786376953	-0.2809999883174896	P	N
12	6	11.432000160217285	-9.331000328063965	2.125999927520752	11.725000381469727	-7.843999862670898	1.9880000352859497	A	N
13	7	12.704999923706055	-10.17300033569336	5.5960001945495605	13.413000106811523	-11.538999557495117	5.686999797821045	T	P
14	8	13.935999870300293	-7.892000198364258	8.402999877929688	13.215999603271484	-7.585000038146973	9.72599983215332	L	N
15	9	17.73699951171875	-7.894999980926514	9.012999534606934	18.819000244140625	-7.53000020980835	7.966000080108643	I	N
16	10	17.89699935913086	-4.870999813079834	11.319999694824219	19.389999389648438	-4.541999816894531	11.406999588012695	K	B
17	11	15.909000396728516	-1.7760000228881836	12.295999526977539	15.112000465393066	-1.6440000534057617	13.644000053405762	A	N
18	12	18.082000732421875	1.3259999752044678	11.64900016784668	18.684999465942383	1.6160000562667847	10.236000061035156	I	N
19	13	16.19099998474121	4.584000110626221	12.255000114440918	17.128999710083008	5.811999797821045	12.159000396728516	D	A
20	14	12.795999526977539	6.245999813079834	11.633999824523926	12.795999526977539	6.245999813079834	11.633999824523926	G	G
21	15	12.994000434875488	6.035999774932861	7.8470001220703125	12.770000457763672	7.419000148773193	7.239999771118164	D	A
22	16	15.741999626159668	3.4619998931884766	6.979000091552734	17.19499969482422	4.0269999504089355	6.822999954223633	T	P
23	17	15.699999809265137	-0.27000001072883606	7.651000022888184	14.265999794006348	-0.7260000109672546	7.8420000076293945	V	N
24	18	17.92300033569336	-3.13100004196167	6.586999893188477	19.222999572753906	-3.424999952316284	7.361999988555908	K	B
25	19	16.00200080871582	-5.88100004196167	4.769000053405762	14.720000267028809	-5.479000091552734	4.007999897003174	L	N
26	20	16.878999710083008	-9.010000228881836	2.816999912261963	17.045000076293945	-10.45199966430664	3.312000036239624	M	N
27	21	15.36400032043457	-8.517000198364258	-0.6320000290870667	15.081999778747559	-7.048999786376953	-1.0290000438690186	Y	P
28	22	15.62399959564209	-11.128999710083008	-3.427999973297119	15.78600025177002	-10.484999656677246	-4.822000026702881	K	B
29	23	18.187000274658203	-12.767999649047852	-1.1260000467300415	18.187000274658203	-12.767999649047852	-1.1260000467300415	G	G
30	24	20.5	-9.720000267028809	-0.7979999780654907	20.9060001373291	-8.940999984741211	-2.078000068664551	Q	P
31	25	20.993999481201172	-7.455999851226807	2.2200000286102295	22.218000411987305	-7.625	3.121999979019165	P	N
32	26	19.98200035095215	-3.9119999408721924	1.3450000286102295	18.988000869750977	-4.033999919891357	0.19900000095367432	M	N
33	27	19.284000396728516	-0.7129999995231628	3.265000104904175	20.312000274658203	0.34299999475479126	3.628999948501587	T	P
34	28	15.876999855041504	0.7149999737739563	2.3499999046325684	14.630999565124512	-0.1420000046491623	2.437999963760376	F	N
35	29	14.996000289916992	4.414999961853027	2.513000011444092	15.845999717712402	5.4770002365112305	1.7790000438690186	R	B
36	30	11.3149995803833	4.993000030517578	2.9140000343322754	10.607999801635742	5.181000232696533	4.2769999504089355	L	N
37	31	9.699999809265137	6.824999809265137	0.050999999046325684	8.961000442504883	6.181000232696533	-1.1269999742507935	L	N
38	32	7.9720001220703125	10.170999526977539	0.460999995470047	6.552999973297119	9.765999794006348	-0.035999998450279236	L	N
39	33	8.758000373840332	10.76099967956543	4.177999973297119	8.284000396728516	9.60200023651123	5.103000164031982	V	N
40	34	11.378000259399414	12.300999641418457	6.461999893188477	11.824000358581543	13.687000274658203	6.014999866485596	D	A
41	35	11.824999809265137	11.366000175476074	10.0649995803833	11.95199966430664	9.902999877929688	10.571999549865723	T	P
42	36	14.045999526977539	13.468000411987305	12.373000144958496	13.548999786376953	13.812999725341797	13.779999732971191	P	N
43	37	17.530000686645508	12.12600040435791	12.765999794006348	18.847999572753906	12.789999961853027	12.359000205993652	E	A
50	38	18.038000106811523	10.227999687194824	16.038999557495117	18.8439998626709	8.935999870300293	16.22599983215332	F	N
51	39	19.982999801635742	13.246000289916992	17.452999114990234	21.413000106811523	13.637999534606934	17.049999237060547	N	P
52	40	17.020000457763672	15.59000015258789	16.733999252319336	16.61199951171875	15.970999717712402	15.305000305175781	E	A
53	41	13.715999603271484	15.970999717712402	18.636999130249023	13.081000328063965	17.320999145507812	18.964000701904297	K	B
54	42	11.265000343322754	13.067999839782715	17.927000045776367	10.039999961853027	13.618000030517578	17.15999984741211	Y	P
55	43	14.189000129699707	11.159000396728516	16.31100082397461	14.189000129699707	11.159000396728516	16.31100082397461	G	G
56	44	14.288000106811523	8.614999771118164	19.145000457763672	14.515999794006348	9.09000015258789	20.599000930786133	P	N
57	45	10.461000442504883	8.322999954223633	18.92099952697754	9.456999778747559	9.46399974822998	19.173999786376953	E	A
58	46	10.531999588012695	7.763000011444092	15.163000106811523	11.001999855041504	8.809000015258789	14.152999877929688	A	N
59	47	13.269000053405762	5.089000225067139	15.428000450134277	14.696000099182129	5.232999801635742	15.991000175476074	S	P
60	48	11.303999900817871	3.312999963760376	18.190000534057617	10.95199966430664	3.9170000553131104	19.579999923706055	A	N
61	49	8.097000122070312	3.434999942779541	16.19099998474121	7.434999942779541	4.72599983215332	15.718999862670898	F	N
62	50	9.557000160217285	1.9809999465942383	12.956000328063965	10.531000137329102	2.7309999465942383	12.060999870300293	T	P
63	51	11.63700008392334	-0.5370000004768372	15.00100040435791	12.531999588012695	-0.1899999976158142	16.21299934387207	K	B
64	52	8.541999816894531	-1.9359999895095825	16.76099967956543	7.6479997634887695	-1.2070000171661377	17.76300048828125	K	B
65	53	6.577000141143799	-2.0490000247955322	13.529000282287598	6.238999843597412	-0.8009999990463257	12.696999549865723	M	N
66	54	9.16100025177002	-3.984999895095825	11.496999740600586	10.381999969482422	-3.447999954223633	10.697999954223633	V	N
67	55	10.345000267028809	-6.151000022888184	14.430000305175781	11.12399959564209	-5.664000034332275	15.668000221252441	E	A
68	56	6.803999900817871	-7.125999927520752	15.425000190734863	5.828999996185303	-6.269000053405762	16.225000381469727	N	P
69	57	5.738999843597412	-7.949999809265137	11.821000099182129	6.065999984741211	-7.14300012588501	10.57699966430664	A	N
70	58	5.36899995803833	-11.564000129699707	10.786999702453613	4.316999912261963	-12.607999801635742	11.187999725341797	K	B
71	59	5.420000076293945	-10.425999641418457	7.116000175476074	4.140999794006348	-10.82699966430664	6.388999938964844	K	B
72	60	7.478000164031982	-7.501999855041504	5.572000026702881	9.008999824523926	-7.243000030517578	5.89300012588501	I	N
73	61	6.818999767303467	-6.432000160217285	2.0179998874664307	5.34499979019165	-6.5370001792907715	1.6230000257492065	E	A
74	62	8.581000328063965	-4.020999908447266	-0.28200000524520874	10.001999855041504	-4.4120001792907715	-0.7300000190734863	V	N
75	63	6.633999824523926	-2.002000093460083	-2.890000104904175	5.236000061035156	-1.562999963760376	-2.443000078201294	E	A
76	64	8.675000190734863	-0.03400000184774399	-5.395999908447266	9.642000198364258	-0.6480000019073486	-6.418000221252441	F	N
77	65	7.178999900817871	2.938999891281128	-7.21999979019165	7.290999889373779	4.375999927520752	-6.676000118255615	D	A
78	66	7.394000053405762	3.7100000381469727	-10.98799991607666	6.216000080108643	4.421000003814697	-11.659000396728516	K	B
79	67	10.730999946594238	5.60699987411499	-11.02400016784668	10.730999946594238	5.60699987411499	-11.02400016784668	G	G
80	68	14.208999633789062	4.85099983215332	-9.699000358581543	15.373000144958496	5.869999885559082	-9.59000015258789	Q	P
81	69	14.47700023651123	1.9780000448226929	-7.168000221252441	14.331999778747559	0.5210000276565552	-7.622000217437744	R	B
82	70	17.812999725341797	3.0280001163482666	-5.683000087738037	19.058000564575195	2.2190001010894775	-6.091000080108643	T	P
83	71	18.979000091552734	6.421999931335449	-4.576000213623047	18.573999404907227	7.111000061035156	-3.2669999599456787	D	A
84	72	22.479000091552734	7.927999973297119	-5.047999858856201	22.722000122070312	9.4350004196167	-5.1479997634887695	K	B
85	73	23.658000946044922	6.28000020980835	-1.784999966621399	23.264999389648438	6.769999980926514	-0.38600000739097595	Y	P
86	74	22.690000534057617	2.765000104904175	-3.0209999084472656	22.690000534057617	2.765000104904175	-3.0209999084472656	G	G
87	75	19.64299964904785	2.640000104904175	-0.7250000238418579	19.280000686645508	3.680999994277954	0.3449999988079071	R	B
88	76	16.48699951171875	1.0219999551773071	-2.0250000953674316	16.48699951171875	1.0219999551773071	-2.0250000953674316	G	G
89	77	13.543000221252441	3.365999937057495	-2.3910000324249268	13.659000396728516	4.552000045776367	-3.3389999866485596	L	N
90	78	10.234000205993652	1.8040000200271606	-1.5240000486373901	10.508000373840332	0.25600001215934753	-1.437000036239624	A	N
91	79	7.0370001792907715	1.7450000047683716	0.42800000309944153	5.630000114440918	1.9019999504089355	-0.1469999998807907	Y	P
92	80	7.526000022888184	-0.7730000019073486	3.2100000381469727	8.793000221252441	-0.6579999923706055	4.127999782562256	I	N
93	81	4.61299991607666	-2.7780001163482666	4.671999931335449	3.6440000534057617	-3.4130001068115234	3.700000047683716	Y	P
94	82	4.390999794006348	-4.672999858856201	7.984000205993652	4.908999919891357	-3.9049999713897705	9.189000129699707	A	N
95	83	1.5460000038146973	-7.201000213623047	8.069000244140625	1.2680000066757202	-7.552999973297119	9.532999992370605	D	A
96	84	-0.20999999344348907	-5.192999839782715	5.425000190734863	-0.20999999344348907	-5.192999839782715	5.425000190734863	G	G
97	85	0.1340000033378601	-1.7710000276565552	7.09499979019165	0.03099999949336052	-1.6030000448226929	8.597000122070312	K	B
98	86	2.3610000610351562	0.7789999842643738	5.289999961853027	1.8960000276565552	1.7289999723434448	4.202000141143799	M	N
99	87	5.166999816894531	1.9600000381469727	7.5879998207092285	6.5879998207092285	1.3930000066757202	7.660999774932861	V	N
100	88	5.5320000648498535	5.171999931335449	5.519000053405762	5.699999809265137	5.3379998207092285	3.9839999675750732	N	P
101	89	1.8580000400543213	6.129000186920166	6.02400016784668	0.6669999957084656	5.4120001792907715	5.368000030517578	E	A
102	90	1.9140000343322754	5.0279998779296875	9.666000366210938	2.2850000858306885	3.638000011444092	10.210000038146973	A	N
103	91	4.840000152587891	7.3420000076293945	10.604999542236328	6.243000030517578	7.335999965667725	10.005999565124512	L	N
104	92	3.13700008392334	10.32699966430664	8.895999908447266	2.8259999752044678	10.458000183105469	7.361000061035156	V	N
105	93	-0.25	9.609000205993652	10.5649995803833	-1.0269999504089355	8.310999870300293	10.461999893188477	R	B
106	94	1.4570000171661377	9.62399959564209	13.960000038146973	2.24399995803833	8.446000099182129	14.597999572753906	Q	P
107	95	3.2669999599456787	12.92300033569336	13.253000259399414	3.2669999599456787	12.92300033569336	13.253000259399414	G	G
108	96	6.60099983215332	11.130999565124512	13.427000045776367	6.716000080108643	9.729000091552734	14.034000396728516	L	N
109	97	7.453000068664551	11.86400032043457	9.748000144958496	7.521999835968018	10.630999565124512	8.788000106811523	A	N
110	98	6.728000164031982	14.753999710083008	7.413000106811523	7.538000106811523	16.058000564575195	7.304999828338623	K	B
111	99	5.754000186920166	14.173999786376953	3.8450000286102295	4.442999839782715	14.531999588012695	3.1989998817443848	V	N
112	100	9.01200008392334	15.022000312805176	2.0399999618530273	10.043000221252441	15.0600004196167	3.2300000190734863	A	N
113	101	11.26200008392334	14.272000312805176	-0.8980000019073486	12.208000183105469	13.173999786376953	-0.31299999356269836	Y	P
114	102	8.342000007629395	14.156000137329102	-3.3299999237060547	6.928999900817871	14.751999855041504	-3.125	V	N
115	103	10.083000183105469	13.51099967956543	-6.635000228881836	11.4350004196167	12.781000137329102	-6.703999996185303	Y	P
116	104	8.317000389099121	13.376999855041504	-10.02299976348877	8.991999626159668	14.0600004196167	-11.24899959564209	K	B
117	105	8.89799976348877	9.694000244140625	-10.881999969482422	8.89799976348877	9.694000244140625	-10.881999969482422	G	G
118	106	8.145999908447266	8.119999885559082	-7.513000011444092	9.413000106811523	7.711999893188477	-6.755000114440918	N	P
119	107	5.001999855041504	9.805000305175781	-6.0920000076293945	4.85099983215332	11.258999824523926	-6.613999843597412	N	P
120	108	2.183000087738037	7.243000030517578	-6.230999946594238	2.260999917984009	5.751999855041504	-6.479000091552734	T	P
121	109	1.1109999418258667	7.4019999504089355	-2.5859999656677246	1.5140000581741333	6.314000129699707	-1.5679999589920044	H	B
122	110	1.6610000133514404	11.15999984741211	-2.242000102996826	2.062000036239624	12.151000022888184	-3.3550000190734863	E	A
123	111	-1.996000051498413	12.109999656677246	-1.6920000314712524	-3.0989999771118164	12.369999885559082	-2.747999906539917	Q	P
124	112	-2.499000072479248	9.206000328063965	0.7319999933242798	-2.1649999618530273	7.748000144958496	0.40700000524520874	L	N
125	113	0.38499999046325684	10.395000457763672	2.865999937057495	1.902999997138977	10.237000465393066	2.5739998817443848	L	N
126	114	-0.6299999952316284	14.083999633789062	2.743000030517578	-0.6740000247955322	15.055999755859375	1.5509999990463257	R	B
127	115	-4.091000080108643	13.031000137329102	4.008999824523926	-5.005000114440918	11.991000175476074	3.3570001125335693	K	B
128	116	-2.4240000247955322	11.276000022888184	6.910999774932861	-1.4839999675750732	10.079000473022461	6.831999778747559	A	N
129	117	-0.23899999260902405	14.336999893188477	7.561999797821045	0.7820000052452087	14.979000091552734	6.6529998779296875	E	A
130	118	-3.306999921798706	16.618999481201172	7.551000118255615	-4.317999839782715	16.798999786376953	6.473999977111816	A	N
131	119	-4.881999969482422	14.404999732971191	10.23900032043457	-5.501999855041504	13.017000198364258	10.01099967956543	Q	P
132	120	-1.7139999866485596	14.244999885559082	12.416999816894531	-0.3059999942779541	13.666000366210938	11.963000297546387	A	N
133	121	-1.399999976158142	18.017000198364258	12.07800006866455	-1.13100004196167	18.767000198364258	10.760000228881836	K	B
134	122	-5.142000198364258	18.47599983215332	12.822999954223633	-6.25600004196167	17.697999954223633	12.109000205993652	K	B
135	123	-4.559999942779541	16.398000717163086	15.97599983215332	-4.548999786376953	14.868000030517578	15.958999633789062	E	A
136	124	-1.2899999618530273	18.214000701904297	16.992000579833984	-1.593999981880188	19.214000701904297	18.128999710083008	K	B
137	125	0.6259999871253967	14.920999526977539	17.128999710083008	0.23600000143051147	13.6899995803833	16.308000564575195	L	N
138	126	4.289000034332275	14.727999687194824	18.010000228881836	4.642000198364258	13.345999717712402	17.454999923706055	N	P
139	127	6.164000034332275	16.867000579833984	15.435999870300293	6.599999904632568	16.51099967956543	13.977999687194824	I	N
140	128	3.000999927520752	18.985000610351562	15.116000175476074	1.8559999465942383	18.52400016784668	14.220000267028809	T	N
141	129	2.6080000400543213	19.426000595092773	18.89900016784668	2.8289999961853027	18.29199981689453	19.875	S	P
130	130	1.0770000219345093	-0.5059999823570251	-8.637999534606934	1.0770000219345093	-0.5059999823570251	-8.637999534606934	X	X
131	131	3.2709999084472656	20.697999954223633	19.457000732421875	3.2709999084472656	20.697999954223633	19.457000732421875	Z	Z
