Nr	Nidx	CaX	CaY	CaZ	PosX	PosY	PosZ	Let	Type
1	1	36.814998626708984	-23.301000595092773	8.918999671936035	37.090999603271484	-22.964000701904297	7.447999954223633	M	N
2	2	34.55099868774414	-20.908000946044922	10.776000022888184	34.15399932861328	-21.466999053955078	12.17199993133545	N	P
3	3	34.20100021362305	-17.082000732421875	11.086000442504883	32.89099884033203	-16.33300018310547	11.477999687194824	I	N
4	4	36.65800094604492	-17.035999298095703	14.031999588012695	36.57600021362305	-17.708999633789062	15.416000366210938	F	N
5	5	39.43199920654297	-18.8700008392334	12.239999771118164	39.400001525878906	-20.26799964904785	11.715999603271484	E	A
6	6	38.66899871826172	-16.937999725341797	9.118000030517578	37.34299850463867	-16.590999603271484	8.47700023651123	M	N
7	7	39.07699966430664	-13.663000106811523	10.92199993133545	38.108001708984375	-12.934000015258789	11.842000007629395	L	N
8	8	42.112998962402344	-14.795000076293945	12.795000076293945	42.202999114990234	-15.932999610900879	13.767999649047852	R	B
9	9	43.775001525878906	-15.470000267028809	9.373000144958496	43.3380012512207	-16.545000076293945	8.361000061035156	I	N
10	10	42.7869987487793	-12.072999954223633	8.01200008392334	41.356998443603516	-11.729000091552734	7.578000068664551	D	A
11	11	43.696998596191406	-9.899999618530273	11.010000228881836	42.641998291015625	-9.746000289916992	12.092000007629395	E	A
12	12	46.55500030517578	-11.675000190734863	12.729000091552734	46.55500030517578	-11.675000190734863	12.729000091552734	G	G
13	13	47.19900131225586	-11.50100040435791	16.41900062561035	47.26300048828125	-12.831000328063965	17.16699981689453	L	N
14	14	49.27199935913086	-8.751999855041504	18.038000106811523	49.474998474121094	-7.5370001792907715	17.145000457763672	R	B
15	15	49.78799819946289	-8.460000038146973	21.781999588012695	50.457000732421875	-9.538000106811523	22.610000610351562	L	N
16	16	51.236000061035156	-5.0	21.634000778198242	52.77399826049805	-5.021999835968018	21.547000885009766	K	B
17	17	49.474998474121094	-1.781000018119812	20.393999099731445	49.35900115966797	-0.35899999737739563	20.920000076293945	I	N
18	18	50.132999420166016	-1.4600000381469727	16.759000778198242	50.470001220703125	-2.865999937057495	16.172000885009766	Y	P
19	19	49.02899932861328	0.5600000023841858	13.77400016784668	49.71699905395508	1.7029999494552612	13.100000381469727	K	B
20	20	46.689998626708984	-0.9929999709129333	11.354999542236328	45.20199966430664	-1.0379999876022339	11.689000129699707	D	A
21	21	46.87799835205078	-0.7390000224113464	7.551000118255615	46.1349983215332	-1.6180000305175781	6.482999801635742	T	P
22	22	45.17399978637695	2.7070000171661377	7.77400016784668	43.70600128173828	2.8320000171661377	8.145999908447266	E	A
23	23	47.52199935913086	3.937000036239624	10.451000213623047	47.52199935913086	3.937000036239624	10.451000213623047	G	G
24	24	45.176998138427734	3.4860000610351562	13.432999610900879	43.685001373291016	3.3399999141693115	13.347999572753906	Y	P
25	25	45.95899963378906	2.1510000228881836	16.875	46.016998291015625	3.132999897003174	18.051000595092773	Y	P
26	26	44.893001556396484	-1.534999966621399	17.141000747680664	44.821998596191406	-2.128000020980835	15.661999702453613	T	P
27	27	45.643001556396484	-4.4670000076293945	19.413000106811523	45.76100158691406	-4.03000020980835	20.878999710083008	I	N
28	28	44.84700012207031	-8.223999977111816	19.500999450683594	44.84700012207031	-8.223999977111816	19.500999450683594	G	G
29	29	42.840999603271484	-9.527999877929688	16.62700080871582	42.15299987792969	-10.909000396728516	16.708999633789062	I	N
30	30	42.007999420166016	-6.389999866485596	14.619999885559082	42.007999420166016	-6.389999866485596	14.619999885559082	G	G
31	31	40.435001373291016	-4.564000129699707	17.538999557495117	40.52299880981445	-4.982999801635742	19.01799964904785	H	B
32	32	40.499000549316406	-0.8619999885559082	16.55500030517578	39.62799835205078	-0.17800000309944153	15.505999565124512	L	N
33	33	41.2859992980957	1.2079999446868896	19.60700035095215	42.577999114990234	1.1319999694824219	20.408000946044922	L	N
34	34	41.09299850463867	4.76800012588501	18.315000534057617	41.70000076293945	5.739999771118164	19.413999557495117	T	P
35	35	41.323001861572266	6.763000011444092	15.12399959564209	40.22700119018555	7.201000213623047	14.22700023651123	K	B
36	36	43.15700149536133	9.383000373840332	17.222999572753906	42.83599853515625	9.855999946594238	18.6299991607666	S	P
37	37	46.720001220703125	10.069000244140625	16.548999786376953	47.14500045776367	11.116999626159668	15.553999900817871	P	N
38	38	47.60300064086914	9.88599967956543	20.155000686645508	47.124000549316406	10.883999824523926	21.202999114990234	S	P
39	39	49.2599983215332	6.760000228881836	21.525999069213867	50.72200012207031	6.302999973297119	21.34000015258789	L	N
40	40	48.19599914550781	8.043999671936035	24.844999313354492	48.59400177001953	9.34000015258789	25.545000076293945	N	P
41	41	44.64799880981445	8.236000061035156	23.680999755859375	44.053001403808594	9.006999969482422	22.516000747680664	A	N
42	42	45.2140007019043	4.620999813079834	22.492000579833984	46.301998138427734	4.173999786376953	21.48900032043457	A	N
43	43	46.52399826049805	3.2739999294281006	25.801000595092773	47.78799819946289	3.571000099182129	26.54400062561035	K	B
44	44	43.67900085449219	4.886000156402588	27.59000015258789	43.547000885009766	6.4019999504089355	27.562000274658203	S	P
45	45	41.04800033569336	3.2639999389648438	25.341999053955078	41.055999755859375	3.496999979019165	23.819000244140625	E	A
46	46	42.965999603271484	0.050999999046325684	25.795000076293945	44.415000915527344	-0.25	25.393999099731445	L	N
47	47	42.87699890136719	0.13699999451637268	29.6200008392334	43.582000732421875	1.2039999961853027	30.47599983215332	D	A
48	48	39.17399978637695	1.031999945640564	29.53499984741211	38.659000396728516	2.2339999675750732	28.726999282836914	K	B
49	49	38.54999923706055	-1.9769999980926514	27.288000106811523	38.92599868774414	-2.0209999084472656	25.805999755859375	A	N
50	50	40.53900146484375	-4.498000144958496	29.389999389648438	42.066001892089844	-4.538000106811523	29.195999145507812	I	N
51	51	39.66699981689453	-3.180999994277954	32.83399963378906	39.66699981689453	-3.180999994277954	32.83399963378906	G	G
52	52	43.2859992980957	-2.859999895095825	34.090999603271484	43.930999755859375	-4.218999862670898	34.28099822998047	R	B
53	53	46.479000091552734	-0.8230000138282776	33.65700149536133	47.44599914550781	-0.37400001287460327	34.71799850463867	N	P
54	54	47.847999572753906	-2.368000030517578	30.636999130249023	47.08700180053711	-2.7279999256134033	29.347999572753906	T	P
55	55	50.64699935913086	-0.19599999487400055	29.701000213623047	51.742000579833984	-0.7099999785423279	30.666000366210938	N	P
56	56	50.06999969482422	-1.0149999856948853	25.957000732421875	50.06999969482422	-1.0149999856948853	25.957000732421875	G	G
57	57	50.32699966430664	-4.743000030517578	26.27899932861328	51.637001037597656	-5.191999912261963	26.8439998626709	V	N
58	58	47.78900146484375	-7.519000053405762	26.71500015258789	46.40999984741211	-7.25	26.077999114990234	I	N
59	59	47.79600143432617	-11.350000381469727	27.16900062561035	47.49800109863281	-12.038000106811523	28.559999465942383	T	P
60	60	46.49100112915039	-13.902999877929688	24.586000442504883	46.959999084472656	-15.338000297546387	24.37700080871582	K	B
61	61	43.46699905395508	-14.461999893188477	26.731000900268555	43.64899826049805	-14.842000007629395	28.20400047302246	D	A
62	62	42.5989990234375	-10.725000381469727	26.808000564575195	43.50400161743164	-9.630000114440918	27.36199951171875	E	A
63	63	42.98400115966797	-10.581000328063965	23.086999893188477	44.20899963378906	-10.97700023651123	22.2810001373291	A	N
64	64	40.66400146484375	-13.473999977111816	22.617000579833984	40.930999755859375	-14.927000045776367	22.89900016784668	E	A
65	65	38.14899826049805	-11.906999588012695	24.95800018310547	38.314998626708984	-11.440999984741211	26.360000610351562	K	B
66	66	38.117000579833984	-8.741999626159668	22.864999771118164	39.316001892089844	-7.828999996185303	22.481000900268555	L	N
67	67	37.79100036621094	-10.923999786376953	19.750999450683594	38.82400131225586	-11.986000061035156	19.351999282836914	F	N
68	68	34.79800033569336	-12.819000244140625	21.14699935913086	34.75899887084961	-13.621999740600586	22.47599983215332	N	P
69	69	33.09299850463867	-9.480999946594238	21.833999633789062	33.64899826049805	-8.359000205993652	22.71500015258789	Q	P
70	70	33.77799987792969	-8.0600004196167	18.47800064086914	35.13199996948242	-7.5929999351501465	17.89900016784668	D	A
71	71	32.46099853515625	-11.031999588012695	16.481000900268555	33.040000915527344	-12.505999565124512	16.451000213623047	V	N
72	72	29.351999282836914	-11.017000198364258	18.604999542236328	29.34600067138672	-11.307000160217285	20.13800048828125	D	A
73	73	28.878999710083008	-7.255000114440918	18.18000030517578	29.86400032043457	-6.170000076293945	18.608999252319336	A	N
74	74	29.39299964904785	-7.577000141143799	14.364999771118164	30.562000274658203	-8.253000259399414	13.630000114440918	A	N
75	75	26.72800064086914	-10.340999603271484	14.097999572753906	26.722999572753906	-11.770000457763672	14.685999870300293	V	N
76	76	24.165000915527344	-8.36299991607666	16.257999420166016	24.277000427246094	-8.194000244140625	17.773000717163086	R	B
77	77	25.038999557495117	-5.317999839782715	14.305000305175781	25.038999557495117	-5.317999839782715	14.305000305175781	G	G
78	78	23.9950008392334	-7.126999855041504	11.088000297546387	24.601999282836914	-8.430999755859375	10.501999855041504	I	N
79	79	20.867000579833984	-8.425999641418457	12.625	20.719999313354492	-9.595999717712402	13.607000350952148	L	N
80	80	19.80699920654297	-4.835999965667725	13.71399974822998	20.547000885009766	-4.078999996185303	14.78499984741211	R	B
81	81	20.562999725341797	-3.1679999828338623	10.508999824523926	21.983999252319336	-3.2160000801086426	9.949999809265137	N	P
82	82	17.64900016784668	-2.9079999923706055	8.149999618530273	16.59600067138672	-1.8339999914169312	8.201000213623047	A	N
83	83	19.832000732421875	-3.0250000953674316	5.068999767303467	20.839000701904297	-1.9479999542236328	4.677000045776367	K	B
84	84	21.98900032043457	-5.877999782562256	6.190999984741211	23.132999420166016	-5.64300012588501	7.197999954223633	L	N
85	85	19.56800079345703	-8.192000389099121	7.90500020980835	18.594999313354492	-7.824999809265137	9.022000312805176	K	B
86	86	17.72599983215332	-9.282999992370605	4.802999973297119	17.027000427246094	-8.277000427246094	3.880000114440918	P	N
87	87	20.934999465942383	-9.91100025177002	2.9179999828338623	22.077999114990234	-8.934000015258789	2.624000072479248	V	N
88	88	22.25	-12.005999565124512	5.747000217437744	22.422000885009766	-11.39900016784668	7.132999897003174	Y	P
89	89	18.9689998626709	-13.998000144958496	5.98799991607666	17.57900047302246	-13.402999877929688	6.2829999923706055	D	A
90	90	19.113000869750977	-14.732999801635742	2.3459999561309814	18.968000411987305	-13.760000228881836	1.1720000505447388	S	P
91	91	22.655000686645508	-16.163999557495117	2.4059998989105225	23.915000915527344	-15.312999725341797	2.7980000972747803	L	N
92	92	24.06399917602539	-19.674999237060547	3.002000093460083	24.618000030517578	-20.586999893188477	1.9630000591278076	D	A
93	93	26.389999389648438	-20.320999145507812	5.952000141143799	26.43600082397461	-21.46500015258789	6.931000232696533	A	N
94	94	29.677000045776367	-19.655000686645508	4.125	30.329999923706055	-20.56999969482422	3.069000005722046	V	N
95	95	28.58799934387207	-16.36199951171875	2.5369999408721924	27.643999099731445	-16.191999435424805	1.371999979019165	R	B
96	96	27.23699951171875	-15.255000114440918	5.943999767303467	26.281999588012695	-15.892999649047852	6.947000026702881	R	B
97	97	30.816999435424805	-15.586000442504883	7.315000057220459	31.642000198364258	-16.8700008392334	7.324999809265137	A	N
98	98	31.899999618530273	-13.357999801635742	4.394999980926514	31.77400016784668	-13.661999702453613	2.9140000343322754	A	N
99	99	29.479000091552734	-10.585000038146973	5.35699987411499	27.92300033569336	-10.718000411987305	5.363999843597412	L	N
100	100	30.47800064086914	-10.814000129699707	8.998000144958496	30.413000106811523	-12.001999855041504	9.968000411987305	I	N
101	101	34.152000427246094	-10.456000328063965	7.85699987411499	34.8650016784668	-11.371999740600586	6.88100004196167	N	P
102	102	33.35100173950195	-7.311999797821045	5.936999797821045	32.367000579833984	-7.166999816894531	4.771999835968018	K	B
103	103	31.405000686645508	-5.758999824523926	8.746999740600586	30.009000778198242	-6.22599983215332	9.182999610900879	V	N
104	104	34.02899932861328	-6.638999938964844	11.340999603271484	34.66999816894531	-8.026000022888184	11.4399995803833	F	N
105	105	36.68299865722656	-4.781000137329102	9.197999954223633	37.07899856567383	-5.298999786376953	7.7789998054504395	Q	P
106	106	34.76300048828125	-1.7979999780654907	8.119999885559082	34.95100021362305	-1.7359999418258667	6.578000068664551	M	N
107	107	31.761999130249023	-1.2970000505447388	10.425000190734863	31.761999130249023	-1.2970000505447388	10.425000190734863	G	G
108	108	27.966999053955078	-1.6319999694824219	9.609999656677246	26.95599937438965	-1.2050000429153442	10.699999809265137	E	A
109	109	27.714000701904297	1.7039999961853027	8.081000328063965	28.190000534057617	2.943000078201294	8.824999809265137	T	P
110	110	30.590999603271484	1.0449999570846558	5.743000030517578	30.590999603271484	1.0449999570846558	5.743000030517578	G	G
111	111	29.18199920654297	-2.2260000705718994	4.348999977111816	29.070999145507812	-3.4700000286102295	5.119999885559082	V	N
112	112	25.691999435424805	-0.8629999756813049	4.263999938964844	24.722999572753906	-0.4410000145435333	5.373000144958496	A	N
113	113	27.20599937438965	1.5490000247955322	1.472000002861023	27.20599937438965	1.5490000247955322	1.472000002861023	G	G
114	114	27.864999771118164	-1.2649999856948853	-0.8510000109672546	28.701000213623047	-2.428999900817871	-0.335999995470047	F	N
115	115	24.285999298095703	-0.8709999918937683	-1.9600000381469727	23.591999053955078	0.4129999876022339	-2.3970000743865967	T	P
116	116	24.659000396728516	-2.371999979019165	-5.421999931335449	25.250999450683594	-1.659000039100647	-6.697999954223633	N	P
117	117	26.792999267578125	-5.328000068664551	-4.250999927520752	28.10300064086914	-5.26800012588501	-3.4619998931884766	S	P
118	118	24.285999298095703	-6.000999927520752	-1.468999981880188	23.812000274658203	-5.098999977111816	-0.29499998688697815	L	N
119	119	21.51099967956543	-6.175000190734863	-4.021999835968018	21.02899932861328	-4.997000217437744	-4.848999977111816	R	B
120	120	23.45599937438965	-8.579999923706055	-6.203000068664551	24.725000381469727	-8.267000198364258	-7.0320000648498535	M	N
121	121	24.270999908447266	-10.859000205993652	-3.3289999961853027	24.993999481201172	-10.480999946594238	-2.0220000743865967	L	N
122	122	20.639999389648438	-10.854999542236328	-2.371000051498413	19.825000762939453	-9.633999824523926	-1.9950000047683716	Q	P
123	123	19.718000411987305	-11.807999610900879	-5.834000110626221	19.590999603271484	-10.883999824523926	-7.0269999504089355	Q	P
124	124	22.371999740600586	-14.61299991607666	-5.883999824523926	21.767000198364258	-16.006999969482422	-5.695000171661377	K	B
125	125	24.266000747680664	-13.064000129699707	-8.725000381469727	23.770000457763672	-11.831000328063965	-9.392000198364258	R	B
126	126	27.604000091552734	-14.310999870300293	-7.577000141143799	27.934999465942383	-15.678999900817871	-6.992000102996826	T	N
127	127	29.937999725341797	-13.37600040435791	-10.406999588012695	29.992000579833984	-14.069999694824219	-11.791000366210938	D	A
128	128	28.43600082397461	-9.960000038146973	-10.901000022888184	27.010000228881836	-9.602999687194824	-11.381999969482422	E	A
129	129	28.59600067138672	-9.163000106811523	-7.322999954223633	27.841999053955078	-9.73799991607666	-6.170000076293945	A	N
130	130	32.347999572753906	-10.232000350952148	-7.178999900817871	32.8650016784668	-11.583000183105469	-7.64900016784668	A	N
131	131	33.095001220703125	-7.8480000495910645	-10.029000282287598	32.58700180053711	-7.934000015258789	-11.45300006866455	V	N
132	132	31.160999298095703	-4.945000171661377	-8.359000205993652	29.655000686645508	-4.918000221252441	-7.946000099182129	N	P
133	133	32.731998443603516	-5.513000011444092	-4.942999839782715	32.82400131225586	-6.888999938964844	-4.199999809265137	L	N
134	134	36.21699905395508	-5.051000118255615	-6.521999835968018	36.81100082397461	-6.060999870300293	-7.48799991607666	A	N
135	135	35.41899871826172	-1.4989999532699585	-7.574999809265137	34.25899887084961	-1.2089999914169312	-8.451000213623047	K	B
136	136	36.02199935913086	-0.14900000393390656	-4.164999961853027	35.33000183105469	-1.1069999933242798	-3.239000082015991	S	P
137	137	38.65999984741211	1.6239999532699585	-2.131999969482422	38.42399978637695	2.809000015258789	-1.1859999895095825	R	B
138	138	38.44300079345703	-1.4639999866485596	0.17000000178813934	37.08300018310547	-2.2009999752044678	0.4519999921321869	T	N
139	139	39.67100143432617	-3.7320001125335693	-2.628999948501587	38.96200180053711	-3.8359999656677246	-3.9489998817443848	Y	P
140	140	42.375	-1.2330000400543213	-3.747999906539917	42.07099914550781	0.12800000607967377	-4.409999847412109	N	P
141	141	43.676998138427734	-0.7480000257492065	-0.2070000022649765	43.029998779296875	0.11299999803304672	0.902999997138977	Q	P
142	142	43.805999755859375	-4.370999813079834	0.9409999847412109	43.18600082397461	-4.635000228881836	2.3329999446868896	T	P
143	143	43.652000427246094	-6.466000080108643	-2.2239999771118164	44.63399887084961	-6.2210001945495605	-3.378000020980835	P	N
144	144	44.78200149536133	-9.895999908447266	-0.8240000009536743	46.17100143432617	-10.147000312805176	-0.20900000631809235	N	P
145	145	42.23699951171875	-9.833000183105469	1.9639999866485596	42.196998596191406	-8.996999740600586	3.2339999675750732	R	B
146	146	39.50299835205078	-8.293999671936035	-0.25600001215934753	39.387001037597656	-6.894000053405762	-0.8669999837875366	A	N
147	147	40.20800018310547	-11.034000396728516	-2.8299999237060547	41.53099822998047	-11.373000144958496	-3.4549999237060547	K	B
148	148	39.821998596191406	-13.715999603271484	-0.21199999749660492	40.59299850463867	-13.991000175476074	1.0839999914169312	R	B
149	149	36.486000061035156	-12.312999725341797	0.9660000205039978	36.29800033569336	-11.050999641418457	1.7890000343322754	V	N
150	150	35.34199905395508	-11.800999641418457	-2.505000114440918	35.915000915527344	-10.878000259399414	-3.5799999237060547	I	N
151	151	36.08300018310547	-15.458999633789062	-3.4110000133514404	37.46099853515625	-16.125999450683594	-3.23799991607666	T	P
152	152	34.1510009765625	-16.51300048828125	-0.421999990940094	34.50199890136719	-16.14900016784668	1.0230000019073486	T	P
153	153	31.132999420166016	-14.574999809265137	-1.7580000162124634	30.92099952697754	-13.029999732971191	-1.9270000457763672	F	N
154	154	31.586999893188477	-15.741999626159668	-5.373000144958496	32.797000885009766	-15.526000022888184	-6.26800012588501	R	B
155	155	31.972000122070312	-19.511999130249023	-4.613999843597412	33.374000549316406	-20.13599967956543	-4.554999828338623	T	P
156	156	30.37299919128418	-20.020000457763672	-1.315999984741211	30.37299919128418	-20.020000457763672	-1.315999984741211	G	G
157	157	33.33100128173828	-22.257999420166016	-0.2849999964237213	34.03200149536133	-23.0310001373291	-1.3799999952316284	T	P
158	158	36.30799865722656	-21.687999725341797	2.0139999389648438	36.5099983215332	-22.44300079345703	3.322000026702881	T	N
159	159	38.7869987487793	-22.312999725341797	-0.8190000057220459	38.49700164794922	-22.34000015258789	-2.2950000762939453	D	A
160	160	40.63999938964844	-18.93600082397461	-0.5329999923706055	39.87200164794922	-17.615999221801758	-0.6729999780654907	A	N
161	161	41.459999084472656	-19.732999801635742	2.992000102996826	40.380001068115234	-19.549999237060547	4.099999904632568	Y	P
162	162	42.44200134277344	-23.381999969482422	2.555999994277954	41.4900016784668	-24.52199935913086	2.2829999923706055	K	B
163	163	45.625999450683594	-22.2549991607666	1.309000015258789	45.3380012512207	-20.847000122070312	0.734000027179718	N	P
164	164	46.5099983215332	-20.173999786376953	4.48199987411499	45.73899841308594	-18.86400032043457	4.488999843597412	L	N
165	165	36.606998443603516	-24.72100067138672	8.967000007629395	36.606998443603516	-24.72100067138672	8.967000007629395	X	X
166	166	46.49599838256836	-20.71500015258789	5.922999858856201	46.49599838256836	-20.71500015258789	5.922999858856201	Z	Z
