Nr	Nidx	CaX	CaY	CaZ	PosX	PosY	PosZ	Let	Type
1	1	-17.781999588012695	-4.84499979019165	18.545000076293945	-19.566999435424805	-5.64900016784668	14.821000099182129	M	N
2	2	-16.54599952697754	-1.437999963760376	19.729999542236328	-14.121000289916992	-1.406000018119812	20.483999252319336	L	N
3	3	-18.993999481201172	1.3350000381469727	20.58300018310547	-22.972000122070312	0.0820000022649765	19.31999969482422	K	B
4	4	-16.527999877929688	4.176000118255615	19.885000228881836	-16.85700035095215	6.510000228881836	22.746999740600586	Q	P
5	5	-14.493000030517578	4.5920000076293945	16.67300033569336	-14.901000022888184	5.5960001945495605	15.57800006866455	V	N
6	6	-10.72700023651123	4.388999938964844	17.378000259399414	-10.454999923706055	1.9450000524520874	20.40999984741211	E	A
7	7	-8.138999938964844	6.208000183105469	15.256999969482422	-10.536999702453613	8.517999649047852	13.149999618530273	I	N
8	8	-4.339000225067139	6.214000225067139	15.803000450134277	-5.311333417892456	3.4681665897369385	18.254833221435547	F	N
9	9	-2.0739998817443848	8.376999855041504	13.67300033569336	-4.145999908447266	9.63599967956543	12.704000473022461	T	P
10	10	1.5870000123977661	9.107000350952148	13.015999794006348	3.7170000076293945	8.64900016784668	14.258000373840332	D	A
11	11	3.562999963760376	11.053000450134277	10.413000106811523	3.562999963760376	11.053000450134277	10.413000106811523	G	G
12	12	7.236000061035156	11.036999702453613	9.406999588012695	7.744999885559082	9.557999610900879	9.342000007629395	S	P
13	13	9.593000411987305	13.00100040435791	7.145999908447266	9.4399995803833	15.192000389099121	5.495999813079834	C	P
14	14	13.27299976348877	12.57800006866455	6.2829999923706055	13.085000038146973	10.074999809265137	5.776000022888184	L	N
15	15	13.994999885559082	16.30500030517578	5.6579999923706055	13.994999885559082	16.30500030517578	5.6579999923706055	G	G
16	16	12.666999816894531	19.844999313354492	5.7210001945495605	11.821000099182129	21.625	7.21999979019165	N	P
17	17	11.359000205993652	19.400999069213867	3.180999994277954	11.368000030517578	20.812000274658203	1.2790000438690186	P	N
18	18	11.934000015258789	15.793000221252441	2.186000108718872	11.934000015258789	15.793000221252441	2.186000108718872	G	G
19	19	10.086000442504883	12.553000450134277	1.3700000047683716	12.281000137329102	11.800000190734863	0.6650000214576721	P	N
20	20	7.568999767303467	11.72700023651123	4.122000217437744	7.568999767303467	11.72700023651123	4.122000217437744	G	G
21	21	4.5920000076293945	9.491000175476074	4.883999824523926	4.5920000076293945	9.491000175476074	4.883999824523926	G	G
22	22	1.819000005722046	8.79699993133545	7.368000030517578	-1.5847143062523432	8.90171446119036	4.885142803192139	Y	P
23	23	0.2540000081062317	5.789999961853027	8.994999885559082	0.2540000081062317	5.789999961853027	8.994999885559082	G	G
24	24	-3.3239998817443848	5.749000072479248	10.319000244140625	-4.23799991607666	6.863999843597412	9.831999778747559	A	N
25	25	-5.264999866485596	2.8610000610351562	11.91100025177002	-2.375999927520752	1.0399999618530273	13.722000122070312	I	N
26	26	-9.095999717712402	3.125	12.032999992370605	-11.142999649047852	3.859999895095825	10.654999732971191	L	N
27	27	-11.241999626159668	0.6240000128746033	13.949999809265137	-7.9070000648498535	-1.1660000085830688	17.90399932861328	R	B
28	28	-14.61400032043457	1.2480000257492065	12.272000312805176	-17.062000002179825	3.8341428211757114	9.730857031685966	Y	P
29	29	-17.6299991607666	-1.0230000019073486	12.355999946594238	-22.009000778198242	0.10899999737739563	9.006999969482422	R	B
30	30	-15.972000122070312	-4.413000106811523	13.017999649047852	-15.972000122070312	-4.413000106811523	13.017999649047852	G	G
31	31	-13.005999565124512	-3.8010001182556152	10.666999816894531	-14.149999618530273	-4.804999828338623	4.660999774932861	R	B
32	32	-9.531999588012695	-2.437999963760376	11.267000198364258	-6.179999828338623	-2.9830000400543213	13.149999618530273	E	A
33	33	-8.496999740600586	-0.328000009059906	8.255000114440918	-13.873000144958496	1.0609999895095825	6.626999855041504	K	B
34	34	-4.900000095367432	0.7900000214576721	7.666999816894531	-2.427000045776367	0.3700000047683716	7.9730000495910645	T	P
35	35	-3.9860000610351562	3.7760000228881836	5.550000190734863	-7.647333383560181	4.682500044504802	5.664166609446208	F	N
36	36	-0.4699999988079071	4.747000217437744	4.548999786376953	0.34599998593330383	3.561000108718872	5.060999870300293	S	P
37	37	1.0609999895095825	6.702000141143799	1.61899995803833	-0.09300000220537186	7.505000114440918	1.0210000276565552	A	N
38	38	4.389999866485596	8.463000297546387	0.9769999980926514	4.389999866485596	8.463000297546387	0.9769999980926514	G	G
39	39	4.883999824523926	11.895999908447266	-0.574999988079071	0.9575714041878071	12.428285734994072	0.4957142855439867	Y	P
40	40	7.993000030517578	12.972999572753906	-2.49399995803833	7.499000072479248	11.756999969482422	-4.730999946594238	T	P
41	41	8.519000053405762	16.33099937438965	-0.7429999709129333	10.157999992370605	21.594999313354492	-2.609999895095825	R	B
42	42	6.554999828338623	17.444000244140625	2.309000015258789	5.894000053405762	15.07800006866455	3.065000057220459	T	P
43	43	7.203999996185303	18.11400032043457	6.015999794006348	7.656000137329102	20.642000198364258	5.693999767303467	T	P
44	44	6.744999885559082	16.22100067138672	9.269000053405762	7.760000228881836	14.975000381469727	11.24899959564209	N	P
45	45	3.9059998989105225	18.56399917602539	10.265000343322754	5.0370001792907715	20.354999542236328	11.597999572753906	N	P
46	46	1.9759999513626099	18.149999618530273	7.013999938964844	0.7170000076293945	20.812999725341797	2.8919999599456787	R	B
47	47	2.2639999389648438	14.340999603271484	7.336999893188477	2.1029999256134033	14.24899959564209	4.004000186920166	M	N
48	48	0.984000027179718	14.302000045776367	10.954000473022461	3.7960000038146973	15.392999649047852	13.496999740600586	E	A
49	49	-2.00600004196167	16.367000579833984	9.85200023651123	-1.9869999885559082	18.940000534057617	10.321000099182129	L	N
50	50	-2.565000057220459	14.154999732971191	6.7779998779296875	-2.260999917984009	15.564000129699707	2.815999984741211	M	N
51	51	-2.8320000171661377	11.003999710083008	8.916999816894531	-1.8300000429153442	10.62600040435791	10.029000282287598	A	N
52	52	-5.728000164031982	12.442000389099121	10.98900032043457	-5.581999778747559	13.616999626159668	11.909000396728516	A	N
53	53	-7.3470001220703125	13.802000045776367	7.7870001792907715	-5.663000106811523	17.16699981689453	6.695000171661377	I	N
54	54	-7.479000091552734	10.52299976348877	5.813000202178955	-6.302000045776367	9.932000160217285	5.052999973297119	V	N
55	55	-8.765000343322754	8.48799991607666	8.79800033569336	-8.072999954223633	8.220999717712402	10.104000091552734	A	N
56	56	-11.58899974822998	10.979000091552734	9.51099967956543	-10.866999626159668	12.51099967956543	11.512999534606934	L	N
57	57	-12.553000450134277	11.359000205993652	5.849999904632568	-10.720000267028809	14.12399959564209	3.8499999046325684	E	A
58	58	-13.138999938964844	7.60699987411499	5.840000152587891	-12.097000122070312	6.545000076293945	6.261000156402588	A	N
59	59	-16.114999771118164	7.956999778747559	8.199000358581543	-14.859999656677246	8.050000190734863	10.493000030517578	L	N
60	60	-19.408000946044922	8.131999969482422	6.293000221252441	-17.604000091552734	9.322999954223633	2.0820000171661377	K	B
61	61	-21.775999069213867	8.934000015258789	9.178999900817871	-21.4060001373291	5.525000095367432	10.291999816894531	E	A
62	62	-21.47800064086914	11.074999809265137	12.324000358581543	-23.292399978637697	13.801199913024902	11.163999938964844	H	B
63	63	-19.530000686645508	9.012999534606934	14.861000061035156	-18.66699981689453	7.361000061035156	12.67300033569336	C	P
64	64	-18.14299964904785	9.175000190734863	18.384000778198242	-21.201000213623047	8.85099983215332	20.78700065612793	E	A
65	65	-14.369999885559082	9.140000343322754	17.89299964904785	-13.986000061035156	9.895000457763672	16.583999633789062	V	N
66	66	-11.361000061035156	8.704000473022461	20.121999740600586	-10.008000373840332	7.184000015258789	23.426000595092773	I	N
67	67	-8.22599983215332	9.899999618530273	18.30299949645996	-7.541999816894531	10.866000175476074	16.009000778198242	L	N
68	68	-4.817999839782715	8.977999687194824	19.753000259399414	-4.682000160217285	7.568999767303467	20.361000061035156	S	P
69	69	-1.6080000400543213	10.569000244140625	18.55299949645996	-2.316999912261963	13.020000457763672	17.93600082397461	T	P
70	70	1.7580000162124634	11.746000289916992	19.929000854492188	3.5989999771118164	10.420999526977539	18.85700035095215	D	A
71	71	1.878000020980835	14.625	17.38599967956543	1.0820000171661377	14.767000198364258	16.104000091552734	S	P
72	72	2.750999927520752	17.864999771118164	19.184999465942383	5.53000020980835	20.19700050354004	20.584999084472656	Q	P
73	73	1.7619999647140503	19.927000045776367	16.184999465942383	1.554000002997262	21.919857297624862	12.482142857142858	Y	P
74	74	-1.7580000162124634	18.481000900268555	15.954000473022461	-2.252000093460083	17.073999404907227	15.633000373840332	V	N
75	75	-2.1519999504089355	18.93000030517578	19.740999221801758	-0.6169999837875366	18.374000549316406	25.631999969482422	R	B
76	76	-0.9750000238418579	22.591999053955078	19.743999481201172	2.489000082015991	24.30699920654297	19.937999725341797	Q	P
77	77	-3.2330000400543213	23.179000854492188	16.77199935913086	-3.2330000400543213	23.179000854492188	16.77199935913086	G	G
78	78	-6.322999954223633	21.597999572753906	18.35300064086914	-7.690000057220459	19.910999298095703	16.093000411987305	I	N
79	79	-5.651000022888184	22.95199966430664	21.81100082397461	-5.290999889373779	20.78700065612793	23.201000213623047	T	P
80	80	-4.256999969482422	26.454999923706055	21.246999740600586	-0.7049999833106995	25.77400016784668	22.854000091552734	Q	P
81	81	-4.636000156402588	27.67099952697754	17.621000289916992	-0.33133334004216725	26.332888709174263	16.91466670566135	T	N
82	82	-7.683000087738037	26.496999740600586	15.64900016784668	-8.517999649047852	23.524999618530273	13.258000373840332	I	N
83	83	-10.258000373840332	28.268999099731445	17.77899932861328	-12.761000061035157	29.288000106811523	20.081200408935548	H	B
84	84	-8.61400032043457	31.674999237060547	17.33099937438965	-7.60699987411499	31.73200035095215	19.63599967956543	N	P
85	85	-7.744999885559082	30.93400001525879	13.722000122070312	-3.8433333502875433	28.6635553571913	13.201333363850912	T	N
86	86	-11.420999526977539	30.54400062561035	12.795000076293945	-14.496000289916992	26.326000213623047	13.164999961853027	K	B
87	87	-12.305999755859375	33.90999984741211	14.355999946594238	-16.079999923706055	34.12300109863281	18.694000244140625	K	B
88	88	-9.42199993133545	35.71799850463867	12.734000205993652	-4.310999870300293	36.58599853515625	15.760000228881836	R	B
89	89	-10.37399959564209	34.18199920654297	9.442000389099121	-10.37399959564209	34.18199920654297	9.442000389099121	G	G
90	90	-7.390999794006348	31.812000274658203	9.166000366210938	-9.208888795640734	28.157555898030598	9.49033334520128	T	N
91	91	-4.835000038146973	34.58599853515625	9.430999755859375	-7.861000061035156	38.01900100708008	5.327000141143799	K	B
92	92	-1.7359999418258667	35.33599853515625	11.437999725341797	-0.07199999690055847	33.65700149536133	10.218000411987305	T	P
93	93	-1.3869999647140503	38.61000061035156	13.444999694824219	-0.48899999260902405	38.742000579833984	14.666999816894531	A	N
94	94	0.39399999380111694	40.09299850463867	10.371000289916992	2.2809998989105225	38.5099983215332	9.567000389099121	D	A
95	95	-2.6110000610351562	39.2130012512207	8.175999641418457	-6.808000087738037	40.86399841308594	10.951000213623047	K	B
96	96	-1.1059999465942383	36.382999420166016	6.122000217437744	2.7109999656677246	36.68199920654297	3.369999885559082	K	B
97	97	-2.7829999923706055	32.974998474121094	5.63700008392334	-2.6489999294281006	33.49399948120117	3.315000057220459	P	N
98	98	-1.6859999895095825	30.608999252319336	8.387999534606934	-2.559999942779541	30.113000869750977	9.536999702453613	V	N
99	99	0.875	27.94099998474121	7.685999870300293	4.296000003814697	25.634000778198242	9.95199966430664	K	B
100	100	-0.6110000014305115	24.76799964904785	6.206999778747559	1.375	23.347999572753906	6.9720001220703125	N	P
101	101	-4.035999774932861	26.44700050354004	6.120999813079834	-4.254000186920166	27.88800048828125	5.558000087738037	V	N
102	102	-4.89900016784668	23.95199966430664	3.369999885559082	-2.757999897003174	22.940000534057617	2.4000000953674316	D	A
103	103	-4.611000061035156	21.027000427246094	5.795000076293945	-2.572000026702881	19.860000610351562	4.7230000495910645	L	N
104	104	-6.063000202178955	22.731000900268555	8.904000282287598	-3.517666631274753	22.742555618286133	11.991222169664171	T	N
105	105	-9.244999885559082	23.76099967956543	6.947999954223633	-9.279999732971191	27.134000778198242	5.165999889373779	Q	P
106	106	-9.479000091552734	20.253000259399414	5.531000137329102	-7.704999923706055	15.803999900817871	1.746999979019165	R	B
107	107	-9.104000091552734	18.777999877929688	9.041000366210938	-7.888999938964844	18.298999786376953	11.3100004196167	L	N
108	108	-11.562999725341797	21.304000854492188	10.545999526977539	-12.576000213623047	23.57699966430664	11.022000312805176	D	A
109	109	-14.177000045776367	20.277999877929688	7.954999923706055	-14.0600004196167	20.392000198364258	6.478000164031982	A	N
110	110	-13.770999908447266	16.586000442504883	9.034000396728516	-12.569999694824219	15.734000205993652	8.631999969482422	A	N
111	111	-13.805000305175781	17.326000213623047	12.777999877929688	-11.345000267028809	17.81800079345703	13.48799991607666	L	N
112	112	-17.06399917602539	19.224000930786133	12.359999656677246	-17.06399917602539	19.224000930786133	12.359999656677246	G	G
113	113	-18.94499969482422	16.072999954223633	11.411999702453613	-19.922000885009766	16.48200035095215	8.428000450134277	Q	P
114	114	-18.097999572753906	14.168999671936035	14.62399959564209	-16.94360008239746	12.160200119018555	11.937599754333496	H	B
115	115	-17.924999237060547	14.074999809265137	18.420000076293945	-21.402999877929688	13.192000389099121	19.97100067138672	Q	P
116	116	-14.154000282287598	13.72599983215332	19.059999465942383	-13.354999542236328	14.331999778747559	15.569000244140625	I	N
117	117	-12.199999809265137	12.805000305175781	22.187000274658203	-14.840999603271484	8.979000091552734	25.700000762939453	K	B
118	118	-8.446999549865723	13.49899959564209	21.80699920654297	-8.447555541992188	15.790555636088053	18.396778106689453	T	N
119	119	-5.84499979019165	11.269000053405762	23.476999282836914	-5.146999835968018	7.5370001792907715	24.450000762939453	E	A
120	120	-2.4140000343322754	12.909000396728516	23.527000427246094	-4.231666670905219	16.160888989766438	22.106555514865452	T	N
121	121	0.0560000017285347	10.059000015258789	24.09000015258789	-0.14800000190734863	8.645000457763672	23.55299949645996	V	N
122	122	3.759000062942505	10.319000244140625	24.836999893188477	6.5	14.489999771118164	27.70599937438965	K	B
123	123	5.9679999351501465	9.02299976348877	22.06599998474121	5.9679999351501465	9.02299976348877	22.06599998474121	G	G
124	124	7.609000205993652	6.313000202178955	24.141000747680664	8.099399948120118	8.082200050354004	27.013999938964844	H	B
125	125	4.383999824523926	5.418000221252441	25.913000106811523	4.341000080108643	6.124000072479248	27.261999130249023	A	N
126	126	1.8420000076293945	4.8520002365112305	23.09600067138672	1.8420000076293945	4.8520002365112305	23.09600067138672	G	G
127	127	-0.23999999463558197	1.7289999723434448	22.481000900268555	-3.010200023651123	3.3010000705718996	23.903400039672853	H	B
128	128	0.7839999794960022	-1.0089999437332153	20.08099937438965	-0.17399999499320984	-2.497999906539917	21.711000442504883	P	N
129	129	-1.3070000410079956	0.8489999771118164	17.51300048828125	-4.000999927520752	-0.5320000052452087	19.006000518798828	E	A
130	130	0.6729999780654907	4.052999973297119	17.76300048828125	-0.5139999985694885	5.369999885559082	19.56599998474121	N	P
131	131	3.9210000038146973	2.114000082015991	17.239999771118164	5.105000019073486	0.33799999952316284	20.475000381469727	E	A
132	132	2.5380001068115234	0.4180000126361847	14.159000396728516	-1.815000057220459	-2.6570000648498535	12.508000373840332	R	B
133	133	1.5880000591278076	3.8350000381469727	12.791999816894531	-1.0199999809265137	4.458000183105469	13.397000312805176	C	P
134	134	5.23799991607666	5.001999855041504	13.270000457763672	7.336999893188477	5.453999996185303	14.586999893188477	D	A
135	135	6.459000110626221	1.9290000200271606	11.38700008392334	6.840000152587891	-1.9570000171661377	11.817999839782715	E	A
136	136	3.997999906539917	2.490999937057495	8.545000076293945	1.7200000286102295	1.2200000286102295	8.934000015258789	L	N
137	137	4.813000202178955	6.215000152587891	8.331000328063965	4.561999797821045	7.138000011444092	9.51099967956543	A	N
138	138	8.579999923706055	5.573999881744385	8.211999893188477	10.211999893188477	3.263000011444092	12.482999801635742	R	B
139	139	8.097000122070312	2.8429999351501465	5.583000183105469	7.267000198364258	1.5770000219345093	5.7779998779296875	A	N
140	140	6.0329999923706055	5.103000164031982	3.3610000610351562	4.651000022888184	5.690000057220459	3.578000068664551	A	N
141	141	8.600000381469727	7.920000076293945	3.484999895095825	9.074000358581543	8.64799976348877	4.749000072479248	A	N
142	142	11.071999549865723	5.392000198364258	2.052000045776367	14.230999946594238	4.61899995803833	1.9700000286102295	M	N
143	143	9.005999565124512	4.77400016784668	-1.0750000476837158	8.329999923706055	2.746000051498413	-2.430000066757202	N	P
144	144	6.966000080108643	7.90500020980835	-1.8279999494552612	9.095000267028809	9.01200008392334	-1.8489999771118164	P	N
145	145	4.432000160217285	7.827000141143799	-4.629000186920166	4.546999931335449	5.202000141143799	-4.682000160217285	T	P
146	146	2.2639999389648438	10.97700023651123	-4.248000144958496	0.2540000081062317	9.621999740600586	-3.181999921798706	L	N
147	147	2.7790000438690186	14.708000183105469	-4.605999946594238	3.0360000133514404	17.507999420166016	-7.326000213623047	E	A
148	148	1.9989999532699585	17.01799964904785	-1.6410000324249268	2.0859999656677246	17.968000411987305	0.6959999799728394	D	A
149	149	0.30300000309944153	19.632999420166016	-3.7750000953674316	-2.316999912261963	19.899999618530273	-3.9230000972747803	T	P
150	150	-0.32100000977516174	21.96500015258789	-0.8939999938011169	-0.32100000977516174	21.96500015258789	-0.8939999938011169	G	G
151	151	3.2880001068115234	22.264999389648438	0.13899999856948853	7.154571465083531	22.325857162475586	1.2615714030606406	Y	P
152	152	4.822000026702881	25.766000747680664	0.07000000029802322	1.4179999828338623	27.378000259399414	-0.2549999952316284	Q	P
153	153	8.298999786376953	27.062999725341797	0.9610000252723694	9.472000122070312	27.385000228881836	0.019999999552965164	V	N
154	154	6.230999946594238	30.209999084472656	0.9210000038146973	6.666999816894531	28.996000289916992	-2.2360000610351562	E	A
155	155	3.1050000190734863	31.445999145507812	2.7239999771118164	1.7649999856948853	31.39299964904785	1.937999963760376	V	N
