Nr	Nidx	CaX	CaY	CaZ	PosX	PosY	PosZ	Let	Type
1	1	12.435999870300293	7.763999938964844	9.902000427246094	14.442000389099121	10.07699966430664	7.054999828338623	R	B
2	2	14.73799991607666	6.044000148773193	12.368000030517578	14.10099983215332	2.246000051498413	11.520999908447266	I	N
3	3	17.316999435424805	8.190999984741211	14.194000244140625	15.807000160217285	10.532999992370605	13.545999526977539	C	P
4	4	20.07200050354004	7.60099983215332	16.711999893188477	22.93950017293294	5.980833371480306	14.936166445414225	F	N
5	5	19.033000946044922	8.640000343322754	20.222000122070312	17.33300018310547	7.046999931335449	21.229000091552734	N	P
6	6	22.132999420166016	7.77400016784668	22.381000518798828	24.545199966430665	7.079399967193604	19.9060001373291	H	B
7	7	23.98200035095215	10.390999794006348	24.400999069213867	24.033000946044922	12.15999984741211	27.888999938964844	Q	P
8	8	27.608999252319336	11.22700023651123	23.613000869750977	28.275999069213867	11.529000282287598	24.969999313354492	S	P
9	9	29.804000854492188	8.192999839782715	23.040000915527344	31.329999923706055	8.333000183105469	23.00200080871582	S	P
10	10	27.552000045776367	5.613999843597412	24.746999740600586	25.759000778198242	7.414000034332275	27.625999450683594	Q	P
11	11	26.5	2.3949999809265137	22.982999801635742	27.083999633789062	1.3380000591278076	25.035999298095703	P	N
12	12	24.32200050354004	3.240999937057495	19.983999252319336	26.28499984741211	3.3239998817443848	16.665000915527344	Q	P
13	13	20.56100082397461	3.197999954223633	20.31399917602539	20.589000701904297	2.443000078201294	22.740999221801758	T	P
14	14	17.860000610351562	4.125999927520752	17.81800079345703	19.263999938964844	3.1440000534057617	15.902999877929688	T	P
15	15	14.352999687194824	5.551000118255615	17.93199920654297	11.538000106811523	10.274999618530273	20.858999252319336	K	B
16	16	11.593999862670898	5.1620001792907715	15.385000228881836	9.807999610900879	4.078999996185303	13.85200023651123	T	P
17	17	10.07699966430664	8.656000137329102	14.859999656677246	12.534000396728516	9.833999633789062	14.112000465393066	C	P
18	18	6.435999870300293	9.552000045776367	14.567000389099121	5.686999797821045	10.569999694824219	15.336999893188477	S	P
19	19	4.791999816894531	9.427000045776367	11.112000465393066	3.23799991607666	7.947000026702881	12.156999588012695	P	N
20	20	5.75	12.274999618530273	8.807999610900879	5.75	12.274999618530273	8.807999610900879	G	G
21	21	8.802000045776367	13.255000114440918	10.857000350952148	10.447999954223633	15.017000198364258	12.651000022888184	E	A
22	22	11.699000358581543	13.38700008392334	8.378999710083008	11.491000175476074	14.079999923706055	7.013999938964844	S	P
23	23	14.48799991607666	14.854999542236328	10.510000228881836	14.364999771118164	16.35099983215332	10.95300006866455	S	P
24	24	16.961999893188477	13.756999969482422	13.147000312805176	17.195999145507812	11.133999824523926	12.178999900817871	C	P
25	25	19.05299949645996	16.033000946044922	15.347000122070312	17.219999858311244	16.027714320591517	19.092571803501674	Y	P
26	26	22.381999969482422	16.198999404907227	17.089000701904297	25.985400009155274	15.897200202941894	17.313400268554688	H	B
27	27	22.649999618530273	18.854999542236328	19.86199951171875	17.343000411987305	19.865999221801758	22.652999877929688	K	B
28	28	25.79599952697754	19.621000289916992	21.74799919128418	29.45800018310547	19.176000595092773	20.479000091552734	Q	P
29	29	26.570999145507812	21.916000366210938	24.635000228881836	23.279889000786675	20.332333246866863	26.588333553738064	T	N
30	30	28.742000579833984	22.179000854492188	27.72800064086914	30.05500030517578	22.969999313354492	27.551000595092773	S	P
31	31	27.784000396728516	22.38599967956543	31.364999771118164	26.429000854492188	20.429000854492188	32.14099884033203	D	A
32	32	29.905000686645508	22.152000427246094	34.5099983215332	27.33966636657715	21.34416675567627	37.201333363850914	F	N
33	33	29.91699981689453	18.29599952697754	34.15299987792969	25.22800064086914	15.890000343322754	33.415000915527344	R	B
34	34	31.385000228881836	18.10700035095215	30.64900016784668	31.385000228881836	18.10700035095215	30.64900016784668	G	G
35	35	30.43600082397461	18.141000747680664	26.985000610351562	30.892000198364258	18.277000427246094	24.51799964904785	T	P
36	36	27.072999954223633	16.643999099731445	26.167999267578125	25.840999603271484	18.319000244140625	29.368999481201172	I	N
37	37	25.687000274658203	15.364999771118164	22.884000778198242	28.91699981689453	14.598999977111816	20.91200065612793	I	N
38	38	21.97800064086914	14.579999923706055	22.702999114990234	18.58300018310547	16.20199966430664	23.906999588012695	E	A
39	39	20.378000259399414	12.90999984741211	19.659000396728516	25.760000228881836	10.809000015258789	19.238000869750977	R	B
40	40	16.788000106811523	12.222000122070312	18.677000045776367	16.788000106811523	12.222000122070312	18.677000045776367	G	G
41	41	13.954000473022461	12.604000091552734	16.222999572753906	12.871000289916992	10.017000198364258	16.06999969482422	C	P
42	42	12.930999755859375	15.963000297546387	14.75100040435791	12.930999755859375	15.963000297546387	14.75100040435791	G	G
43	43	14.67300033569336	19.281999588012695	14.430999755859375	16.131000518798828	21.035999298095703	12.97700023651123	C	P
44	44	14.145000457763672	21.33799934387207	17.562999725341797	15.640999794006348	19.760000228881836	18.618000030517578	P	N
45	45	14.340999603271484	25.1200008392334	17.929000854492188	13.49899959564209	27.4689998626709	18.68400001525879	T	P
46	46	17.836999893188477	26.702999114990234	17.881000518798828	18.66699981689453	27.29599952697754	16.749000549316406	V	N
47	47	18.52400016784668	27.781999588012695	21.48900032043457	14.663000106811523	25.319000244140625	24.687999725341797	K	B
48	48	21.204999923706055	30.246999740600586	22.562999725341797	19.319000244140625	31.547000885009766	23.34000015258789	P	N
49	49	24.562999725341797	28.645000457763672	23.31399917602539	24.562999725341797	28.645000457763672	23.31399917602539	G	G
50	50	23.47599983215332	25.20599937438965	22.016000747680664	21.049999237060547	23.70400047302246	24.479000091552734	I	N
51	51	25.020999908447266	23.820999145507812	18.815000534057617	31.163999557495117	23.9060001373291	19.983999252319336	K	B
52	52	22.302000045776367	22.07900047302246	16.75	19.724000930786133	22.014999389648438	16.40999984741211	L	N
53	53	22.614999771118164	20.082000732421875	13.538999557495117	23.878999710083008	19.218000411987305	13.432000160217285	S	P
54	54	19.54199981689453	18.589000701904297	11.76099967956543	17.85300064086914	19.98900032043457	13.390999794006348	C	P
55	55	19.648000717163086	16.09000015258789	8.895000457763672	20.871000289916992	14.11299991607666	10.416000366210938	C	P
56	56	16.9060001373291	14.342000007629395	6.921999931335449	14.175000190734863	16.98200035095215	5.8379998207092285	E	A
57	57	18.06100082397461	10.774999618530273	6.205999851226807	19.23699951171875	10.722000122070312	5.267000198364258	S	P
58	58	18.055999755859375	7.432000160217285	8.076000213623047	15.557999610900879	5.565000057220459	8.005999565124512	E	A
59	59	20.275999069213867	7.3470001220703125	11.1850004196167	20.812999725341797	5.947999954223633	11.524999618530273	V	N
60	60	22.020999908447266	10.503000259399414	9.930000305175781	19.950000762939453	12.442000389099121	9.708000183105469	C	P
61	61	22.72599983215332	12.015999794006348	13.369000434875488	20.66900062561035	11.347999572753906	14.678000450134277	N	P
62	62	25.732999801635742	10.03600025177002	14.70300006866455	26.891000747680664	9.208999633789062	12.565999984741211	N	P
