Nr	Nidx	CaX	CaY	CaZ	PosX	PosY	PosZ	Let	Type
1	1	26.266000747680664	25.413000106811523	2.8420000076293945	25.11199951171875	24.8799991607666	3.6489999294281006	M	N
2	2	26.850000381469727	29.020999908447266	3.8980000019073486	26.732999801635742	30.148000717163086	2.9049999713897705	Q	P
3	3	26.235000610351562	30.058000564575195	7.497000217437744	26.3439998626709	29.049999237060547	8.645000457763672	I	N
4	4	26.77199935913086	33.43600082397461	9.196999549865723	25.69499969482422	34.49800109863281	8.946000099182129	F	N
5	5	28.604999542236328	33.96500015258789	12.503000259399414	29.96299934387207	33.31700134277344	12.814000129699707	V	N
6	6	27.69099998474121	37.314998626708984	14.142999649047852	26.2189998626709	37.683998107910156	14.307000160217285	K	B
7	7	30.225000381469727	38.643001556396484	16.66200065612793	31.743999481201172	38.87900161743164	16.298999786376953	T	P
8	8	29.60700035095215	41.18000030517578	19.466999053955078	29.91900062561035	40.88999938964844	20.937999725341797	L	N
9	9	31.422000885009766	43.939998626708984	17.55299949645996	32.979000091552734	43.917999267578125	17.44499969482422	T	P
10	10	28.97800064086914	43.959999084472656	14.678000450134277	28.97800064086914	43.959999084472656	14.678000450134277	G	G
11	11	31.19099998474121	42.012001037597656	12.331000328063965	32.672000885009766	41.71699905395508	12.505000114440918	K	B
12	12	29.54199981689453	39.02000045776367	10.652999877929688	28.113000869750977	39.04899978637695	10.015000343322754	T	P
13	13	31.719999313354492	36.28900146484375	9.175999641418457	32.994998931884766	35.882999420166016	9.934000015258789	I	N
14	14	30.5049991607666	33.88399887084961	6.51200008392334	30.090999603271484	34.393001556396484	5.078000068664551	T	P
15	15	31.677000045776367	30.274999618530273	6.638999938964844	31.562000274658203	29.68600082397461	8.045000076293945	L	N
16	16	31.219999313354492	27.340999603271484	4.275000095367432	31.82699966430664	27.261999130249023	2.8940000534057617	E	A
17	17	30.288000106811523	24.2450008392334	6.192999839782715	29.902999877929688	24.59000015258789	7.664999961853027	V	N
18	18	28.468000411987305	20.940000534057617	5.980000019073486	29.21299934387207	19.69700050354004	5.50600004196167	E	A
19	19	25.82900047302246	19.825000762939453	8.494000434875488	24.4689998626709	19.332000732421875	7.952000141143799	P	N
20	20	28.054000854492188	16.834999084472656	9.210000038146973	28.523000717163086	15.819999694824219	8.182000160217285	S	P
21	21	30.79599952697754	19.08300018310547	10.565999984741211	31.155000686645508	20.514999389648438	10.04800033569336	D	A
22	22	31.398000717163086	19.06399917602539	14.28600025177002	32.492000579833984	18.19300079345703	14.994999885559082	T	P
23	23	31.288000106811523	22.201000213623047	16.41699981689453	30.520000457763672	22.299999237060547	17.763999938964844	I	N
24	24	35.03099822998047	21.722000122070312	17.069000244140625	35.66699981689453	20.382999420166016	17.44700050354004	E	A
25	25	35.59000015258789	21.94499969482422	13.302000045776367	35.06399917602539	20.957000732421875	12.255000114440918	N	P
26	26	33.53300094604492	25.097000122070312	12.977999687194824	32.060001373291016	25.256999969482422	13.36400032043457	V	N
27	27	35.59600067138672	26.71500015258789	15.736000061035156	35.71500015258789	26.202999114990234	17.172000885009766	K	B
28	28	38.79399871826172	25.76099967956543	13.880000114440918	39.28499984741211	24.336000442504883	13.565999984741211	A	N
29	29	37.47100067138672	27.391000747680664	10.668000221252441	36.19300079345703	27.058000564575195	9.91100025177002	K	B
30	30	36.73099899291992	30.56999969482422	12.645000457763672	35.70800018310547	30.775999069213867	13.805999755859375	I	N
31	31	40.26900100708008	30.507999420166016	14.114999771118164	40.99599838256836	29.39900016784668	14.864999771118164	Q	P
32	32	41.71799850463867	30.02199935913086	10.642999649047852	41.39799880981445	28.780000686645508	9.8100004196167	D	A
33	33	39.80799865722656	32.99399948120117	9.232999801635742	38.6150016784668	32.80099868774414	8.319999694824219	K	B
34	34	39.67599868774414	35.547000885009766	12.071999549865723	38.290000915527344	35.81399917602539	12.697999954223633	E	A
35	35	42.345001220703125	34.26900100708008	14.430999755859375	42.345001220703125	34.26900100708008	14.430999755859375	G	G
36	36	40.22600173950195	33.715999603271484	17.509000778198242	38.69300079345703	34.10599899291992	17.594999313354492	I	N
37	37	41.46099853515625	30.750999450683594	19.5939998626709	42.19499969482422	31.142000198364258	20.913000106811523	P	N
38	38	38.81700134277344	28.020000457763672	19.888999938964844	39.09000015258789	26.628999710083008	19.325000762939453	P	N
39	39	39.0629997253418	28.062999725341797	23.69499969482422	40.34000015258789	27.691999435424805	24.468000411987305	D	A
40	40	37.737998962402344	31.636999130249023	23.711999893188477	38.52799987792969	32.854000091552734	23.18199920654297	Q	P
41	41	34.737998962402344	30.875	21.472999572753906	34.875999450683594	30.23699951171875	20.06599998474121	Q	P
42	42	31.200000762939453	30.32900047302246	22.780000686645508	30.847000122070312	30.930999755859375	24.118000030517578	R	B
43	43	28.761999130249023	29.572999954223633	19.9060001373291	29.150999069213867	28.655000686645508	18.7549991607666	L	N
44	44	25.034000396728516	30.170000076293945	20.400999069213867	24.638999938964844	31.426000595092773	21.285999298095703	I	N
45	45	22.125999450683594	29.062000274658203	18.183000564575195	22.493999481201172	28.05699920654297	17.108999252319336	F	N
46	46	18.44300079345703	29.14299964904785	19.08300018310547	17.86400032043457	27.976999282836914	18.34600067138672	A	N
47	47	19.39900016784668	29.893999099731445	22.655000686645508	19.39900016784668	29.893999099731445	22.655000686645508	G	G
48	48	21.549999237060547	26.79599952697754	23.132999420166016	21.242000579833984	25.518999099731445	22.391000747680664	K	B
49	49	25.349000930786133	26.871999740600586	23.64299964904785	26.06999969482422	27.024999618530273	24.959999084472656	Q	P
50	50	26.826000213623047	24.520999908447266	21.011999130249023	27.042999267578125	24.992000579833984	19.570999145507812	L	N
51	51	29.014999389648438	21.656999588012695	22.288000106811523	28.347999572753906	20.540000915527344	23.06599998474121	E	A
52	52	32.262001037597656	20.670000076293945	20.513999938964844	33.63800048828125	20.715999603271484	21.242000579833984	D	A
53	53	31.56800079345703	16.961999893188477	19.825000762939453	31.56800079345703	16.961999893188477	19.825000762939453	G	G
54	54	28.107999801635742	17.43899917602539	18.275999069213867	26.926000595092773	18.19099998474121	18.892000198364258	R	B
55	55	27.573999404907227	18.191999435424805	14.562999725341797	27.298999786376953	17.05500030517578	13.532999992370605	T	P
56	56	25.5939998626709	21.108999252319336	13.071999549865723	26.083999633789062	21.88800048828125	11.833000183105469	L	N
57	57	22.923999786376953	18.58300018310547	12.024999618530273	23.05900001525879	17.326000213623047	11.154000282287598	S	P
58	58	22.417999267578125	17.63800048828125	15.692999839782715	23.461000442504883	17.33099937438965	16.740999221801758	D	A
59	59	21.07900047302246	21.14900016784668	16.250999450683594	22.084999084472656	22.253999710083008	16.58099937438965	Y	P
60	60	19.065000534057617	21.351999282836914	12.99899959564209	17.586000442504883	21.281999588012695	13.461000442504883	N	P
61	61	21.18400001525879	24.26300048828125	11.6899995803833	22.649999618530273	24.516000747680664	12.17199993133545	I	N
62	62	20.08099937438965	24.773000717163086	8.032999992370605	18.599000930786133	24.736000061035156	7.7270002365112305	Q	P
63	63	21.6560001373291	26.847000122070312	5.239999771118164	21.631000518798828	26.642000198364258	3.7309999465942383	K	B
64	64	21.906999588012695	30.562999725341797	5.88100004196167	21.023000717163086	31.222999572753906	4.783999919891357	E	A
65	65	21.41900062561035	30.253000259399414	9.619999885559082	21.636999130249023	28.92300033569336	10.352999687194824	S	P
66	66	23.211999893188477	32.762001037597656	11.890999794006348	22.698999404907227	34.266998291015625	11.984999656677246	T	P
67	67	25.14900016784668	31.608999252319336	14.979999542236328	26.309999465942383	30.5939998626709	14.967000007629395	L	N
68	68	26.179000854492188	34.12699890136719	17.649999618530273	25.214000701904297	34.564998626708984	18.780000686645508	H	B
69	69	29.801000595092773	34.14500045776367	18.82900047302246	30.924999237060547	34.30400085449219	17.753000259399414	L	N
70	70	30.479000091552734	35.36899948120117	22.374000549316406	29.472000122070312	35.180999755859375	23.49799919128418	V	N
71	71	34.14500045776367	35.47200012207031	23.481000900268555	35.11399841308594	36.56399917602539	22.906999588012695	L	N
72	72	35.1609992980957	34.17399978637695	26.895999908447266	34.71699905395508	32.7599983215332	27.285999298095703	R	B
73	73	38.667999267578125	35.50199890136719	27.68000030517578	39.08000183105469	36.941001892089844	27.4060001373291	L	N
74	74	40.87300109863281	33.801998138427734	30.253000259399414	41.6510009765625	32.52899932861328	29.92300033569336	R	B
75	75	41.845001220703125	36.54999923706055	32.68600082397461	41.845001220703125	36.54999923706055	32.68600082397461	G	G
76	76	40.37300109863281	39.8129997253418	33.944000244140625	40.37300109863281	39.8129997253418	33.944000244140625	G	G
77	77	27.34000015258789	24.43000030517578	2.614000082015991	27.34000015258789	24.43000030517578	2.614000082015991	X	X
78	78	40.03099822998047	39.992000579833984	35.43199920654297	40.03099822998047	39.992000579833984	35.43199920654297	Z	Z
