Nr	Nidx	CaX	CaY	CaZ	PosX	PosY	PosZ	Let	Type
1	1	-12.204000473022461	-2.8450000286102295	5.703000068664551	-12.293000221252441	-3.7869999408721924	4.5	M	N
2	2	-8.564000129699707	-2.5269999504089355	6.824999809265137	-8.083999633789062	-3.0409998893737793	8.187000274658203	T	P
3	3	-5.894999980926514	-2.614000082015991	4.076000213623047	-6.0960001945495605	-1.8109999895095825	2.7909998893737793	Y	P
4	4	-2.1679999828338623	-3.0399999618530273	4.863999843597412	-1.7790000438690186	-4.329999923706055	5.579999923706055	K	B
5	5	0.7689999938011169	-1.531000018119812	2.9119999408721924	0.6489999890327454	-0.032999999821186066	2.566999912261963	L	N
6	6	4.357999801635742	-2.865999937057495	3.0759999752044678	4.63100004196167	-4.355999946594238	2.8540000915527344	I	N
7	7	7.0920000076293945	-0.3930000066757202	2.0139999389648438	7.1570000648498535	0.9800000190734863	2.687000036239624	L	N
8	8	10.342000007629395	-1.9210000038146973	0.6470000147819519	10.274999618530273	-3.246000051498413	-0.13500000536441803	N	P
9	9	12.182000160217285	1.281000018119812	-0.36899998784065247	12.182000160217285	1.281000018119812	-0.36899998784065247	G	G
10	10	15.958000183105469	1.1150000095367432	-0.9520000219345093	16.774999618530273	1.8669999837875366	-2.005000114440918	K	B
11	11	16.427000045776367	3.23799991607666	2.191999912261963	17.06100082397461	4.620999813079834	1.9989999532699585	T	P
12	12	12.78499984741211	3.558000087738037	3.309000015258789	11.795000076293945	4.4720001220703125	2.5840001106262207	L	N
13	13	11.428000450134277	0.4050000011920929	4.995999813079834	12.505999565124512	-0.5699999928474426	5.461999893188477	K	B
14	14	8.194000244140625	0.3089999854564667	6.979000091552734	8.194000244140625	0.3089999854564667	6.979000091552734	G	G
15	15	4.519000053405762	-0.656000018119812	6.99399995803833	4.376999855041504	-2.1019999980926514	7.47599983215332	E	A
16	16	1.218000054359436	1.0889999866485596	7.745999813079834	1.3450000286102295	2.515000104904175	7.204999923706055	T	P
17	17	-2.556999921798706	0.42800000309944153	7.693999767303467	-3.0299999713897705	-0.4729999899864197	8.845000267028809	T	P
18	18	-5.63700008392334	2.4600000381469727	6.7270002365112305	-5.250999927520752	3.305000066757202	5.500999927520752	T	P
19	19	-9.446999549865723	2.115999937057495	6.499000072479248	-10.348999977111816	2.6419999599456787	7.642000198364258	E	A
20	20	-11.121999740600586	2.177000045776367	3.062000036239624	-10.038000106811523	1.9609999656677246	1.9859999418258667	A	N
21	21	-14.611000061035156	1.194000005722046	1.8609999418258667	-15.628000259399414	2.135999917984009	1.2089999914169312	V	N
22	22	-12.901000022888184	-0.9380000233650208	-0.8109999895095825	-13.803000450134277	-0.8640000224113464	-2.0439999103546143	D	A
23	23	-9.529999732971191	-1.684999942779541	-2.4489998817443848	-9.168999671936035	-3.005000114440918	-3.1449999809265137	A	N
24	24	-10.168000221252441	0.9380000233650208	-5.158999919891357	-11.484000205993652	1.156000018119812	-5.9079999923706055	A	N
25	25	-9.982000350952148	3.687999963760376	-2.496000051498413	-10.956000328063965	3.941999912261963	-1.3329999446868896	T	P
26	26	-6.857999801635742	2.069999933242798	-1.0010000467300415	-6.710999965667725	0.5899999737739563	-0.6370000243186951	A	N
27	27	-5.086999893188477	2.500999927520752	-4.335999965667725	-5.64900016784668	2.1080000400543213	-5.705999851226807	E	A
28	28	-5.658999919891357	6.301000118255615	-4.244999885559082	-7.015999794006348	7.017000198364258	-4.3379998207092285	K	B
29	29	-4.767000198364258	6.684000015258789	-0.5379999876022339	-5.589000225067139	6.076000213623047	0.6129999756813049	V	N
30	30	-1.6130000352859497	4.517000198364258	-0.5139999985694885	-1.5570000410079956	2.99399995803833	-0.6549999713897705	F	N
31	31	-0.5249999761581421	5.831999778747559	-3.9200000762939453	-1.4019999504089355	5.791999816894531	-5.170000076293945	K	B
32	32	-0.7490000128746033	9.439000129699707	-2.684999942779541	-2.0480000972747803	10.137999534606934	-2.2769999504089355	Q	P
33	33	0.8730000257492065	8.487000465393066	0.6460000276565552	0.34200000762939453	7.409999847412109	1.5959999561309814	Y	P
34	34	3.7100000381469727	6.710999965667725	-1.1820000410079956	3.5390000343322754	5.526000022888184	-2.138000011444092	A	N
35	35	4.0960001945495605	9.765000343322754	-3.437999963760376	2.953000068664551	10.36400032043457	-4.289000034332275	N	P
36	36	4.335000038146973	12.081000328063965	-0.40400001406669617	3.2699999809265137	12.215999603271484	0.6859999895095825	D	A
37	37	7.183000087738037	9.835000038146973	0.8320000171661377	6.9120001792907715	8.496999740600586	1.5230000019073486	N	P
38	38	8.927000045776367	9.928999900817871	-2.572999954223633	8.927000045776367	9.928999900817871	-2.572999954223633	G	G
39	39	8.270000457763672	6.191999912261963	-3.187999963760376	7.607999801635742	5.354000091552734	-2.0850000381469727	V	N
40	40	7.795000076293945	4.964000225067139	-6.7769999504089355	8.293999671936035	5.929999828338623	-7.8520002365112305	D	A
41	41	7.965000152587891	1.3300000429153442	-7.892000198364258	7.965000152587891	1.3300000429153442	-7.892000198364258	G	G
42	42	5.864999771118164	-1.6339999437332153	-9.005999565124512	6.484000205993652	-2.946000099182129	-9.475000381469727	E	A
43	43	2.503999948501587	-1.843000054359436	-7.218999862670898	1.4429999589920044	-0.7609999775886536	-7.4070000648498535	T	N
44	44	1.0130000114440918	-5.256999969482422	-6.36299991607666	2.0510001182556152	-6.35099983215332	-6.0970001220703125	T	P
45	45	-2.2339999675750732	-6.076000213623047	-4.494999885559082	-3.4110000133514404	-5.216000080108643	-4.97599983215332	Y	P
46	46	-3.3550000190734863	-9.317000389099121	-2.7939999103546143	-2.424999952316284	-9.956999778747559	-1.7630000114440918	D	A
47	47	-7.1519999504089355	-9.63700008392334	-2.494999885559082	-8.097000122070312	-10.03499984741211	-3.63100004196167	D	A
48	48	-6.765999794006348	-12.668999671936035	-0.19900000095367432	-5.9070000648498535	-13.907999992370605	-0.49000000953674316	A	N
49	49	-4.7230000495910645	-10.682999610900879	2.38100004196167	-3.2049999237060547	-10.87600040435791	2.4860000610351562	T	P
50	50	-5.993000030517578	-7.218999862670898	1.340999960899353	-7.0289998054504395	-6.9019999504089355	2.4140000343322754	K	B
51	51	-2.3310000896453857	-6.140999794006348	1.440999984741211	-1.3519999980926514	-7.14300012588501	2.058000087738037	T	P
52	52	-0.7369999885559082	-3.7060000896453857	-1.0119999647140503	-1.1920000314712524	-2.244999885559082	-1.1360000371932983	F	N
53	53	3.0329999923706055	-4.103000164031982	-1.5959999561309814	3.5250000953674316	-5.556000232696533	-1.6269999742507935	T	P
54	54	5.313000202178955	-1.6469999551773071	-3.4240000247955322	4.978000164031982	-0.16300000250339508	-3.184000015258789	V	N
55	55	8.951000213623047	-2.4570000171661377	-4.3379998207092285	9.192999839782715	-3.8940000534057617	-4.810999870300293	T	P
56	56	11.486000061035156	0.12999999523162842	-5.579999923706055	12.125	1.2070000171661377	-4.670000076293945	E	A
57	57	-13.14799976348877	-1.7120000123977661	5.50600004196167	-13.14799976348877	-1.7120000123977661	5.50600004196167	X	X
58	58	12.581000328063965	-0.6570000052452087	-6.311999797821045	12.581000328063965	-0.6570000052452087	-6.311999797821045	Z	Z
