Nr	Nidx	CaX	CaY	CaZ	PosX	PosY	PosZ	Let	Type
1	1	44.45199966430664	12.95199966430664	7.124000072479248	42.55500030517578	14.638999938964844	6.688000202178955	D	A
2	2	47.375999450683594	11.711000442504883	5.139999866485596	47.49300003051758	10.222999572753906	4.690999984741211	V	N
3	3	49.16699981689453	14.255999565124512	2.940000057220459	50.1609992980957	15.302000045776367	3.5290000438690186	S	P
4	4	49.47999954223633	12.223999977111816	-0.17399999499320984	49.47999954223633	12.223999977111816	-0.17399999499320984	G	G
5	5	52.17100143432617	9.793000221252441	-1.2400000095367432	50.55799865722656	8.067999839782715	-2.003999948501587	T	P
6	6	55.862998962402344	10.39900016784668	-1.6720000505447388	56.46099853515625	11.248000144958496	-0.5189999938011169	V	N
7	7	58.55799865722656	8.392999649047852	-3.4140000343322754	58.10900115966797	8.491000175476074	-6.184999942779541	C	P
8	8	61.26100158691406	6.982999801635742	-1.1720000505447388	62.81999969482422	5.201000213623047	-0.18000000715255737	L	N
9	9	63.87099838256836	8.569000244140625	-3.4489998817443848	64.06199645996094	8.28600025177002	-4.926000118255615	S	P
10	10	62.33599853515625	12.029000282287598	-2.7330000400543213	60.9630012512207	12.423999786376953	-3.256999969482422	A	N
11	11	62.869998931884766	11.628999710083008	1.0449999570846558	60.71099853515625	10.416000366210938	1.722000002861023	L	N
12	12	66.16300201416016	12.163000106811523	2.9040000438690186	64.9000015258789	13.569000244140625	4.370999813079834	P	N
13	13	68.56500244140625	9.232999801635742	2.4809999465942383	70.30500030517578	10.906999588012695	2.5239999294281006	P	N
14	14	68.1719970703125	8.439000129699707	6.197999954223633	69.98200225830078	11.206999778747559	6.5269999504089355	E	A
15	15	64.59300231933594	7.333000183105469	5.423999786376953	63.525001525878906	8.097000122070312	4.703000068664551	A	N
16	16	65.98699951171875	4.5920000076293945	3.184000015258789	67.38700103759766	3.5280001163482666	1.350000023841858	T	P
17	17	68.3219985961914	3.6019999980926514	6.040999889373779	70.43399810791016	5.0289998054504395	5.914000034332275	D	A
18	18	65.41600036621094	3.3910000324249268	8.496000289916992	63.46699905395508	4.046999931335449	9.935999870300293	T	P
19	19	63.417999267578125	1.2039999961853027	6.10099983215332	61.6619987487793	2.506999969482422	4.810999870300293	L	N
20	20	66.40599822998047	-1.0959999561309814	5.6570000648498535	67.6969985961914	-0.5070000290870667	3.552000045776367	N	P
21	21	66.6760025024414	-1.5260000228881836	9.440999984741211	68.40699768066406	0.1509999930858612	10.371999740600586	L	N
22	22	62.91999816894531	-2.2239999771118164	9.647000312805176	60.909000396728516	1.0709999799728394	9.53600025177002	I	N
23	23	63.40599822998047	-4.890999794006348	6.9770002365112305	63.887001037597656	-4.683000087738037	5.543000221252441	A	N
24	24	66.02899932861328	-6.668000221252441	9.16100025177002	67.47799682617188	-6.182000160217285	9.177000045776367	S	P
25	25	64.10700225830078	-6.136000156402588	12.378999710083008	62.867000579833984	-6.954999923706055	14.258999824523926	D	A
26	26	67.0009994506836	-4.159999847412109	13.5	67.0009994506836	-4.159999847412109	13.5	G	G
27	27	68.71700286865234	-3.122999906539917	15.687999725341797	71.00499725341797	-4.591000080108643	15.694999694824219	P	N
28	28	68.17400360107422	-0.1770000010728836	15.664999961853027	64.84383328755696	-1.3426666483283043	14.312833468119303	F	N
29	29	70.2249984741211	2.7950000762939453	16.847999572753906	69.93900299072266	3.7170000076293945	14.621999740600586	P	N
30	30	67.69100189208984	3.437999963760376	19.680999755859375	68.290285382952	7.474000113351004	18.893428530011857	Y	P
31	31	66.1719970703125	0.718999981880188	21.906999588012695	66.62200164794922	0.23499999940395355	23.31800079345703	S	P
32	32	62.74300003051758	2.4110000133514404	21.719999313354492	61.22600173950195	2.8489999771118164	24.400999069213867	Q	P
33	33	62.79600143432617	2.0880000591278076	17.85700035095215	64.58799743652344	3.384000062942505	16.611000061035156	D	A
34	34	60.0099983215332	-0.4090000092983246	17.239999771118164	60.0099983215332	-0.4090000092983246	17.239999771118164	G	G
35	35	57.560001373291016	0.6840000152587891	20.04400062561035	57.72999954223633	1.7630000114440918	21.118999481201172	V	N
36	36	53.91400146484375	0.8740000128746033	19.259000778198242	52.766998291015625	0.3400000035762787	20.149999618530273	V	N
37	37	52.72600173950195	4.159999847412109	17.802000045776367	52.187500635782875	7.331666628519694	15.770999908447266	F	N
38	38	49.303001403808594	4.931000232696533	19.283000946044922	49.44200134277344	5.375999927520752	22.944000244140625	Q	P
39	39	48.0880012512207	7.313000202178955	16.540000915527344	46.707000732421875	7.176000118255615	14.432000160217285	N	P
40	40	46.630001068115234	9.213000297546387	19.479999542236328	47.40800094604492	8.133000373840332	24.97599983215332	R	B
41	41	45.51499938964844	12.263999938964844	17.451000213623047	48.35499954223633	13.321000099182129	18.825000762939453	E	A
42	42	43.95500183105469	10.045999526977539	14.708999633789062	42.43899917602539	10.25	14.890999794006348	S	P
43	43	46.01100158691406	11.793000221252441	11.772000312805176	47.42300033569336	12.46500015258789	11.831000328063965	V	N
44	44	46.409000396728516	8.281999588012695	10.291000366210938	48.94599914550781	7.974999904632568	10.661999702453613	L	N
45	45	43.48400115966797	5.922999858856201	9.621000289916992	44.39899826049805	5.64300012588501	7.447000026702881	P	N
46	46	41.87099838256836	4.465000152587891	12.718999862670898	40.01900100708008	3.86899995803833	14.378999710083008	T	P
47	47	43.33100128173828	1.062000036239624	13.63599967956543	43.81399917602539	0.13600000739097595	10.583000183105469	Q	P
48	48	43.60499954223633	-0.9929999709129333	16.785999298095703	43.23899841308594	-2.4619998931884766	16.820999145507812	S	P
49	49	46.43899917602539	-0.4659999907016754	19.23699951171875	49.129285539899556	-0.3785714166504996	22.4091431753976	Y	P
50	50	49.61600112915039	-1.9910000562667847	17.893999099731445	49.61600112915039	-1.9910000562667847	17.893999099731445	G	G
51	51	48.8120002746582	-1.6579999923706055	14.22700023651123	47.19657189505441	-1.1714285665324755	10.421571595328194	Y	P
52	52	51.3129997253418	1.2400000095367432	13.991999626159668	48.32571465628488	3.38271427154541	11.91471426827567	Y	P
53	53	54.94300079345703	1.4240000247955322	15.201000213623047	54.47480010986328	-1.9272000074386597	16.13400020599365	H	B
54	54	57.40700149536133	4.328000068664551	15.01200008392334	57.29100036621094	7.059000015258789	17.7450008392334	E	A
55	55	61.06999969482422	4.540999889373779	14.031999588012695	60.0341431753976	0.5925714203289577	13.42942864554269	Y	P
56	56	63.57400131225586	7.394999980926514	13.996999740600586	65.46499633789062	8.847000122070312	14.847999572753906	T	P
57	57	64.78600311279297	8.83899974822998	10.732999801635742	63.891998291015625	9.392000198364258	9.633999824523926	V	N
58	58	68.09600067138672	10.336999893188477	11.831000328063965	70.39900207519531	7.453999996185303	12.854000091552734	I	N
59	59	68.63700103759766	14.052000045776367	11.315999984741211	68.27899932861328	16.523000717163086	11.609000205993652	T	P
60	60	72.2969970703125	14.788999557495117	10.437000274658203	71.66600036621094	14.576000213623047	8.166999816894531	P	N
61	61	74.0250015258789	16.558000564575195	13.331000328063965	74.0250015258789	16.558000564575195	13.331000328063965	G	G
62	62	71.16400146484375	16.273000717163086	15.782999992370605	69.75599670410156	15.8100004196167	15.472000122070312	A	N
63	63	71.86699676513672	15.430999755859375	19.444000244140625	71.74600219726562	20.39900016784668	21.631999969482422	R	B
64	64	68.23500061035156	14.324999809265137	19.788999557495117	67.69999694824219	16.26300048828125	21.350000381469727	T	P
65	65	65.86900329589844	12.253999710083008	17.64900016784668	61.611000061035156	8.562999725341797	18.31599998474121	R	B
66	66	64.86199951171875	15.409000396728516	15.718999862670898	64.86199951171875	15.409000396728516	15.718999862670898	G	G
67	67	61.56999969482422	15.65999984741211	13.939000129699707	61.685001373291016	18.19700050354004	14.394000053405762	T	P
68	68	61.71900177001953	12.883000373840332	11.36299991607666	65.75599670410156	16.329999923706055	8.196999549865723	R	B
69	69	60.071998596191406	9.487000465393066	11.6899995803833	61.24100112915039	11.59000015258789	16.246999740600586	R	B
70	70	58.70800018310547	6.473999977111816	9.82800006866455	61.07699966430664	5.51800012588501	6.956999778747559	I	N
71	71	55.45500183105469	5.039999961853027	11.145999908447266	55.74300003051758	7.578999996185303	12.83899974822998	I	N
72	72	54.80099868774414	1.4869999885559082	9.902999877929688	57.066001892089844	0.42899999022483826	9.887999534606934	T	P
73	73	51.31800079345703	0.14900000393390656	9.496999740600586	51.31800079345703	0.14900000393390656	9.496999740600586	G	G
74	74	50.73899841308594	-3.5810000896453857	9.690999984741211	52.279998779296875	-4.931000232696533	12.045999526977539	E	A
75	75	49.494998931884766	-3.8440001010894775	6.136000156402588	48.494998931884766	-2.934000015258789	5.465000152587891	A	N
76	76	51.95399856567383	-4.769000053405762	3.490000009536743	51.862998962402344	-7.348999977111816	3.3949999809265137	T	P
77	77	53.986000061035156	-1.878000020980835	2.1389999389648438	55.542999267578125	-4.011000156402588	0.36800000071525574	Q	P
78	78	52.27299880981445	0.5899999737739563	4.4710001945495605	49.0620002746582	1.0980000495910645	6.63100004196167	E	A
79	79	54.70800018310547	3.2039999961853027	5.818999767303467	56.439998626708984	1.3739999532699585	5.488999843597412	D	A
80	80	54.33100128173828	6.880000114440918	6.577000141143799	50.36228561401367	5.668571335928781	6.766285691942487	Y	P
81	81	56.992000579833984	9.598999977111816	6.763999938964844	60.343428475516184	11.999428612845284	6.248142855507987	Y	P
82	82	56.665000915527344	12.782999992370605	8.807000160217285	56.612998962402344	12.00100040435791	11.237000465393066	T	P
83	83	59.24599838256836	15.505000114440918	8.633000373840332	59.24599838256836	15.505000114440918	8.633000373840332	G	G
84	84	57.43000030517578	17.829999923706055	11.067999839782715	55.178001403808594	17.93000030517578	9.871999740600586	D	A
85	85	57.29899978637695	15.958999633789062	14.300000190734863	58.17140121459961	16.15759983062744	17.794200134277343	H	B
86	86	54.0260009765625	13.961999893188477	13.755999565124512	56.16028594970703	11.542714255196708	16.537714413234166	Y	P
87	87	52.02000045776367	16.97800064086914	12.487000465393066	52.52199935913086	18.386999130249023	12.309000015258789	A	N
88	88	51.70199966430664	15.628000259399414	8.972999572753906	51.13800048828125	18.01300048828125	8.217000007629395	T	P
89	89	52.41400146484375	12.315999984741211	7.22599983215332	52.23800086975098	10.923666636149088	10.792166550954184	F	N
90	90	52.845001220703125	11.071000099182129	3.680000066757202	53.70800018310547	11.835000038146973	2.7300000190734863	S	P
91	91	52.57699966430664	7.473999977111816	2.555000066757202	50.24599838256836	6.309999942779541	2.5910000801086426	L	N
92	92	56.005001068115234	6.248000144958496	1.347000002861023	58.220001220703125	6.314000129699707	4.559000015258789	I	N
93	93	56.22600173950195	4.576000213623047	-2.052000045776367	55.46900177001953	4.317999839782715	-4.441999912261963	D	A
94	94	59.28799819946289	2.2950000762939453	-2.0329999923706055	59.604000091552734	0.296999990940094	1.2829999923706055	Q	P
95	95	58.85200119018555	1.6490000486373901	-5.7829999923706055	56.85200119018555	0.11800000071525574	-5.6529998779296875	T	P
96	96	60.154998779296875	5.090000152587891	-6.798999786376953	57.75899887084961	6.484000205993652	-6.26200008392334	C	P
