Nr	Nidx	CaX	CaY	CaZ	PosX	PosY	PosZ	Let	Type
19	1	11.911999702453613	-37.066001892089844	4.5980000495910645	12.005000114440918	-39.2599983215332	5.880000114440918	N	P
20	2	10.763999938964844	-33.73899841308594	6.038000106811523	12.284000396728516	-31.691999435424805	5.506999969482422	L	N
21	3	7.84499979019165	-32.2239990234375	7.934000015258789	3.194000005722046	-32.3650016784668	12.180000305175781	K	B
22	4	7.394000053405762	-28.743999481201172	6.505000114440918	9.269000053405762	-29.292999267578125	4.816999912261963	T	P
23	5	3.7980000972747803	-27.83799934387207	7.306000232696533	1.5169999599456787	-28.257999420166016	4.241000175476074	E	A
24	6	1.61899995803833	-27.917999267578125	10.392999649047852	5.564888901180691	-28.20255512661404	11.61155562930637	T	N
25	7	-1.975000023841858	-27.64299964904785	9.147000312805176	-1.3589999675750732	-29.64699935913086	7.974999904632568	P	N
26	8	-3.1440000534057617	-29.187999725341797	12.428999900817871	-0.04399999976158142	-30.774999618530273	12.862000465393066	E	A
27	9	-1.9839999675750732	-26.007999420166016	14.142999649047852	0.4309999942779541	-26.69499969482422	14.831000328063965	L	N
28	10	-4.453999996185303	-23.429000854492188	12.782999992370605	-5.160999774932861	-23.33799934387207	11.435999870300293	V	N
29	11	-6.293000221252441	-21.95599937438965	15.772000312805176	-6.293000221252441	-21.95599937438965	15.772000312805176	G	G
30	12	-3.8959999084472656	-23.07900047302246	18.506000518798828	-5.640999794006348	-27.360000610351562	17.290000915527344	K	B
31	13	-1.878999948501587	-20.773000717163086	20.760000228881836	-1.9620000123977661	-20.750999450683594	22.275999069213867	S	P
32	14	1.7170000076293945	-19.834999084472656	20.003000259399414	2.2679998874664307	-18.40399932861328	19.982999801635742	V	N
33	15	2.7009999752044678	-21.663999557495117	23.222000122070312	1.059000015258789	-19.03700065612793	23.882999420166016	E	A
34	16	0.9950000047683716	-24.867000579833984	22.107999801635742	-2.9670000076293945	-25.10300064086914	22.597999572753906	E	A
35	17	2.3010001182556152	-24.450000762939453	18.527999877929688	1.8300000429153442	-23.344999313354492	17.594999313354492	A	N
36	18	5.961999893188477	-23.951000213623047	19.582000732421875	7.132999897003174	-18.641000747680664	22.527000427246094	K	B
37	19	5.84499979019165	-27.167999267578125	21.583999633789062	5.0320000648498535	-26.134000778198242	25.56599998474121	K	B
38	20	4.604000091552734	-29.2189998626709	18.614999771118164	3.190000057220459	-29.149999618530273	18.01799964904785	V	N
39	21	6.949999809265137	-27.73900032043457	16.031999588012695	5.392000198364258	-24.430999755859375	14.609999656677246	I	N
40	22	9.982000350952148	-28.216999053955078	18.292999267578125	10.842000007629395	-26.016000747680664	19.38800048828125	L	N
41	23	8.890999794006348	-31.825000762939453	18.77400016784668	6.508999824523926	-33.577999114990234	21.094999313354492	Q	P
42	24	8.928999900817871	-32.382999420166016	14.99899959564209	6.390999794006348	-32.55400085449219	14.477999687194824	D	A
43	25	11.76200008392334	-29.988000869750977	14.114999771118164	13.22599983215332	-27.490999221801758	9.406000137329102	K	B
44	26	14.182999610900879	-29.65399932861328	17.033000946044922	14.133999824523926	-32.0629997253418	16.974000930786133	P	N
45	27	16.354000091552734	-27.128999710083008	15.130999565124512	15.732000350952148	-28.687999725341797	12.164999961853027	E	A
46	28	13.479999542236328	-24.809999465942383	14.15999984741211	12.005999565124512	-25.17799949645996	14.177000045776367	A	N
47	29	13.934000015258789	-21.07900047302246	14.630000114440918	16.78700065612793	-20.673999786376953	15.817999839782715	Q	P
48	30	10.406000137329102	-19.875	15.480999946594238	9.074999809265137	-22.874000549316406	17.679000854492188	I	N
49	31	9.350000381469727	-16.429000854492188	14.248000144958496	12.286999702453613	-15.564000129699707	14.052000045776367	I	N
50	32	6.020999908447266	-14.883000373840332	15.3149995803833	5.781000137329102	-14.852999687194824	16.8439998626709	V	N
51	33	4.434000015258789	-12.28600025177002	13.005999565124512	6.571000099182129	-12.463000297546387	11.463000297546387	L	N
52	34	0.9879999756813049	-10.678999900817871	12.717000007629395	2.187999963760376	-8.710000038146973	13.473999977111816	P	N
53	35	-1.1619999408721924	-11.85200023651123	9.751999855041504	-2.61299991607666	-12.380000114440918	9.772000312805176	V	N
54	36	-0.75	-9.522000312805176	6.758999824523926	-0.75	-9.522000312805176	6.758999824523926	G	G
55	37	3.0260000228881836	-9.02400016784668	7.2210001945495605	5.2729997634887695	-8.869999885559082	8.656000137329102	T	P
56	38	5.138999938964844	-8.819000244140625	4.064000129699707	3.1649999618530273	-6.921999931335449	1.3739999532699585	I	N
57	39	8.378999710083008	-10.77400016784668	4.491000175476074	8.279999732971191	-12.142999649047852	5.193999767303467	V	N
58	40	11.67300033569336	-10.826000213623047	2.569999933242798	14.010000228881836	-9.718999862670898	2.197999954223633	T	P
59	41	11.789999961853027	-13.42300033569336	-0.23100000619888306	13.38599967956543	-11.631999969482422	-4.439000129699707	M	N
60	42	14.630000114440918	-15.347999572753906	1.4730000495910645	15.947999954223633	-13.598999977111816	4.797999858856201	E	A
61	43	14.25100040435791	-19.115999221801758	2.0299999713897705	13.34257139478411	-23.14242880684989	1.8004285608019148	Y	P
62	44	15.538999557495117	-20.643999099731445	5.298999786376953	19.023000717163086	-19.200000762939453	8.892999649047852	R	B
63	45	15.194000244140625	-24.35700035095215	6.002999782562256	16.672000885009766	-27.836999893188477	4.742000102996826	I	N
64	46	15.5	-24.051000595092773	9.809000015258789	17.527000427246094	-22.57699966430664	10.305000305175781	D	A
65	47	12.918000221252441	-21.30900001525879	10.140999794006348	13.460000038146973	-16.613000869750977	7.090000152587891	R	B
66	48	9.239999771118164	-21.55500030517578	11.079000473022461	8.739999771118164	-22.72100067138672	11.951000213623047	V	N
67	49	7.130000114440918	-18.388999938964844	10.852999687194824	9.597999572753906	-15.876999855041504	5.896999835968018	R	B
68	50	3.88100004196167	-18.326000213623047	12.86400032043457	4.585999965667725	-19.961000442504883	14.77400016784668	L	N
69	51	1.253999948501587	-15.871000289916992	11.531999588012695	3.1511666774749756	-14.869333267211914	8.41616678237915	F	N
70	52	-0.8930000066757202	-14.807000160217285	14.479999542236328	-0.18199999630451202	-14.793999671936035	15.848999977111816	V	N
71	53	-4.23799991607666	-13.107000350952148	15.079000473022461	-5.86899995803833	-14.57800006866455	16.391000747680664	D	A
72	54	-5.0970001220703125	-10.437999725341797	17.68000030517578	-8.402000427246094	-5.329999923706055	17.839000701904297	K	B
73	55	-5.201000213623047	-13.055000305175781	20.437000274658203	-7.765999794006348	-12.854000091552734	20.906999588012695	L	N
74	56	-1.9539999961853027	-14.753999710083008	19.38599967956543	-0.4659999907016754	-13.319000244140625	20.898000717163086	D	A
75	57	-3.5980000495910645	-17.863000869750977	17.854000091552734	-5.49399995803833	-18.261999130249023	19.406999588012695	N	P
76	58	-2.184999942779541	-19.433000564575195	14.666999816894531	0.14000000059604645	-20.01799964904785	16.423999786376953	I	N
77	59	-4.214000225067139	-17.966999053955078	11.809000015258789	-4.229000091552734	-16.42799949645996	11.72599983215332	A	N
78	60	-2.5969998836517334	-19.76300048828125	8.857000350952148	-1.2170000076293945	-16.534000396728516	7.099999904632568	E	A
79	61	-0.8489999771118164	-23.111000061035156	8.362000465393066	-1.0540000200271606	-24.094999313354492	7.183000087738037	V	N
80	62	2.7139999866485596	-22.871000289916992	9.687000274658203	1.6200000047683716	-23.327999114990234	11.814000129699707	P	N
81	63	5.394999980926514	-23.822999954223633	7.129000186920166	1.1239999532699585	-23.113000869750977	3.9079999923706055	R	B
82	64	9.1899995803833	-23.996000289916992	6.828000068664551	10.003999710083008	-25.297000885009766	6.631999969482422	V	N
83	65	11.026000022888184	-21.173999786376953	5.057000160217285	11.026000022888184	-21.173999786376953	5.057000160217285	G	G
