Nr	Nidx	CaX	CaY	CaZ	PosX	PosY	PosZ	Let	Type
2	1	8.423999786376953	12.244999885559082	31.440000534057617	8.12399959564209	11.437000274658203	32.69599914550781	I	N
3	2	6.525000095367432	15.352999687194824	30.423999786376953	6.946000099182129	15.944999694824219	29.06599998474121	V	N
4	3	3.0929999351501465	16.0939998626709	31.874000549316406	2.7119998931884766	15.312000274658203	33.13800048828125	T	P
5	4	2.997999906539917	19.87299919128418	31.525999069213867	3.2690000534057617	20.555999755859375	32.86800003051758	D	A
6	5	3.9639999866485596	22.538999557495117	28.976999282836914	3.427000045776367	23.972000122070312	28.864999771118164	N	P
7	6	7.591000080108643	22.02400016784668	28.042999267578125	8.001999855041504	20.716999053955078	28.72800064086914	S	P
8	7	9.9350004196167	22.666000366210938	25.143999099731445	9.913000106811523	24.079999923706055	24.545000076293945	I	N
9	8	13.373000144958496	21.10700035095215	24.718000411987305	13.373000144958496	21.10700035095215	24.718000411987305	G	G
10	9	15.58899974822998	18.822999954223633	22.726999282836914	16.809999465942383	19.503000259399414	22.117000579833984	N	P
11	10	15.61299991607666	15.065999984741211	23.399999618530273	14.354000091552734	14.567000389099121	24.12299919128418	H	B
12	11	17.92799949645996	12.704999923706055	21.55900001525879	17.208999633789062	11.350000381469727	21.665000915527344	D	A
13	12	18.392000198364258	15.274999618530273	18.7810001373291	18.392000198364258	15.274999618530273	18.7810001373291	G	G
14	13	14.696000099182129	16.089000701904297	18.23699951171875	13.720000267028809	14.878000259399414	18.111000061035156	Y	P
15	14	13.01200008392334	19.325000762939453	19.343000411987305	12.904000282287598	20.611000061035156	18.525999069213867	D	A
16	15	10.16100025177002	18.072999954223633	21.52400016784668	10.246999740600586	16.92799949645996	22.548999786376953	Y	P
17	16	7.1579999923706055	20.042999267578125	22.761999130249023	6.814000129699707	21.257999420166016	21.91699981689453	E	A
18	17	4.197000026702881	19.329999923706055	25.02400016784668	4.395999908447266	18.64900016784668	26.36400032043457	F	N
19	18	1.5140000581741333	22.027999877929688	24.827999114990234	1.5829999446868896	22.948999404907227	23.584999084472656	T	N
20	19	-1.944000005722046	22.18400001525879	26.413999557495117	-2.2939999103546143	21.045000076293945	27.354000091552734	K	B
21	20	-4.390999794006348	24.80699920654297	27.613000869750977	-5.482999801635742	25.496999740600586	26.808000564575195	D	A
22	21	-6.125	24.452999114990234	30.989999771118164	-6.691999912261963	25.618999481201172	31.840999603271484	S	P
23	22	-8.038999557495117	21.37299919128418	32.03300094604492	-8.038999557495117	21.37299919128418	32.03300094604492	G	G
24	23	-7.580999851226807	17.628000259399414	31.80500030517578	-7.580999851226807	17.628000259399414	31.80500030517578	G	G
25	24	-4.230000019073486	15.963000297546387	31.64699935913086	-4.1620001792907715	15.01200008392334	32.862998962402344	S	P
26	25	-1.590000033378601	14.628000259399414	29.374000549316406	-1.590000033378601	14.628000259399414	29.374000549316406	G	G
27	26	1.475000023841858	12.446999549865723	29.621000289916992	1.3380000591278076	11.192999839782715	30.527000427246094	T	P
28	27	4.24399995803833	12.361000061035156	27.0310001373291	4.580999851226807	13.661999702453613	26.31999969482422	M	N
29	28	7.113999843597412	9.883999824523926	27.343000411987305	6.839000225067139	8.432999610900879	27.719999313354492	I	N
30	29	10.180999755859375	10.868000030517578	25.298999786376953	11.055000305175781	12.071999549865723	25.60099983215332	L	N
31	30	11.649999618530273	7.75	23.665000915527344	10.677000045776367	6.656000137329102	23.23699951171875	N	P
32	31	14.692000389099121	7.25600004196167	21.381999969482422	15.352999687194824	5.892000198364258	21.072999954223633	H	B
33	32	15.26200008392334	9.548999786376953	18.400999069213867	15.26200008392334	9.548999786376953	18.400999069213867	G	G
34	33	12.02299976348877	11.10200023651123	17.1299991607666	12.02299976348877	11.10200023651123	17.1299991607666	G	G
35	34	9.866999626159668	8.647000312805176	19.09000015258789	10.10200023651123	7.114999771118164	19.108999252319336	T	P
36	35	7.505000114440918	9.258999824523926	21.93600082397461	7.320000171661377	10.781999588012695	21.968000411987305	F	N
37	36	4.302999973297119	7.986000061035156	23.472000122070312	4.203000068664551	6.691999912261963	24.292999267578125	S	P
38	37	1.315000057220459	10.111000061035156	24.457000732421875	0.9739999771118164	11.147000312805176	23.38800048828125	A	N
39	38	-1.8070000410079956	9.744000434875488	26.577999114990234	-1.5570000410079956	8.809000015258789	27.75200080871582	Q	P
40	39	-4.468999862670898	12.383000373840332	27.225000381469727	-4.486000061035156	13.468999862670898	26.172000885009766	T	N
41	40	-7.6479997634887695	12.630000114440918	29.246999740600586	-7.452000141143799	11.741999626159668	30.475000381469727	N	P
42	41	-10.472999572753906	15.16100025177002	29.22800064086914	-11.072999954223633	15.029999732971191	30.636999130249023	N	P
43	42	-8.423999786376953	17.96299934387207	27.70199966430664	-7.164000034332275	17.766000747680664	26.822999954223633	V	N
44	43	-9.562000274658203	21.11400032043457	25.990999221801758	-9.623000144958496	22.55900001525879	26.43400001525879	N	P
45	44	-6.632999897003174	21.215999603271484	23.531999588012695	-6.565000057220459	22.466999053955078	22.677000045776367	N	P
46	45	-3.377000093460083	19.2450008392334	23.71299934387207	-3.388000011444092	18.072999954223633	24.68899917602539	I	N
47	46	-0.45399999618530273	18.738000869750977	21.315000534057617	-0.07100000232458115	19.85099983215332	20.34600067138672	L	N
48	47	2.5429999828338623	16.375999450683594	21.583999633789062	2.265000104904175	14.928000450134277	21.999000549316406	F	N
49	48	5.369999885559082	16.507999420166016	18.99799919128418	5.006999969482422	17.719999313354492	18.13599967956543	R	B
50	49	8.972999572753906	15.736000061035156	18.03700065612793	9.557000160217285	14.413000106811523	18.520999908447266	K	B
51	50	10.67199993133545	17.35300064086914	15.081999778747559	10.67199993133545	17.35300064086914	15.081999778747559	G	G
52	51	12.869999885559082	20.29599952697754	14.277000427246094	13.574999809265137	20.270999908447266	12.920999526977539	K	B
53	52	12.585000038146973	23.9060001373291	15.395999908447266	12.41100025177002	24.363000869750977	16.83099937438965	K	B
54	53	14.36299991607666	26.447999954223633	13.140999794006348	13.890999794006348	26.538999557495117	11.687000274658203	F	N
55	54	15.819000244140625	29.90399932861328	13.710000038146973	17.341999053955078	30.111000061035156	13.739999771118164	N	P
56	55	13.315999984741211	31.795000076293945	11.576000213623047	12.713000297546387	32.72200012207031	12.652999877929688	E	A
57	56	15.779000282287598	32.86800003051758	8.868000030517578	17.30699920654297	32.85100173950195	9.175999641418457	T	P
58	57	15.022000312805176	30.51799964904785	6.000999927520752	15.869000434875488	29.222000122070312	6.0279998779296875	Q	P
59	58	12.213000297546387	29.76300048828125	3.6070001125335693	12.083000183105469	30.174999237060547	2.131999969482422	T	P
60	59	11.295000076293945	26.083999633789062	3.303999900817871	9.92300033569336	25.447999954223633	3.1459999084472656	H	B
61	60	13.236000061035156	26.0310001373291	-0.012000000104308128	13.059000015258789	26.91900062561035	-1.2350000143051147	Q	P
62	61	16.34600067138672	27.304000854492188	1.809000015258789	16.430999755859375	28.694000244140625	2.447999954223633	Q	P
63	62	16.003000259399414	24.660999298095703	4.553999900817871	14.75100040435791	24.378000259399414	5.414999961853027	V	N
64	63	15.720000267028809	22.11199951171875	1.7519999742507935	15.720000267028809	22.11199951171875	1.7519999742507935	G	G
65	64	13.62600040435791	19.052000045776367	1.1269999742507935	14.003999710083008	17.95400047302246	0.12700000405311584	N	P
66	65	11.789999961853027	17.8439998626709	4.230000019073486	11.098999977111816	18.868999481201172	5.144999980926514	M	N
67	66	10.508000373840332	14.309000015258789	4.456999778747559	11.116999626159668	13.39900016784668	3.38700008392334	S	P
68	67	9.187999725341797	12.383999824523926	7.425000190734863	8.26099967956543	13.152000427246094	8.401000022888184	I	N
69	68	9.017000198364258	8.579000473022461	7.681000232696533	10.12600040435791	7.671999931335449	7.210999965667725	N	P
70	69	6.790999889373779	7.559000015258789	10.567999839782715	5.98199987411499	8.821999549865723	11.008000373840332	Y	P
71	70	4.692999839782715	4.914999961853027	12.1850004196167	4.692999839782715	4.914999961853027	12.1850004196167	G	G
72	71	2.2109999656677246	5.339000225067139	15.015000343322754	1.753000020980835	6.7870001792907715	15.182000160217285	A	N
73	72	-0.3009999990463257	3.2690000534057617	16.940000534057617	0.0949999988079071	2.3369998931884766	18.070999145507812	N	P
74	73	-3.059000015258789	5.89300012588501	17.101999282836914	-3.0739998817443848	6.808000087738037	15.880999565124512	F	N
75	74	-5.936999797821045	5.348999977111816	19.493000030517578	-5.618000030517578	4.248000144958496	20.506000518798828	Q	P
76	75	-8.081999778747559	8.406999588012695	19.930999755859375	-8.234000205993652	9.338000297546387	18.743000030517578	P	N
77	76	-11.348999977111816	8.288999557495117	21.839000701904297	-11.439000129699707	7.829999923706055	23.27199935913086	N	P
78	77	-12.95300006866455	11.237000465393066	20.06399917602539	-12.95300006866455	11.237000465393066	20.06399917602539	G	G
79	78	-11.366000175476074	14.177000045776367	18.28499984741211	-11.994000434875488	15.552000045776367	18.461999893188477	N	P
80	79	-7.679999828338623	13.932000160217285	17.520999908447266	-7.122000217437744	12.824000358581543	18.39299964904785	A	N
81	80	-5.23799991607666	14.262999534606934	14.640000343322754	-4.984000205993652	15.673999786376953	14.074999809265137	Y	P
82	81	-2.1019999980926514	12.343999862670898	13.61299991607666	-2.0999999046325684	10.845999717712402	13.375	L	N
83	82	-0.08399999886751175	14.699000358581543	11.461999893188477	-0.9660000205039978	15.973999977111816	11.5649995803833	C	P
84	83	2.9670000076293945	16.628999710083008	10.45300006866455	3.8550000190734863	16.511999130249023	9.222999572753906	V	N
85	84	2.6110000610351562	20.09000015258789	11.98799991607666	1.8450000286102295	19.95800018310547	13.29800033569336	Y	P
86	85	4.546000003814697	23.297000885009766	12.35099983215332	4.546000003814697	23.297000885009766	12.35099983215332	G	G
87	86	4.708000183105469	27.052000045776367	11.833999633789062	4.901000022888184	27.78700065612793	13.1850004196167	T	N
88	87	6.184000015258789	29.753000259399414	9.64900016784668	5.97599983215332	30.00200080871582	8.163999557495117	T	P
89	88	6.757999897003174	33.38800048828125	10.711999893188477	7.692999839782715	33.71099853515625	11.88599967956543	V	N
90	89	6.348999977111816	36.56700134277344	8.642999649047852	7.775000095367432	37.145999908447266	8.701000213623047	D	A
91	90	3.740999937057495	35.55099868774414	7.9679999351501465	2.49399995803833	35.4739990234375	7.033999919891357	P	N
92	91	2.7300000190734863	33.68000030517578	11.090999603271484	2.2300000190734863	34.36800003051758	12.35099983215332	L	N
93	92	1.0859999656677246	30.479000091552734	9.831000328063965	1.3760000467300415	30.163999557495117	8.354999542236328	V	N
94	93	0.29899999499320984	27.200000762939453	11.647000312805176	-0.6589999794960022	27.114999771118164	12.803999900817871	E	A
95	94	0.12999999523162842	24.172000885009766	9.34000015258789	1.0640000104904175	24.31800079345703	8.130999565124512	Y	P
96	95	-1.0490000247955322	20.583999633789062	9.248000144958496	-2.4760000705718994	20.408000946044922	9.77400016784668	Y	P
97	96	-0.5339999794960022	17.52400016784668	7.014999866485596	0.7860000133514404	17.20199966430664	6.333000183105469	I	N
98	97	-3.140000104904175	15.121000289916992	8.406000137329102	-4.538000106811523	15.678999900817871	8.722000122070312	V	N
99	98	-2.8299999237060547	11.390999794006348	7.791999816894531	-1.4930000305175781	10.666000366210938	7.814000129699707	D	A
100	99	-5.291999816894531	10.161999702453613	10.413000106811523	-4.883999824523926	8.82699966430664	11.057999610900879	S	P
101	100	-7.947999954223633	11.522000312805176	12.765000343322754	-8.743000030517578	12.59000015258789	12.015999794006348	T	N
102	101	-10.51099967956543	10.317999839782715	15.291000366210938	-10.51099967956543	10.317999839782715	15.291000366210938	G	G
103	102	-14.274999618530273	10.751999855041504	14.932999610900879	-15.208999633789062	10.852999687194824	16.163000106811523	N	P
104	103	-14.03600025177002	13.972999572753906	12.904999732971191	-14.36400032043457	15.178000450134277	13.777999877929688	T	N
105	104	-12.210000038146973	14.687000274658203	9.645999908447266	-12.5649995803833	14.142000198364258	8.27400016784668	R	B
106	105	-10.777999877929688	18.20400047302246	9.894000053405762	-9.430999755859375	18.367000579833984	10.640999794006348	P	N
107	106	-10.98900032043457	21.01300048828125	9.354999542236328	-9.868000030517578	22.016000747680664	8.984999656677246	P	N
108	107	-14.668999671936035	21.72599983215332	8.576000213623047	-14.668999671936035	21.72599983215332	8.576000213623047	G	G
109	108	-14.071000099182129	24.149999618530273	5.690999984741211	-12.845999717712402	25.054000854492188	5.824999809265137	A	N
110	109	-14.52400016784668	24.156999588012695	1.9129999876022339	-15.229999542236328	25.332000732421875	1.1829999685287476	T	P
111	110	-11.505000114440918	22.702999114990234	0.10000000149011612	-11.498000144958496	21.30699920654297	-0.5080000162124634	P	N
112	111	-9.262999534606934	24.996999740600586	-1.902999997138977	-8.17300033569336	25.87700080871582	-1.2940000295639038	K	B
113	112	-7.741000175476074	22.211000442504883	-4.005000114440918	-7.741000175476074	22.211000442504883	-4.005000114440918	G	G
114	113	-6.168000221252441	18.767000198364258	-3.812000036239624	-6.956999778747559	17.591999053955078	-4.46999979019165	T	P
115	114	-2.694999933242798	17.32900047302246	-3.822000026702881	-1.6119999885559082	17.91200065612793	-2.888000011444092	I	N
116	115	-1.7079999446868896	13.807999610900879	-4.829999923706055	-2.0429999828338623	12.989999771118164	-6.072000026702881	T	P
117	116	1.434000015258789	12.668999671936035	-3.061000108718872	1.9589999914169312	13.920999526977539	-2.3329999446868896	V	N
118	117	2.8320000171661377	9.720999717712402	-1.1180000305175781	2.944999933242798	10.270000457763672	0.3100000023841858	D	A
119	118	0.26899999380111694	7.328999996185303	-2.558000087738037	0.26899999380111694	7.328999996185303	-2.558000087738037	G	G
120	119	-2.6579999923706055	9.371999740600586	-1.2109999656677246	-2.6579999923706055	9.371999740600586	-1.2109999656677246	G	G
121	120	-5.026000022888184	12.185999870300293	-2.128000020980835	-6.265999794006348	11.90999984741211	-2.9839999675750732	T	P
122	121	-5.297999858856201	15.175999641418457	0.19499999284744263	-3.9769999980926514	15.677000045776367	0.8149999976158142	Y	P
123	122	-7.8460001945495605	17.95400047302246	0.2590000033378601	-9.25100040435791	17.836000442504883	0.7960000038146973	D	A
124	123	-6.26200008392334	21.354000091552734	0.843999981880188	-5.329999923706055	21.947999954223633	-0.22499999403953552	I	N
125	124	-7.815000057220459	23.95400047302246	3.1589999198913574	-8.642999649047852	23.350000381469727	4.331999778747559	Y	P
126	125	-7.159999847412109	27.35700035095215	4.709000110626221	-6.826000213623047	28.48900032043457	3.749000072479248	E	A
127	126	-8.8149995803833	28.39900016784668	7.999000072479248	-9.267000198364258	27.284000396728516	8.956000328063965	T	P
128	127	-8.385000228881836	31.319000244140625	10.406999588012695	-9.17199993133545	32.54399871826172	9.982000350952148	L	N
129	128	-7.5960001945495605	31.437999725341797	14.142999649047852	-6.421000003814697	30.667999267578125	14.72599983215332	R	B
130	129	-8.70300006866455	34.71099853515625	15.817000389099121	-10.116000175476074	35.207000732421875	15.543999671936035	V	N
131	130	-6.900000095367432	35.84600067138672	18.98699951171875	-7.863999843597412	36.81399917602539	19.70599937438965	N	P
132	131	-5.74399995803833	32.31999969482422	19.881000518798828	-6.11299991607666	31.134000778198242	18.944000244140625	Q	P
133	132	-2.561000108718872	30.908000946044922	21.39699935913086	-2.6089999675750732	29.697999954223633	22.29400062561035	P	N
134	133	0.44200000166893005	30.80699920654297	19.107999801635742	0.3709999918937683	31.790000915527344	17.966999053955078	S	P
135	134	4.2210001945495605	30.41699981689453	19.174999237060547	5.053999900817871	29.857999801635742	18.007999420166016	I	N
136	135	4.281000137329102	34.25699996948242	19.229000091552734	4.460999965667725	34.887001037597656	17.84600067138672	K	B
137	136	1.5	34.99399948120117	21.7549991607666	1.5	34.99399948120117	21.7549991607666	G	G
138	137	-2.240999937057495	35.57899856567383	21.35300064086914	-3.1480000019073486	36.29899978637695	22.35099983215332	I	N
139	138	-2.553999900817871	36.12099838256836	17.648000717163086	-1.2059999704360962	35.71500015258789	17.031999588012695	A	N
140	139	-4.755000114440918	36.00299835205078	14.602999687194824	-5.677999973297119	37.176998138427734	14.26099967956543	T	P
141	140	-3.257999897003174	33.7130012512207	11.970000267028809	-2.046999931335449	33.029998779296875	12.635000228881836	F	N
142	141	-4.076000213623047	31.320999145507812	9.196000099182129	-3.7109999656677246	31.51799964904785	7.730000019073486	K	B
143	142	-3.9800000190734863	27.559999465942383	9.456999778747559	-4.988999843597412	26.78499984741211	10.336000442504883	Q	P
144	143	-2.9579999446868896	25.663999557495117	6.304999828338623	-1.7330000400543213	25.965999603271484	5.453999996185303	Y	P
145	144	-4.061999797821045	22.054000854492188	5.841000080108643	-5.5	21.729000091552734	6.316999912261963	T	N
146	145	-3.5769999027252197	18.98200035095215	3.693000078201294	-2.2869999408721924	18.496000289916992	3.055999994277954	S	P
147	146	-6.002999782562256	16.240999221801758	4.909999847412109	-7.308000087738037	16.726999282836914	5.540999889373779	V	N
148	147	-5.771999835968018	12.699999809265137	3.506999969482422	-4.947999954223633	11.562000274658203	4.10699987411499	R	B
149	148	-8.991999626159668	11.28600025177002	2.0759999752044678	-9.4399995803833	11.211999893188477	0.6159999966621399	R	B
150	149	-8.520999908447266	7.954999923706055	3.875	-8.505000114440918	6.690999984741211	2.996000051498413	S	P
151	150	-6.711999893188477	7.366000175476074	7.165999889373779	-7.414999961853027	6.934999942779541	8.46399974822998	K	B
152	151	-3.2690000534057617	5.853000164031982	7.507999897003174	-2.430999994277954	5.697000026702881	6.254000186920166	R	B
153	152	-0.9330000281333923	5.64900016784668	10.494000434875488	-1.534999966621399	5.052999973297119	11.795999526977539	T	P
154	153	2.438999891281128	4.827000141143799	8.947999954223633	2.9070000648498535	3.3929998874664307	9.267000198364258	S	P
155	154	4.366000175476074	5.828999996185303	5.813000202178955	4.366000175476074	5.828999996185303	5.813000202178955	G	G
156	155	6.271999835968018	8.75100040435791	4.361999988555908	7.3520002365112305	8.470000267028809	3.2990000247955322	T	P
157	156	5.061999797821045	12.35200023651123	4.191999912261963	4.427999973297119	13.029000282287598	5.413000106811523	I	N
158	157	6.949999809265137	14.4399995803833	1.5679999589920044	6.723999977111816	14.145000457763672	0.07599999755620956	S	P
159	158	6.410999774932861	17.674999237060547	3.503999948501587	7.189000129699707	18.08099937438965	4.7779998779296875	V	N
160	159	7.961999893188477	19.979000091552734	0.9110000133514404	9.439000129699707	19.972000122070312	0.45899999141693115	S	P
161	160	5.550000190734863	18.742000579833984	-1.781999945640564	5.270999908447266	17.319000244140625	-2.2230000495910645	N	P
162	161	2.678999900817871	19.96500015258789	0.3720000088214874	2.359999895095825	19.516000747680664	1.8049999475479126	H	B
163	162	4.36299991607666	23.357999801635742	0.8399999737739563	5.764999866485596	23.617000579833984	1.4249999523162842	F	N
164	163	4.747000217437744	23.777000427246094	-2.937999963760376	5.64900016784668	22.950000762939453	-3.86299991607666	R	B
165	164	1.065999984741211	22.888999938964844	-3.4700000286102295	0.3659999966621399	21.610000610351562	-3.069999933242798	A	N
166	165	0.02500000037252903	25.43199920654297	-0.8299999833106995	0.37400001287460327	25.41699981689453	0.6549999713897705	T	N
167	166	2.2300000190734863	28.148000717163086	-2.361999988555908	3.746999979019165	28.14299964904785	-2.390000104904175	E	A
168	167	0.8370000123977661	27.18600082397461	-5.764999866485596	0.7649999856948853	25.79400062561035	-6.388999938964844	N	P
169	168	-2.6579999923706055	27.92300033569336	-4.39900016784668	-3.4609999656677246	26.923999786376953	-3.5490000247955322	L	N
170	169	-1.5230000019073486	31.312000274658203	-3.0369999408721924	-1.5230000019073486	31.312000274658203	-3.0369999408721924	G	G
171	170	-1.2519999742507935	30.152999877929688	0.5759999752044678	-1.6670000553131104	28.757999420166016	1.0260000228881836	M	N
172	171	1.7899999618530273	32.29600143432617	1.4759999513626099	1.6829999685287476	33.821998596191406	1.628000020980835	N	P
173	172	4.521999835968018	30.82699966430664	3.6530001163482666	5.1479997634887695	29.48900032043457	3.253000020980835	M	N
174	173	7.0269999504089355	32.68000030517578	5.797999858856201	7.0269999504089355	32.68000030517578	5.797999858856201	G	G
175	174	10.348999977111816	31.643999099731445	7.267000198364258	11.303999900817871	32.53900146484375	8.04800033569336	K	B
176	175	10.454999923706055	28.22599983215332	8.876999855041504	11.253999710083008	27.048999786376953	8.300000190734863	M	N
177	176	9.880000114440918	27.993000030517578	12.605999946594238	8.762999534606934	28.76799964904785	13.302000045776367	Y	P
178	177	9.092000007629395	24.250999450683594	12.937999725341797	8.262999534606934	24.177000045776367	14.234999656677246	E	A
179	178	8.27299976348877	20.9060001373291	11.260000228881836	8.881999969482422	20.547000885009766	9.902999877929688	V	N
180	179	7.176000118255615	17.948999404907227	13.468000411987305	7.191999912261963	18.433000564575195	14.92199993133545	A	N
181	180	5.301000118255615	14.677000045776367	13.696999549865723	5.915999889373779	13.281000137329102	13.748000144958496	L	N
182	181	2.48799991607666	15.569000244140625	15.984999656677246	2.0910000801086426	17.018999099731445	15.607000350952148	T	P
183	182	-0.45899999141693115	14.102999687194824	17.888999938964844	-0.3179999887943268	12.928999900817871	18.83300018310547	V	N
184	183	-3.2230000495910645	16.652000427246094	18.660999298095703	-3.6010000705718994	17.729999542236328	17.666000366210938	E	A
185	184	-6.298999786376953	16.027999877929688	20.81800079345703	-6.298999786376953	16.027999877929688	20.81800079345703	G	G
186	185	-9.37600040435791	18.20400047302246	21.243999481201172	-9.708999633789062	18.97599983215332	19.966999053955078	Y	P
187	186	-12.12399959564209	17.79599952697754	23.86199951171875	-13.302000045776367	18.62700080871582	23.336000442504883	Q	P
188	187	-11.279999732971191	14.133000373840332	24.07200050354004	-10.97599983215332	13.720000267028809	22.611000061035156	S	P
189	188	-9.109000205993652	11.430999755859375	25.576000213623047	-9.788999557495117	10.631999969482422	26.70199966430664	S	P
190	189	-6.859000205993652	8.835000038146973	23.985000610351562	-6.859000205993652	8.835000038146973	23.985000610351562	G	G
191	190	-3.3940000534057617	7.563000202178955	23.385000228881836	-3.1019999980926514	6.317999839782715	24.222999572753906	S	P
192	191	-0.7689999938011169	7.252999782562256	20.711000442504883	-0.722000002861023	8.550999641418457	19.898000717163086	A	N
193	192	2.4800000190734863	5.335999965667725	20.42300033569336	2.484999895095825	3.8359999656677246	20.740999221801758	N	P
194	193	4.815000057220459	7.017000198364258	17.920000076293945	5.083000183105469	8.531999588012695	17.81800079345703	V	N
195	194	7.215000152587891	4.105999946594238	17.4060001373291	6.692999839782715	2.6540000438690186	17.32200050354004	Y	P
196	195	8.79800033569336	5.5279998779296875	14.265999794006348	8.699999809265137	4.531000137329102	13.123000144958496	S	P
197	196	9.62600040435791	9.138999938964844	13.375	9.034000396728516	10.005000114440918	14.503000259399414	N	P
198	197	12.579999923706055	10.204000473022461	11.256999969482422	13.432999610900879	9.13599967956543	10.53499984741211	T	P
199	198	12.82800006866455	13.64799976348877	9.798999786376953	12.682999610900879	14.935999870300293	10.593000411987305	L	N
200	199	15.163999557495117	13.899999618530273	6.801000118255615	15.270999908447266	12.843999862670898	5.7179999351501465	R	B
201	200	16.319000244140625	17.26300048828125	5.480999946594238	16.68000030517578	18.368000030517578	6.455999851226807	I	N
202	201	17.950000762939453	16.951000213623047	2.053999900817871	19.065000534057617	17.975000381469727	2.0460000038146973	N	P
203	202	17.856000900268555	13.175000190734863	2.558000087738037	17.856000900268555	13.175000190734863	2.558000087738037	G	G
204	203	19.79599952697754	13.338000297546387	5.849999904632568	20.92300033569336	14.388999938964844	5.854000091552734	N	P
205	204	18.172000885009766	12.208999633789062	9.100000381469727	18.3439998626709	10.765000343322754	9.57699966430664	P	N
206	205	18.10099983215332	14.550000190734863	12.098999977111816	16.80500030517578	15.026000022888184	12.746000289916992	L	N
207	206	20.700000762939453	13.994999885559082	14.847000122070312	21.908000946044922	13.258000373840332	14.25	S	P
207	207	9.902999877929688	12.291999816894531	31.062000274658203	9.902999877929688	12.291999816894531	31.062000274658203	X	X
208	208	21.211999893188477	15.109999656677246	15.762999534606934	21.211999893188477	15.109999656677246	15.762999534606934	Z	Z
