Nr	Nidx	CaX	CaY	CaZ	PosX	PosY	PosZ	Let	Type
7	1	61.75600051879883	23.354000091552734	20.905000686645508	60.37799835205078	23.600000381469727	20.277000427246094	L	N
8	2	63.22100067138672	20.21299934387207	19.354999542236328	64.43800354003906	19.63599967956543	20.097000122070312	H	B
9	3	61.71200180053711	17.631000518798828	17.020999908447266	61.720001220703125	17.784000396728516	15.5	K	B
10	4	61.638999938964844	13.956000328063965	17.94700050354004	61.13199996948242	13.626999855041504	19.347999572753906	E	A
11	5	61.066001892089844	10.95199966430664	15.682999610900879	62.23500061035156	10.024999618530273	15.376999855041504	P	N
12	6	57.810001373291016	9.012999534606934	15.711999893188477	56.678001403808594	9.954000473022461	16.1299991607666	A	N
13	7	56.11800003051758	6.340000152587891	13.628999710083008	56.650001525878906	4.894999980926514	13.770000457763672	T	P
14	8	52.555999755859375	6.560999870300293	12.354000091552734	52.18600082397461	7.050000190734863	10.95199966430664	L	N
15	9	50.21099853515625	3.8989999294281006	13.711000442504883	49.98899841308594	3.690999984741211	15.223999977111816	I	N
16	10	46.83000183105469	5.2270002365112305	12.642000198364258	45.84700012207031	4.302000045776367	13.36299991607666	K	B
17	11	45.24800109863281	8.48900032043457	11.508999824523926	45.263999938964844	9.003000259399414	10.07800006866455	A	N
18	12	42.064998626708984	9.050999641418457	13.522000312805176	42.10100173950195	9.230999946594238	15.045000076293945	I	N
19	13	40.801998138427734	12.317999839782715	12.055999755859375	39.48699951171875	12.607999801635742	12.803000450134277	D	A
20	14	41.680999755859375	15.907999992370605	11.305000305175781	41.680999755859375	15.907999992370605	11.305000305175781	G	G
21	15	43.029998779296875	16.832000732421875	14.746999740600586	42.18600082397461	17.763999938964844	15.628000259399414	D	A
22	16	44.17499923706055	13.52400016784668	16.27199935913086	43.180999755859375	12.920999526977539	17.280000686645508	T	P
23	17	46.643001556396484	10.833999633789062	15.276000022888184	47.68000030517578	11.404000282287598	14.26200008392334	V	N
24	18	48.02199935913086	7.686999797821045	16.91699981689453	47.20500183105469	6.396999835968018	17.000999450683594	K	B
25	19	51.808998107910156	7.423999786376953	16.92099952697754	52.50199890136719	8.791999816894531	16.87700080871582	L	N
26	20	54.52199935913086	5.164000034332275	18.256000518798828	55.20199966430664	4.059000015258789	17.447999954223633	M	N
27	21	56.46699905395508	7.585000038146973	20.430999755859375	55.680999755859375	8.793000221252441	20.957000732421875	Y	P
28	22	59.604000091552734	6.484000205993652	22.275999069213867	59.715999603271484	7.381999969482422	23.51099967956543	K	B
29	23	58.66899871826172	2.821000099182129	22.0	58.66899871826172	2.821000099182129	22.0	G	G
30	24	54.992000579833984	3.063999891281128	22.97100067138672	54.763999938964844	3.3320000171661377	24.45599937438965	Q	P
31	25	51.70100021362305	3.8450000286102295	21.194000244140625	50.69900131225586	2.7109999656677246	20.96500015258789	P	N
32	26	50.2140007019043	7.230999946594238	22.073999404907227	51.35900115966797	8.072999954223633	22.652999877929688	M	N
33	27	47.40800094604492	9.458000183105469	20.82699966430664	45.930999755859375	9.305999755859375	21.256999969482422	T	P
34	28	48.37200164794922	13.01099967956543	19.893999099731445	49.62799835205078	13.241999626159668	19.04199981689453	F	N
35	29	46.13600158691406	16.062000274658203	19.555999755859375	45.3129997253418	16.52400016784668	20.763999938964844	R	B
36	30	47.409000396728516	18.695999145507812	17.11199951171875	47.01900100708008	18.791000366210938	15.635000228881836	L	N
37	31	48.20199966430664	21.975000381469727	18.854000091552734	49.5880012512207	22.381999969482422	19.374000549316406	L	N
38	32	46.400001525878906	25.219999313354492	18.014999389648438	47.54899978637695	26.163999557495117	17.659000396728516	L	N
39	33	44.00899887084961	23.799999237060547	15.437999725341797	44.58700180053711	22.908000946044922	14.289999961853027	V	N
40	34	40.25299835205078	23.26099967956543	15.395000457763672	39.387001037597656	24.423999786376953	15.88599967956543	D	A
41	35	39.159000396728516	20.94300079345703	12.597000122070312	39.99300003051758	19.735000610351562	12.15999984741211	T	P
42	36	35.54399871826172	20.093000411987305	11.722000122070312	35.04100036621094	20.288999557495117	10.293999671936035	P	N
43	37	34.59400177001953	16.913000106811523	13.60099983215332	33.77899932861328	16.85099983215332	14.901000022888184	E	A
44	38	33.847999572753906	13.76099967956543	11.609999656677246	34.98400115966797	12.89900016784668	11.02400016784668	T	P
51	39	29.892000198364258	14.805000305175781	10.559000015258789	29.968000411987305	13.85200023651123	9.343999862670898	V	N
52	40	30.474000930786133	18.551000595092773	10.281000137329102	31.332000732421875	19.375	11.243000030517578	E	A
53	41	31.093000411987305	20.391000747680664	7.013999938964844	30.493999481201172	21.764999389648438	6.697000026702881	K	B
54	42	34.6349983215332	19.77199935913086	5.718999862670898	35.22800064086914	21.187000274658203	5.796999931335449	Y	P
55	43	35.1349983215332	17.194000244140625	8.460000038146973	35.1349983215332	17.194000244140625	8.460000038146973	G	G
56	44	35.909000396728516	14.385000228881836	5.993000030517578	34.78499984741211	13.76099967956543	5.159999847412109	P	N
57	45	38.03200149536133	16.764999389648438	3.882999897003174	37.62699890136719	18.156999588012695	3.382999897003174	E	A
58	46	40.183998107910156	17.65999984741211	6.889999866485596	39.66299819946289	18.361000061035156	8.142000198364258	A	N
59	47	40.492000579833984	14.001999855041504	7.9120001792907715	39.32699966430664	13.069999694824219	8.262999534606934	S	P
60	48	41.49399948120117	12.826000213623047	4.440999984741211	40.61199951171875	12.888999938964844	3.2090001106262207	A	N
61	49	43.98699951171875	15.675999641418457	4.1529998779296875	43.659000396728516	17.149999618530273	4.4120001792907715	F	N
62	50	45.73500061035156	14.803999900817871	7.416999816894531	45.07899856567383	14.899999618530273	8.807999610900879	T	P
63	51	45.59700012207031	11.07699966430664	6.631999969482422	44.30099868774414	10.3149995803833	6.3429999351501465	K	B
64	52	47.16299819946289	11.442000389099121	3.187000036239624	46.53799819946289	12.182000160217285	2.003999948501587	K	B
65	53	49.88800048828125	13.767999649047852	4.4710001945495605	49.62699890136719	15.12399959564209	5.131999969482422	M	N
66	54	50.784000396728516	11.420000076293945	7.323999881744385	49.9119987487793	11.269000053405762	8.574999809265137	E	A
67	55	50.5620002746582	8.03600025177002	5.572999954223633	49.26900100708008	7.400000095367432	5.059999942779541	E	A
68	56	52.66899871826172	9.164999961853027	2.5929999351501465	52.090999603271484	10.050000190734863	1.4869999885559082	N	P
69	57	55.42599868774414	10.746000289916992	4.690999984741211	55.198001861572266	11.54699993133545	5.980000019073486	A	N
70	58	58.88399887084961	9.177000045776367	4.896999835968018	60.0890007019043	9.633000373840332	4.065999984741211	K	B
71	59	59.52199935913086	10.755000114440918	8.28499984741211	60.84700012207031	11.520000457763672	8.364999771118164	K	B
72	60	57.097999572753906	11.86299991607666	10.993000030517578	55.935001373291016	10.946999549865723	11.444999694824219	I	N
73	61	58.32600021362305	14.072999954223633	13.810999870300293	59.45500183105469	15.031000137329102	13.440999984741211	E	A
74	62	56.63600158691406	15.371999740600586	16.94099998474121	56.10900115966797	14.359000205993652	17.98699951171875	V	N
75	63	57.42399978637695	18.68000030517578	18.59600067138672	57.7239990234375	19.78499984741211	17.58300018310547	E	A
76	64	56.14099884033203	19.45599937438965	22.084999084472656	56.52000045776367	18.70599937438965	23.36199951171875	F	N
77	65	55.65299987792969	23.0939998626709	23.041000366210938	54.356998443603516	23.888999938964844	22.875	D	A
78	66	56.77000045776367	24.753000259399414	26.290000915527344	57.43600082397461	26.135000228881836	26.305999755859375	K	B
79	67	53.48099899291992	24.356000900268555	28.163000106811523	53.48099899291992	24.356000900268555	28.163000106811523	G	G
80	68	51.584999084472656	21.29400062561035	29.405000686645508	50.20600128173828	21.32200050354004	30.06399917602539	Q	P
81	69	52.33399963378906	18.24799919128418	27.21299934387207	53.619998931884766	17.424999237060547	27.38599967956543	R	B
82	70	49.08000183105469	16.259000778198242	27.584999084472656	49.25899887084961	14.91100025177002	28.326000213623047	T	P
83	71	45.409000396728516	17.19300079345703	27.868000030517578	44.459999084472656	17.45400047302246	26.687000274658203	D	A
84	72	42.84199905395508	15.842000007629395	30.334999084472656	41.566001892089844	16.573999404907227	30.764999389648438	K	B
85	73	42.178001403808594	12.836999893188477	28.086000442504883	41.31100082397461	12.932999610900879	26.82900047302246	Y	P
86	74	45.78900146484375	11.642000198364258	28.05699920654297	45.78900146484375	11.642000198364258	28.05699920654297	G	G
87	75	46.53499984741211	12.878999710083008	24.53700065612793	45.47800064086914	13.411999702453613	23.572999954223633	R	B
88	76	49.91299819946289	14.437999725341797	23.777999877929688	49.91299819946289	14.437999725341797	23.777999877929688	G	G
89	77	49.75400161743164	18.086000442504883	22.67799949645996	49.34000015258789	19.163000106811523	23.683000564575195	L	N
90	78	52.18899917602539	18.785999298095703	19.861000061035156	53.108001708984375	17.57699966430664	19.827999114990234	A	N
91	79	53.04199981689453	20.128999710083008	16.444000244140625	54.0260009765625	21.283000946044922	16.233999252319336	Y	P
92	80	53.33700180053711	17.240999221801758	13.982000350952148	52.14899826049805	16.285999298095703	13.744000434875488	I	N
93	81	55.70899963378906	17.30900001525879	11.013999938964844	57.13999938964844	17.788000106811523	11.258000373840332	Y	P
94	82	55.492000579833984	15.161999702453613	7.874000072479248	54.138999938964844	15.0	7.205999851226807	A	N
95	83	58.755001068115234	15.21500015258789	5.890999794006348	58.37699890136719	14.843999862670898	4.455999851226807	D	A
96	84	59.59299850463867	18.572999954223633	7.420000076293945	59.59299850463867	18.572999954223633	7.420000076293945	G	G
97	85	56.176998138427734	20.10300064086914	6.736000061035156	55.382999420166016	19.860000610351562	5.442999839782715	K	B
98	86	54.10200119018555	20.968000411987305	9.8100004196167	54.19900131225586	22.26099967956543	10.628000259399414	M	N
99	87	50.66899871826172	19.354000091552734	9.531999588012695	50.2599983215332	17.952999114990234	10.074000358581543	V	N
100	88	49.13800048828125	21.908000946044922	11.925999641418457	49.74100112915039	22.382999420166016	13.253000259399414	N	P
101	89	50.16299819946289	24.72100067138672	9.557000160217285	51.606998443603516	25.16699981689453	9.317000389099121	E	A
102	90	49.17499923706055	22.94499969482422	6.318999767303467	49.66999816894531	21.55500030517578	5.885000228881836	A	N
103	91	45.630001068115234	22.364999771118164	7.609000205993652	45.249000549316406	21.68600082397461	8.930999755859375	L	N
104	92	45.10100173950195	26.009000778198242	8.503000259399414	45.83300018310547	26.791000366210938	9.628999710083008	V	N
105	93	46.7239990234375	27.30299949645996	5.296999931335449	48.178001403808594	27.05900001525879	4.863999843597412	R	B
106	94	44.540000915527344	25.03499984741211	3.180000066757202	44.71099853515625	23.517000198364258	3.125	Q	P
107	95	41.52399826049805	26.408000946044922	5.050000190734863	41.52399826049805	26.408000946044922	5.050000190734863	G	G
108	96	40.654998779296875	23.06100082397461	6.663000106811523	41.2869987487793	21.780000686645508	6.125999927520752	L	N
109	97	40.97800064086914	24.257999420166016	10.241999626159668	42.0989990234375	23.413000106811523	10.845000267028809	A	N
110	98	40.85300064086914	27.402000427246094	12.34000015258789	39.500999450683594	27.90999984741211	12.847999572753906	K	B
111	99	43.459999084472656	28.50200080871582	14.859999656677246	44.354000091552734	29.756999969482422	14.805999755859375	V	N
112	100	42.277000427246094	27.458999633789062	18.32200050354004	42.319000244140625	26.02199935913086	18.815000534057617	A	N
113	101	42.7760009765625	29.391000747680664	21.55500030517578	41.7140007019043	29.62299919128418	22.63599967956543	Y	P
114	102	46.17300033569336	29.000999450683594	23.215999603271484	47.10100173950195	30.150999069213867	23.65999984741211	V	N
115	103	46.242000579833984	26.18400001525879	25.781999588012695	45.75	24.82699966430664	25.260000228881836	Y	P
116	104	48.356998443603516	26.2549991607666	28.95199966430664	48.39400100708008	24.798999786376953	29.42300033569336	K	B
117	105	51.22600173950195	28.290000915527344	27.509000778198242	51.22600173950195	28.290000915527344	27.509000778198242	G	G
118	106	51.55699920654297	26.31100082397461	24.277999877929688	50.91600036621094	24.937000274658203	24.055999755859375	N	P
119	107	51.814998626708984	29.18899917602539	21.816999435424805	51.24700164794922	30.4689998626709	22.424999237060547	N	P
120	108	55.2599983215332	29.121000289916992	20.20400047302246	56.31999969482422	27.996000289916992	20.277000427246094	T	P
121	109	53.733001708984375	28.84600067138672	16.704999923706055	53.7869987487793	27.514999389648438	15.942999839782715	H	B
122	110	50.50600051879883	30.823999404907227	17.239999771118164	50.018001556396484	31.444000244140625	18.55500030517578	E	A
123	111	51.6150016784668	33.731998443603516	15.041000366210938	52.777000427246094	34.696998596191406	15.305999755859375	Q	P
124	112	52.770999908447266	31.461999893188477	12.232999801635742	53.74399948120117	30.29199981689453	12.392000198364258	L	N
125	113	49.36399841308594	29.788000106811523	12.267999649047852	48.891998291015625	28.832000732421875	13.368000030517578	L	N
126	114	47.42900085449219	33.05500030517578	12.579999923706055	47.678001403808594	34.138999938964844	13.630000114440918	R	B
127	115	49.07400131225586	34.356998443603516	9.40999984741211	50.56700134277344	34.66400146484375	9.27400016784668	K	B
128	116	48.393001556396484	31.138999938964844	7.491000175476074	48.8489990234375	29.743999481201172	7.892000198364258	A	N
129	117	44.74100112915039	31.44300079345703	8.552000045776367	44.24100112915039	31.413000106811523	9.99899959564209	E	A
130	118	44.483001708984375	35.077999114990234	7.427999973297119	45.39799880981445	36.21799850463867	7.880000114440918	A	N
131	119	45.722999572753906	34.020999908447266	3.990999937057495	47.10499954223633	33.426998138427734	3.700000047683716	Q	P
132	120	43.279998779296875	31.10300064086914	3.747999906539917	43.19200134277344	29.929000854492188	4.71999979019165	A	N
133	121	40.49800109863281	33.516998291015625	4.678999900817871	40.4640007019043	34.31700134277344	5.980999946594238	K	B
134	122	41.60499954223633	36.04399871826172	2.0490000247955322	42.96699905395508	36.737998962402344	1.9869999885559082	K	B
135	123	41.59199905395508	33.236000061035156	-0.5189999938011169	42.72800064086914	32.22100067138672	-0.6520000100135803	E	A
136	124	38.20399856567383	32.047000885009766	0.722000002861023	37.196998596191406	32.70800018310547	-0.22100000083446503	K	B
137	125	39.41699981689453	28.445999145507812	0.8709999918937683	40.887001037597656	28.06599998474121	1.0870000123977661	L	N
138	126	37.073001861572266	25.663999557495117	1.972000002861023	37.94599914550781	24.55500030517578	2.5439999103546143	N	P
139	127	35.80400085449219	26.58099937438965	5.440999984741211	36.54199981689453	26.382999420166016	6.7820000648498535	I	N
140	128	36.13199996948242	30.23200035095215	4.454999923706055	37.457000732421875	30.990999221801758	4.4629998207092285	T	N
141	129	34.025001525878906	29.631999969482422	1.3270000219345093	33.66400146484375	28.266000747680664	0.7400000095367432	S	P
130	130	62.470001220703125	24.650999069213867	21.106000900268555	62.470001220703125	24.650999069213867	21.106000900268555	X	X
131	131	32.733001708984375	30.395999908447266	1.5870000123977661	32.733001708984375	30.395999908447266	1.5870000123977661	Z	Z
