Nr	Nidx	CaX	CaY	CaZ	PosX	PosY	PosZ	Let	Type
1	1	-12.204000473022461	-2.8450000286102295	5.703000068664551	-14.965999603271484	-6.760000228881836	3.859999895095825	M	N
2	2	-8.564000129699707	-2.5269999504089355	6.824999809265137	-6.806000232696533	-2.305000066757202	8.595000267028809	T	P
3	3	-5.894999980926514	-2.614000082015991	4.076000213623047	-9.005856990814209	-2.611857124737331	1.4212857059070043	Y	P
4	4	-2.1679999828338623	-3.0399999618530273	4.863999843597412	1.8890000581741333	-6.486000061035156	8.065999984741211	K	B
5	5	0.7689999938011169	-1.531000018119812	2.9119999408721924	1.8240000009536743	0.4519999921321869	1.6790000200271606	L	N
6	6	4.357999801635742	-2.865999937057495	3.0759999752044678	3.690999984741211	-6.6539998054504395	3.3369998931884766	I	N
7	7	7.0920000076293945	-0.3930000066757202	2.0139999389648438	5.815999984741211	1.7109999656677246	2.507999897003174	L	N
8	8	10.342000007629395	-1.9210000038146973	0.6470000147819519	9.920000076293945	-4.400000095367432	0.8059999942779541	N	P
9	9	12.182000160217285	1.281000018119812	-0.36899998784065247	12.182000160217285	1.281000018119812	-0.36899998784065247	G	G
10	10	15.958000183105469	1.1150000095367432	-0.9520000219345093	15.503999710083008	2.7149999141693115	-6.14300012588501	K	B
11	11	16.427000045776367	3.23799991607666	2.191999912261963	17.888999938964844	4.644000053405762	0.7110000252723694	T	P
12	12	12.78499984741211	3.558000087738037	3.309000015258789	10.583999633789062	4.747000217437744	3.490999937057495	L	N
13	13	11.428000450134277	0.4050000011920929	4.995999813079834	14.942999839782715	-2.869999885559082	2.5810000896453857	K	B
14	14	8.194000244140625	0.3089999854564667	6.979000091552734	8.194000244140625	0.3089999854564667	6.979000091552734	G	G
15	15	4.519000053405762	-0.656000018119812	6.99399995803833	4.747000217437744	-3.6649999618530273	9.388999938964844	E	A
16	16	1.218000054359436	1.0889999866485596	7.745999813079834	1.253999948501587	2.493000030517578	5.678999900817871	T	P
17	17	-2.556999921798706	0.42800000309944153	7.693999767303467	-2.007999897003174	-1.5980000495910645	9.121999740600586	T	P
18	18	-5.63700008392334	2.4600000381469727	6.7270002365112305	-5.564000129699707	2.5439999103546143	4.203999996185303	T	P
19	19	-9.446999549865723	2.115999937057495	6.499000072479248	-11.579999923706055	2.055000066757202	9.737000465393066	E	A
20	20	-11.121999740600586	2.177000045776367	3.062000036239624	-10.038000106811523	1.9609999656677246	1.9859999418258667	A	N
21	21	-14.611000061035156	1.194000005722046	1.8609999418258667	-15.628000259399414	2.135999917984009	1.2089999914169312	V	N
22	22	-12.901000022888184	-0.9380000233650208	-0.8109999895095825	-13.557999610900879	0.4519999921321869	-2.7820000648498535	D	A
23	23	-9.529999732971191	-1.684999942779541	-2.4489998817443848	-9.168999671936035	-3.005000114440918	-3.1449999809265137	A	N
24	24	-10.168000221252441	0.9380000233650208	-5.158999919891357	-11.484000205993652	1.156000018119812	-5.9079999923706055	A	N
25	25	-9.982000350952148	3.687999963760376	-2.496000051498413	-12.218000411987305	4.666999816894531	-1.8200000524520874	T	P
26	26	-6.857999801635742	2.069999933242798	-1.0010000467300415	-6.710999965667725	0.5899999737739563	-0.6370000243186951	A	N
27	27	-5.086999893188477	2.500999927520752	-4.335999965667725	-6.263999938964844	0.1809999942779541	-7.182000160217285	E	A
28	28	-5.658999919891357	6.301000118255615	-4.244999885559082	-11.159000396728516	7.507999897003174	-6.182000160217285	K	B
29	29	-4.767000198364258	6.684000015258789	-0.5379999876022339	-5.589000225067139	6.076000213623047	0.6129999756813049	V	N
30	30	-1.6130000352859497	4.517000198364258	-0.5139999985694885	-2.5386666456858316	1.6366666356722515	1.754666621486346	F	N
31	31	-0.5249999761581421	5.831999778747559	-3.9200000762939453	-0.4699999988079071	4.980999946594238	-9.442999839782715	K	B
32	32	-0.7490000128746033	9.439000129699707	-2.684999942779541	-3.191999912261963	12.333000183105469	-2.005000114440918	Q	P
33	33	0.8730000257492065	8.487000465393066	0.6460000276565552	2.2981428674289157	7.167000021253314	4.262857164655413	Y	P
34	34	3.7100000381469727	6.710999965667725	-1.1820000410079956	3.5390000343322754	5.526000022888184	-2.138000011444092	A	N
35	35	4.0960001945495605	9.765000343322754	-3.437999963760376	3.4690001010894775	10.77400016784668	-5.673999786376953	N	P
36	36	4.335000038146973	12.081000328063965	-0.40400001406669617	2.0339999198913574	12.907999992370605	0.10899999737739563	D	A
37	37	7.183000087738037	9.835000038146973	0.8320000171661377	6.1020002365112305	8.741000175476074	2.7980000972747803	N	P
38	38	8.927000045776367	9.928999900817871	-2.572999954223633	8.927000045776367	9.928999900817871	-2.572999954223633	G	G
39	39	8.270000457763672	6.191999912261963	-3.187999963760376	7.607999801635742	5.354000091552734	-2.0850000381469727	V	N
40	40	7.795000076293945	4.964000225067139	-6.7769999504089355	7.660999774932861	7.306000232696533	-7.640999794006348	D	A
41	41	7.965000152587891	1.3300000429153442	-7.892000198364258	7.965000152587891	1.3300000429153442	-7.892000198364258	G	G
42	42	5.864999771118164	-1.6339999437332153	-9.005999565124512	8.11299991607666	-3.940000057220459	-11.10099983215332	E	A
43	43	2.503999948501587	-1.843000054359436	-7.218999862670898	2.006222221586439	1.8687777784135606	-5.398555596669515	T	N
44	44	1.0130000114440918	-5.256999969482422	-6.36299991607666	3.1570000648498535	-6.28000020980835	-7.151000022888184	T	P
45	45	-2.2339999675750732	-6.076000213623047	-4.494999885559082	-6.035428592136928	-5.740857124328613	-3.011285730770656	Y	P
46	46	-3.3550000190734863	-9.317000389099121	-2.7939999103546143	-2.8310000896453857	-11.414999961853027	-1.5520000457763672	D	A
47	47	-7.1519999504089355	-9.63700008392334	-2.494999885559082	-9.543000221252441	-9.770999908447266	-3.2049999237060547	D	A
48	48	-6.765999794006348	-12.668999671936035	-0.19900000095367432	-5.9070000648498535	-13.907999992370605	-0.49000000953674316	A	N
49	49	-4.7230000495910645	-10.682999610900879	2.38100004196167	-2.8529999256134033	-12.375	2.4489998817443848	T	P
50	50	-5.993000030517578	-7.218999862670898	1.340999960899353	-11.585000038146973	-7.2270002365112305	2.322000026702881	K	B
51	51	-2.3310000896453857	-6.140999794006348	1.440999984741211	-0.035999998450279236	-6.440999984741211	2.3889999389648438	T	P
52	52	-0.7369999885559082	-3.7060000896453857	-1.0119999647140503	-3.887666702270508	-2.0601667165756226	-2.241833339134852	F	N
53	53	3.0329999923706055	-4.103000164031982	-1.5959999561309814	5.056000232696533	-5.605000019073486	-1.4769999980926514	T	P
54	54	5.313000202178955	-1.6469999551773071	-3.4240000247955322	4.978000164031982	-0.16300000250339508	-3.184000015258789	V	N
55	55	8.951000213623047	-2.4570000171661377	-4.3379998207092285	10.680000305175781	-4.238999843597412	-4.695000171661377	T	P
56	56	11.486000061035156	0.12999999523162842	-5.579999923706055	11.755000114440918	3.427000045776367	-3.569999933242798	E	A
