Nr	Nidx	CaX	CaY	CaZ	PosX	PosY	PosZ	Let	Type
1	1	10.795999526977539	21.06599998474121	8.434000015258789	11.744999885559082	19.893999099731445	8.222999572753906	M	N
2	2	7.843999862670898	20.57900047302246	6.119999885559082	7.672999858856201	21.402999877929688	4.85099983215332	K	B
3	3	6.271999835968018	17.077999114990234	5.99399995803833	6.468999862670898	16.201000213623047	7.270999908447266	V	N
4	4	3.36899995803833	15.307000160217285	4.361999988555908	3.4179999828338623	14.722999572753906	2.928999900817871	I	N
5	5	1.2610000371932983	13.324000358581543	6.853000164031982	0.289000004529953	13.906999588012695	7.89300012588501	F	N
6	6	0.5220000147819519	9.746999740600586	5.730999946594238	1.625	8.717000007629395	5.425000190734863	L	N
7	7	-1.4859999418258667	8.986000061035156	8.857000350952148	-0.8169999718666077	7.890999794006348	9.670999526977539	K	B
8	8	-3.260999917984009	11.050000190734863	11.553999900817871	-4.61899995803833	10.756999969482422	12.1850004196167	D	A
9	9	-1.0010000467300415	11.871999740600586	14.468000411987305	0.4830000102519989	12.215999603271484	14.184000015258789	V	N
10	10	-3.0799999237060547	13.163000106811523	17.374000549316406	-3.8329999446868896	12.347000122070312	18.440000534057617	K	B
11	11	-1.9980000257492065	16.610000610351562	18.444000244140625	-1.9980000257492065	16.610000610351562	18.444000244140625	G	G
12	12	0.27399998903274536	17.025999069213867	15.430999755859375	1.4900000095367432	16.072999954223633	15.411999702453613	K	B
13	13	-1.399999976158142	16.368000030517578	12.133999824523926	-1.399999976158142	16.368000030517578	12.133999824523926	G	G
14	14	-3.944999933242798	14.631999969482422	9.925999641418457	-5.251999855041504	15.4350004196167	9.751999855041504	K	B
15	15	-3.4739999771118164	12.335000038146973	6.9670000076293945	-4.295000076293945	11.055000305175781	6.815999984741211	K	B
16	16	-3.0209999084472656	14.461000442504883	3.805999994277954	-3.0209999084472656	14.461000442504883	3.805999994277954	G	G
17	17	-1.8140000104904175	17.65999984741211	5.4710001945495605	-2.059000015258789	18.06800079345703	6.922999858856201	E	A
18	18	1.4290000200271606	19.32200050354004	4.484000205993652	1.6859999895095825	19.768999099731445	3.0390000343322754	I	N
19	19	2.86299991607666	21.31800079345703	7.310999870300293	1.7699999809265137	21.264999389648438	8.388999938964844	K	B
20	20	5.879000186920166	22.356000900268555	9.314000129699707	6.369999885559082	23.825000762939453	9.378999710083008	N	P
21	21	6.991000175476074	20.339000701904297	12.357000350952148	6.572999954223633	18.85099983215332	12.347999572753906	V	N
22	22	10.015000343322754	20.250999450683594	14.633999824523926	9.96500015258789	19.979000091552734	16.111000061035156	A	N
23	23	12.986000061035156	18.57200050354004	12.934000015258789	14.32699966430664	19.2189998626709	12.638999938964844	D	A
24	24	13.74899959564209	16.225000381469727	15.881999969482422	13.74899959564209	16.225000381469727	15.881999969482422	G	G
25	25	10.140999794006348	15.083999633789062	15.946999549865723	8.96399974822998	16.016000747680664	16.22800064086914	Y	P
26	26	10.104999542236328	14.380000114440918	12.170000076293945	10.376999855041504	15.39900016784668	11.0649995803833	A	N
27	27	13.461000442504883	12.53600025177002	12.329000473022461	14.824000358581543	13.208999633789062	12.562000274658203	N	P
28	28	12.967000007629395	10.468000411987305	15.538000106811523	13.432000160217285	11.052000045776367	16.878999710083008	N	P
29	29	9.215999603271484	9.779000282287598	15.338000297546387	8.369000434875488	10.57800006866455	16.327999114990234	F	N
30	30	7.322999954223633	10.567999839782715	12.126999855041504	6.953000068664551	11.949999809265137	11.579000473022461	L	N
31	31	9.869999885559082	9.291999816894531	9.54800033569336	11.208000183105469	9.939000129699707	9.142999649047852	F	N
32	32	10.987000465393066	6.427000045776367	11.822999954223633	11.54699993133545	6.656000137329102	13.229999542236328	K	B
33	33	7.416999816894531	5.156000137329102	12.135000228881836	6.563000202178955	5.552000045776367	13.348999977111816	Q	P
34	34	6.322999954223633	5.883999824523926	8.505000114440918	6.322999954223633	5.883999824523926	8.505000114440918	G	G
35	35	3.7869999408721924	8.467000007629395	9.675000190734863	3.6570000648498535	8.890999794006348	11.142000198364258	L	N
36	36	4.986000061035156	11.234999656677246	7.395999908447266	5.071000099182129	12.53499984741211	8.152999877929688	A	N
37	37	7.535999774932861	11.82699966430664	4.671000003814697	7.335000038146973	11.10200023651123	3.309000015258789	I	N
38	38	9.656999588012695	14.833999633789062	3.7829999923706055	11.142999649047852	14.729999542236328	3.4509999752044678	E	A
39	39	7.71999979019165	17.41699981689453	1.6950000524520874	6.843999862670898	18.520999908447266	2.305000066757202	A	N
40	40	10.229000091552734	17.548999786376953	-1.2059999704360962	11.484000205993652	16.697999954223633	-1.2599999904632568	T	P
41	41	9.16100025177002	17.974000930786133	-4.86899995803833	10.081999778747559	18.804000854492188	-5.789000034332275	P	N
42	42	10.3100004196167	14.413000106811523	-5.603000164031982	11.746999740600586	13.885000228881836	-5.413000106811523	A	N
43	43	8.272000312805176	13.003000259399414	-2.7230000495910645	8.543999671936035	13.20199966430664	-1.2209999561309814	N	P
44	44	5.122000217437744	14.848999977111816	-3.690999984741211	4.919000148773193	16.371000289916992	-3.7360000610351562	L	N
45	45	5.328999996185303	13.505999565124512	-7.230000019073486	6.525000095367432	13.631999969482422	-8.156999588012695	K	B
46	46	5.925000190734863	9.982000350952148	-6.059999942779541	7.107999801635742	9.480999946594238	-5.2870001792907715	A	N
47	47	3.121000051498413	10.260000228881836	-3.493000030517578	3.0859999656677246	11.218999862670898	-2.2929999828338623	L	N
48	48	0.6140000224113464	11.57800006866455	-6.00600004196167	0.6230000257492065	12.95300006866455	-6.670000076293945	E	A
49	49	1.5140000581741333	8.635000228881836	-8.307000160217285	2.881999969482422	8.345000267028809	-8.868000030517578	A	N
50	50	0.9480000138282776	6.1570000648498535	-5.494999885559082	2.007999897003174	5.765999794006348	-4.474999904632568	Q	P
51	51	-2.3589999675750732	7.618000030517578	-4.166999816894531	-2.7219998836517334	9.107000350952148	-4.110000133514404	K	B
52	52	10.765999794006348	21.476999282836914	9.855999946594238	10.765999794006348	21.476999282836914	9.855999946594238	X	X
53	53	-3.384000062942505	6.872000217437744	-5.019000053405762	-3.384000062942505	6.872000217437744	-5.019000053405762	Z	Z
