Nr	Nidx	CaX	CaY	CaZ	PosX	PosY	PosZ	Let	Type
1	1	43.86199951171875	-1.8769999742507935	8.85099983215332	43.91400146484375	-1.1779999732971191	7.4730000495910645	M	N
2	2	40.832000732421875	-0.8579999804496765	10.82699966430664	40.83300018310547	-1.5750000476837158	12.206999778747559	N	P
3	3	38.582000732421875	2.234999895095825	11.28499984741211	37.077999114990234	2.2279999256134033	11.640999794006348	I	N
4	4	40.768001556396484	3.7190001010894775	13.98799991607666	41.027000427246094	3.0920000076293945	15.387999534606934	F	N
5	5	44.02799987792969	3.4749999046325684	12.031999588012695	44.715999603271484	2.184000015258789	11.595999717712402	E	A
6	6	42.29199981689453	4.85099983215332	9.001999855041504	40.96799850463867	4.294000148773193	8.427000045776367	M	N
7	7	40.97800064086914	7.919000148773193	10.800000190734863	39.78200149536133	8.119999885559082	11.690999984741211	L	N
8	8	44.25600051879883	8.409000396728516	12.586999893188477	44.959999084472656	7.50600004196167	13.57699966430664	R	B
9	9	45.854000091552734	8.720999717712402	9.125	46.018001556396484	7.605999946594238	8.090999603271484	I	N
10	10	43.20600128173828	11.133999824523926	7.9019999504089355	41.75600051879883	10.677000045776367	7.607999801635742	D	A
11	11	42.96799850463867	13.423999786376953	10.923999786376953	41.882999420166016	13.144000053405762	11.989999771118164	E	A
12	12	46.345001220703125	13.324999809265137	12.619000434875488	46.345001220703125	13.324999809265137	12.619000434875488	G	G
13	13	46.96799850463867	13.579999923706055	16.41699981689453	47.862998962402344	12.517999649047852	17.024999618530273	L	N
14	14	47.40599822998047	17.023000717163086	17.95800018310547	47.020999908447266	18.183000564575195	17.033000946044922	R	B
15	15	47.71799850463867	17.493999481201172	21.729000091552734	48.81399917602539	16.85700035095215	22.562000274658203	L	N
16	16	47.14400100708008	21.224000930786133	21.611000061035156	48.37099838256836	22.108999252319336	21.458999633789062	K	B
17	17	44.124000549316406	23.329999923706055	20.37700080871582	43.29600143432617	24.44300079345703	21.04400062561035	I	N
18	18	44.60499954223633	23.77199935913086	16.697999954223633	45.540000915527344	22.799999237060547	15.96500015258789	Y	P
19	19	42.61600112915039	24.986000061035156	13.930000305175781	42.625999450683594	26.391000747680664	13.38700008392334	K	B
20	20	41.15299987792969	22.725000381469727	11.369000434875488	39.948001861572266	21.77199935913086	11.496000289916992	D	A
21	21	41.250999450683594	23.270000457763672	7.618000030517578	41.11800003051758	22.191999435424805	6.533999919891357	T	P
22	22	37.935001373291016	25.118999481201172	7.888999938964844	36.683998107910156	24.332000732421875	8.265000343322754	E	A
23	23	39.137001037597656	27.503999710083008	10.532999992370605	39.137001037597656	27.503999710083008	10.532999992370605	G	G
24	24	37.755001068115234	25.7549991607666	13.572999954223633	36.46500015258789	25.075000762939453	13.73799991607666	Y	P
25	25	39.01300048828125	24.884000778198242	16.922000885009766	38.56399917602539	25.777000427246094	18.079999923706055	Y	P
26	26	39.84700012207031	21.183000564575195	17.106000900268555	40.07099914550781	20.71299934387207	15.605999946594238	T	P
27	27	41.930999755859375	19.013999938964844	19.402000427246094	41.83300018310547	19.417999267578125	20.856000900268555	I	N
28	28	43.263999938964844	15.383000373840332	19.457000732421875	43.263999938964844	15.383000373840332	19.457000732421875	G	G
29	29	42.180999755859375	13.229000091552734	16.525999069213867	42.257999420166016	11.689000129699707	16.613000869750977	I	N
30	30	39.81100082397461	15.46500015258789	14.58899974822998	39.81100082397461	15.46500015258789	14.58899974822998	G	G
31	31	37.724998474121094	16.291000366210938	17.64900016784668	38.01900100708008	15.913000106811523	19.131000518798828	H	B
32	32	35.9370002746582	19.569000244140625	16.775999069213867	34.78200149536133	19.79400062561035	15.817999839782715	L	N
33	33	35.551998138427734	21.75200080871582	19.79800033569336	36.69300079345703	22.347999572753906	20.608999252319336	L	N
34	34	33.60300064086914	24.760000228881836	18.527000427246094	33.67900085449219	25.910999298095703	19.601999282836914	T	P
35	35	32.76300048828125	26.621000289916992	15.378999710083008	31.54199981689453	26.445999145507812	14.493000030517578	K	B
36	36	32.99599838256836	29.819000244140625	17.488000869750977	32.44499969482422	30.10300064086914	18.888999938964844	S	P
37	37	35.70899963378906	32.29100036621094	16.874000549316406	35.417999267578125	33.65299987792969	16.2549991607666	P	N
38	38	36.71200180053711	32.41999816894531	20.45400047302246	35.792999267578125	32.94900131225586	21.55299949645996	S	P
39	39	39.7599983215332	30.643999099731445	21.642000198364258	41.2239990234375	31.141000747680664	21.52899932861328	L	N
40	40	38.23699951171875	31.23200035095215	24.976999282836914	38.209999084472656	32.494998931884766	25.871999740600586	N	P
41	41	35.05099868774414	29.475000381469727	23.969999313354492	34.167999267578125	29.781999588012695	22.777000427246094	A	N
42	42	37.24399948120117	26.593000411987305	22.67099952697754	38.297000885009766	26.649999618530273	21.554000854492188	A	N
43	43	39.13600158691406	26.216999053955078	25.91900062561035	39.97700119018555	27.33799934387207	26.45800018310547	K	B
44	44	35.88399887084961	26.155000686645508	27.802000045776367	34.96200180053711	27.36199951171875	27.94499969482422	S	P
45	45	34.44900131225586	23.402999877929688	25.62299919128418	34.34400177001953	23.565000534057617	24.106000900268555	E	A
46	46	37.66299819946289	21.48699951171875	26.084999084472656	39.10300064086914	21.944000244140625	25.790000915527344	L	N
47	47	37.49300003051758	21.55500030517578	29.881999969482422	37.4640007019043	22.79400062561035	30.761999130249023	D	A
48	48	33.86800003051758	20.527000427246094	29.648000717163086	32.83599853515625	21.38800048828125	28.917999267578125	K	B
49	49	34.74599838256836	17.635000228881836	27.309999465942383	35.132999420166016	17.725000381469727	25.83300018310547	A	N
50	50	37.70899963378906	16.44499969482422	29.510000228881836	39.17499923706055	16.95800018310547	29.309999465942383	I	N
51	51	36.29999923706055	17.121999740600586	32.987998962402344	36.29999923706055	17.121999740600586	32.987998962402344	G	G
52	52	39.494998931884766	18.940000534057617	33.987998962402344	40.67399978637695	17.9689998626709	34.08700180053711	R	B
53	53	41.1879997253418	22.302000045776367	33.56700134277344	41.582000732421875	23.340999603271484	34.612998962402344	N	P
54	54	43.28900146484375	21.64699935913086	30.56599998474121	42.59000015258789	20.941999435424805	29.39299964904785	C	P
55	55	44.15399932861328	25.066999435424805	29.365999221801758	45.284000396728516	25.509000778198242	30.340999603271484	N	P
56	56	44.3120002746582	23.961000442504883	25.759000778198242	44.3120002746582	23.961000442504883	25.759000778198242	G	G
57	57	46.33399963378906	20.91699981689453	26.434999465942383	47.70199966430664	21.242000579833984	27.010000228881836	V	N
58	58	45.65599822998047	17.273000717163086	26.687000274658203	44.316001892089844	16.825000762939453	26.08799934387207	I	N
59	59	47.44300079345703	14.003999710083008	27.121999740600586	47.520999908447266	13.22700023651123	28.448999404907227	T	P
60	60	47.606998443603516	11.29699993133545	24.479999542236328	48.880001068115234	10.541000366210938	24.174999237060547	K	B
61	61	45.361000061035156	9.220999717712402	26.636999130249023	45.709999084472656	8.869999885559082	28.079999923706055	D	A
62	62	42.707000732421875	11.949000358581543	26.665000915527344	42.86000061035156	13.303999900817871	27.332000732421875	E	A
63	63	42.875	12.229000091552734	22.827999114990234	44.10300064086914	12.534000396728516	21.98699951171875	A	N
64	64	42.19599914550781	8.473999977111816	22.555999755859375	43.152000427246094	7.354000091552734	22.985000610351562	E	A
65	65	39.2869987487793	8.567999839782715	24.944000244140625	39.32099914550781	9.192000389099121	26.312000274658203	K	B
66	66	37.731998443603516	11.36400032043457	22.868999481201172	38.301998138427734	12.791999816894531	22.597000122070312	L	N
67	67	38.465999603271484	9.352999687194824	19.698999404907227	39.904998779296875	8.960000038146973	19.357999801635742	F	N
68	68	36.79999923706055	6.228000164031982	21.065000534057617	37.178001403808594	5.51200008392334	22.395000457763672	N	P
69	69	33.75899887084961	8.336000442504883	21.90999984741211	33.66299819946289	9.557999610900879	22.849000930786133	Q	P
70	70	33.619998931884766	9.942999839782715	18.47800064086914	34.59000015258789	11.015999794006348	17.871000289916992	D	A
71	71	33.888999938964844	6.716000080108643	16.527000427246094	35.119998931884766	5.769000053405762	16.392000198364258	V	N
72	72	31.156999588012695	5.120999813079834	18.643999099731445	31.281999588012695	4.913000106811523	20.167999267578125	D	A
73	73	28.836000442504883	8.093999862670898	18.2450008392334	29.10700035095215	9.538999557495117	18.597000122070312	A	N
74	74	29.45800018310547	7.909999847412109	14.449999809265137	30.816999435424805	8.03600025177002	13.760000228881836	A	N
75	75	28.531999588012695	4.232999801635742	14.303000450134277	29.30299949645996	3.046999931335449	14.894000053405762	V	N
76	76	25.429000854492188	4.581999778747559	16.527999877929688	25.308000564575195	4.942999839782715	17.97599983215332	R	B
77	77	24.43000030517578	7.61299991607666	14.494999885559082	24.43000030517578	7.61299991607666	14.494999885559082	G	G
78	78	24.489999771118164	5.763000011444092	11.178999900817871	25.701000213623047	5.010000228881836	10.548999786376953	I	N
79	79	22.459999084472656	2.878999948501587	12.701000213623047	23.038000106811523	1.7400000095367432	13.5600004196167	L	N
80	80	19.768999099731445	5.183000087738037	14.072999954223633	20.011999130249023	6.052999973297119	15.331999778747559	R	B
81	81	19.56399917602539	7.0960001945495605	10.873000144958496	20.62700080871582	8.130000114440918	10.538000106811523	N	P
82	82	16.881000518798828	6.171999931335449	8.300999641418457	15.48799991607666	6.776000022888184	8.312999725341797	A	N
83	83	18.8799991607666	7.318999767303467	5.375999927520752	19.131000518798828	8.779000282287598	5.060999870300293	K	B
84	84	22.256999969482422	5.914000034332275	6.377999782562256	23.141000747680664	6.676000118255615	7.4039998054504395	L	N
85	85	21.320999145507812	2.628999948501587	8.02299976348877	20.256000518798828	2.3940000534057617	9.097999572753906	K	B
86	86	20.177000045776367	0.9169999957084656	4.849999904632568	18.913999557495117	1.3519999980926514	4.090000152587891	P	N
87	87	23.25	1.9529999494552612	2.937999963760376	23.766000747680664	3.3610000610351562	2.7079999446868896	V	N
88	88	25.48200035095215	0.6880000233650208	5.767000198364258	25.489999771118164	1.2400000095367432	7.195000171661377	Y	P
89	89	23.608999252319336	-2.621999979019165	5.951000213623047	22.101999282836914	-2.7950000762939453	6.182000160217285	D	A
90	90	24.082000732421875	-3.134000062942505	2.2699999809265137	23.452999114990234	-2.368000030517578	1.125	S	P
91	91	27.874000549316406	-2.686000108718872	2.364000082015991	28.50200080871582	-1.315000057220459	2.7939999103546143	L	N
92	92	30.900999069213867	-4.968999862670898	2.809000015258789	31.85099983215332	-5.465000152587891	1.7100000381469727	D	A
93	93	33.24300003051758	-4.382999897003174	5.769999980926514	33.972999572753906	-5.432000160217285	6.573999881744385	A	N
94	94	35.74599838256836	-2.0910000801086426	4.0279998779296875	36.8489990234375	-2.4570000171661377	3.00600004196167	V	N
95	95	33.20600128173828	0.1899999976158142	2.421999931335449	32.28799819946289	-0.18799999356269836	1.2829999923706055	R	B
96	96	31.48200035095215	0.3100000023841858	5.809000015258789	31.04199981689453	-0.7459999918937683	6.821000099182129	R	B
97	97	34.638999938964844	1.9329999685287476	7.203000068664551	36.04199981689453	1.3530000448226929	7.241000175476074	C	P
98	98	34.52399826049805	4.5329999923706055	4.461999893188477	34.617000579833984	4.25600004196167	2.940999984741211	A	N
99	99	30.969999313354492	5.677000045776367	5.3420000076293945	29.738000869750977	4.714000225067139	5.308000087738037	L	N
100	100	32.027000427246094	5.73799991607666	9.01200008392334	32.62200164794922	4.658999919891357	9.970999717712402	I	N
101	101	34.90599822998047	7.997000217437744	7.994999885559082	35.95800018310547	7.548999786376953	6.931000232696533	N	P
102	102	32.61399841308594	10.428999900817871	6.170000076293945	31.72100067138672	10.133000373840332	4.968999862670898	M	N
103	103	30.242000579833984	10.536999702453613	9.086999893188477	29.281999588012695	9.432999610900879	9.526000022888184	V	N
104	104	32.915000915527344	11.14799976348877	11.64799976348877	34.13999938964844	10.237000465393066	11.71500015258789	F	N
105	105	34.1619987487793	14.031000137329102	9.539999961853027	34.92300033569336	13.91100025177002	8.185999870300293	E	A
106	106	30.9950008392334	15.574000358581543	8.343999862670898	31.231000900268555	15.595000267028809	6.755000114440918	M	N
107	107	28.198999404907227	14.46500015258789	10.579999923706055	28.198999404907227	14.46500015258789	10.579999923706055	G	G
108	108	25.152000427246094	12.331000328063965	9.845999717712402	24.479000091552734	11.809000015258789	11.119000434875488	E	A
109	109	23.242000579833984	15.255999565124512	8.491000175476074	22.915000915527344	16.50200080871582	9.315999984741211	T	P
110	110	25.974000930786133	16.138999938964844	6.0279998779296875	25.974000930786133	16.138999938964844	6.0279998779296875	G	G
111	111	26.437999725341797	12.645999908447266	4.683000087738037	27.086000442504883	11.458999633789062	5.364999771118164	V	N
112	112	22.70400047302246	12.126999855041504	4.633999824523926	21.687999725341797	12.199999809265137	5.769999980926514	A	N
113	113	22.670000076293945	14.97700023651123	2.109999895095825	22.670000076293945	14.97700023651123	2.109999895095825	G	G
114	114	24.68400001525879	13.105999946594238	-0.5410000085830688	26.110000610351562	12.555999755859375	-0.3619999885559082	F	N
115	115	21.457000732421875	11.555999755859375	-1.8040000200271606	20.18600082397461	12.361000061035156	-2.1649999618530273	T	P
116	116	22.6200008392334	10.5	-5.197000026702881	22.937999725341797	11.536999702453613	-6.285999774932861	N	P
117	117	25.89900016784668	8.927000045776367	-4.179999828338623	27.08099937438965	9.560999870300293	-3.4639999866485596	S	P
118	118	24.198999404907227	7.001999855041504	-1.3270000219345093	23.356000900268555	7.514999866485596	-0.11699999868869781	L	N
119	119	21.81399917602539	5.585000038146973	-3.940999984741211	20.910999298095703	6.515999794006348	-4.754000186920166	R	B
120	120	24.621999740600586	4.515999794006348	-6.189000129699707	25.601999282836914	5.349999904632568	-7.033999919891357	M	N
121	121	26.47800064086914	2.9130001068115234	-3.234999895095825	27.040000915527344	3.5450000762939453	-1.9450000524520874	L	N
122	122	23.357999801635742	0.9369999766349792	-2.2939999103546143	22.069000244140625	1.5839999914169312	-1.7999999523162842	Q	P
123	123	23.179000854492188	-0.17000000178813934	-5.875	22.49799919128418	0.5260000228881836	-7.044000148773193	Q	P
124	124	26.878000259399414	-1.253000020980835	-5.895999908447266	26.899999618530273	-2.7869999408721924	-5.78000020980835	K	B
125	125	27.695999145507812	1.1369999647140503	-8.734999656677246	26.674999237060547	1.9630000591278076	-9.430999755859375	R	B
126	126	31.215999603271484	1.7300000190734863	-7.59499979019165	32.14799880981445	0.527999997138977	-7.296000003814697	T	N
127	127	32.59000015258789	3.8489999771118164	-10.487000465393066	32.88199996948242	3.2909998893737793	-11.880000114440918	D	A
128	128	29.53499984741211	5.986000061035156	-10.770999908447266	28.114999771118164	5.611999988555908	-11.232999801635742	E	A
129	129	29.427000045776367	6.63700008392334	-7.066999912261963	29.163999557495117	5.7129998207092285	-5.88700008392334	A	N
130	130	33.16600036621094	7.598999977111816	-6.999000072479248	34.270999908447266	6.635000228881836	-7.442999839782715	A	N
131	131	32.558998107910156	10.090999603271484	-9.817999839782715	32.1150016784668	9.76099967956543	-11.25100040435791	V	N
132	132	29.56399917602539	11.696999549865723	-8.055000305175781	28.20800018310547	10.991000175476074	-7.8429999351501465	N	P
133	133	31.243999481201172	11.980999946594238	-4.618000030517578	31.96500015258789	10.836000442504883	-3.813999891281128	L	N
134	134	34.06700134277344	14.027999877929688	-6.2270002365112305	35.097999572753906	13.447999954223633	-7.190000057220459	A	N
135	135	31.56399917602539	16.658000946044922	-7.267000198364258	30.39299964904785	16.365999221801758	-8.17300033569336	K	B
136	136	31.405000686645508	18.229000091552734	-3.928999900817871	31.381999969482422	17.07900047302246	-2.9030001163482666	S	P
137	137	32.762001037597656	21.040000915527344	-1.909000039100647	31.90399932861328	21.86199951171875	-0.9440000057220459	R	B
138	138	34.237998962402344	18.250999450683594	0.2809999883174896	33.4370002746582	16.97599983215332	0.7129999995231628	T	N
139	139	36.444000244140625	16.965999603271484	-2.4619998931884766	35.93199920654297	16.222000122070312	-3.674999952316284	Y	P
140	140	37.41400146484375	20.444000244140625	-3.7170000076293945	36.513999938964844	21.45599937438965	-4.441999912261963	N	P
141	141	38.45399856567383	21.658000946044922	-0.22200000286102295	37.54499816894531	22.016000747680664	0.9800000190734863	Q	P
142	142	40.37799835205078	18.46299934387207	0.9240000247955322	39.95000076293945	17.906999588012695	2.2669999599456787	T	P
143	143	41.14799880981445	16.48200035095215	-2.2090001106262207	41.70399856567383	17.136999130249023	-3.4769999980926514	P	N
144	144	43.85200119018555	14.140000343322754	-0.7900000214576721	45.242000579833984	14.463000297546387	-0.2160000056028366	N	P
145	145	41.69499969482422	12.800999641418457	2.13700008392334	41.25199890136719	13.588000297546387	3.3450000286102295	R	B
146	146	38.57699966430664	12.857999801635742	-0.04899999871850014	37.715999603271484	14.029999732971191	-0.5590000152587891	A	N
147	147	40.452999114990234	10.838000297546387	-2.7149999141693115	41.707000732421875	11.196999549865723	-3.4549999237060547	K	B
148	148	41.479000091552734	8.229000091552734	-0.20000000298023224	42.290000915527344	8.348999977111816	1.0889999866485596	R	B
149	149	37.83700180053711	7.750999927520752	1.00600004196167	36.99700164794922	8.803000450134277	1.7239999771118164	V	N
150	150	36.55099868774414	7.714000225067139	-2.5450000762939453	36.64899826049805	8.895000457763672	-3.5480000972747803	I	N
151	151	39.11899948120117	5.0960001945495605	-3.61299991607666	40.69200134277344	5.215000152587891	-3.5999999046325684	T	P
152	152	38.05799865722656	3.01200008392334	-0.6050000190734863	38.194000244140625	3.390000104904175	0.8949999809265137	T	P
153	153	34.46099853515625	3.109999895095825	-1.8660000562667847	33.52299880981445	4.3379998207092285	-1.996000051498413	F	N
154	154	35.516998291015625	2.4660000801086426	-5.413000106811523	36.41899871826172	3.2850000858306885	-6.310999870300293	R	B
155	155	37.652000427246094	-0.609000027179718	-4.756999969482422	39.185001373291016	-0.45500001311302185	-4.75600004196167	T	P
156	156	36.50199890136719	-1.9739999771118164	-1.4980000257492065	36.50199890136719	-1.9739999771118164	-1.4980000257492065	G	G
157	157	40.224998474121094	-2.385999917984009	-0.5339999794960022	41.196998596191406	-2.7739999294281006	-1.6619999408721924	T	P
158	158	42.672000885009766	-0.5709999799728394	1.7769999504089355	43.19900131225586	-1.2269999980926514	3.0360000133514404	T	N
159	159	44.946998596191406	0.3149999976158142	-1.065000057220459	44.74300003051758	0.03400000184774399	-2.561000108718872	D	A
160	160	44.856998443603516	4.080999851226807	-0.656000018119812	43.64500045776367	4.922999858856201	-0.968999981880188	A	N
161	161	45.99800109863281	3.8889999389648438	2.9800000190734863	44.96900177001953	3.4700000286102295	4.059000015258789	Y	P
162	162	48.54800033569336	1.2170000076293945	2.546999931335449	48.18899917602539	-0.22100000083446503	2.2219998836517334	K	B
163	163	51.43299865722656	3.4730000495910645	2.0160000324249268	51.244998931884766	4.383999824523926	0.7839999794960022	N	P
164	164	50.3849983215332	5.938000202178955	4.789000034332275	48.981998443603516	6.561999797821045	4.683000087738037	L	N
165	165	44.40599822998047	-3.2079999446868896	8.767000198364258	44.40599822998047	-3.2079999446868896	8.767000198364258	X	X
166	166	50.61600112915039	5.497000217437744	6.22599983215332	50.61600112915039	5.497000217437744	6.22599983215332	Z	Z
