Nr	Nidx	CaX	CaY	CaZ	PosX	PosY	PosZ	Let	Type
1	1	21.628000259399414	26.69099998474121	-3.9830000400543213	21.117000579833984	27.770000457763672	-5.001999855041504	S	P
2	2	19.395000457763672	26.125	-0.9490000009536743	18.43899917602539	24.913999557495117	-0.8560000061988831	D	A
3	3	22.309999465942383	25.875	1.4880000352859497	23.006000518798828	24.540000915527344	1.7410000562667847	K	B
4	4	24.28700065612793	28.908000946044922	0.3319999873638153	24.591999053955078	29.121999740600586	-1.2109999656677246	I	N
5	5	24.075000762939453	32.125	2.371999979019165	24.923999786376953	32.46099853515625	3.6649999618530273	I	N
6	6	23.208999633789062	35.2599983215332	0.3970000147819519	21.750999450683594	35.617000579833984	-0.024000000208616257	H	B
7	7	25.573999404907227	38.06100082397461	1.49399995803833	27.099000930786133	37.856998443603516	1.5980000495910645	L	N
8	8	25.457000732421875	41.80699920654297	1.0369999408721924	24.093000411987305	42.61000061035156	1.253999948501587	T	P
9	9	27.926000595092773	44.558998107910156	1.7450000047683716	28.201000213623047	45.814998626708984	0.9290000200271606	D	A
10	10	25.969999313354492	45.5369987487793	4.868000030517578	24.60300064086914	46.236000061035156	4.9019999504089355	D	A
11	11	25.472999572753906	42.02199935913086	6.151000022888184	24.415000915527344	41.069000244140625	5.651000022888184	S	P
12	12	29.099000930786133	40.93299865722656	5.758999824523926	30.097999572753906	41.55699920654297	4.781000137329102	F	N
13	13	30.284000396728516	41.74800109863281	9.265000343322754	30.347000122070312	43.15999984741211	9.875	D	A
14	14	27.292999267578125	40.13999938964844	10.977999687194824	25.790000915527344	40.63600158691406	10.866000175476074	T	P
15	15	27.198999404907227	37.02000045776367	8.810999870300293	26.53700065612793	36.983001708984375	7.40500020980835	D	A
16	16	30.878999710083008	36.362998962402344	8.140999794006348	31.44700050354004	36.82600021362305	6.7820000648498535	V	N
17	17	33.08399963378906	38.202999114990234	10.586000442504883	33.486000061035156	39.659000396728516	10.46399974822998	L	N
18	18	31.08099937438965	37.132999420166016	13.628000259399414	30.038000106811523	38.137001037597656	14.184000015258789	K	B
19	19	30.36400032043457	33.654998779296875	12.255000114440918	30.724000930786133	33.064998626708984	10.875	A	N
20	20	30.65999984741211	30.590999603271484	14.430000305175781	29.450000762939453	30.052000045776367	15.20300006866455	D	A
21	21	32.91899871826172	28.07900047302246	12.605999946594238	32.91899871826172	28.07900047302246	12.605999946594238	G	G
22	22	34.54399871826172	28.218000411987305	9.194999694824219	35.33599853515625	26.993999481201172	8.711000442504883	A	N
23	23	32.78300094604492	30.040000915527344	6.36899995803833	31.969999313354492	31.283000946044922	6.860000133514404	I	N
24	24	33.78499984741211	29.851999282836914	2.683000087738037	33.81800079345703	28.464000701904297	2.0339999198913574	L	N
25	25	32.85900115966797	32.99700164794922	0.7139999866485596	33.0890007019043	34.36899948120117	1.3680000305175781	V	N
26	26	32.52000045776367	32.87099838256836	-3.1080000400543213	31.618999481201172	31.81100082397461	-3.7100000381469727	D	A
27	27	32.98099899291992	36.242000579833984	-4.921000003814697	34.22999954223633	37.08000183105469	-4.679999828338623	F	N
28	28	31.163999557495117	35.95800018310547	-8.28499984741211	30.354999542236328	34.64899826049805	-8.23799991607666	T	N
29	29	29.211000442504883	37.766998291015625	-11.005000114440918	29.9950008392334	38.90299987792969	-11.590999603271484	A	N
30	30	26.743000030517578	36.60100173950195	-13.583000183105469	25.31999969482422	37.1609992980957	-13.788999557495117	E	A
31	31	28.976999282836914	37.46699905395508	-16.52199935913086	29.45800018310547	38.875	-16.816999435424805	T	N
32	32	31.749000549316406	35.263999938964844	-15.067000389099121	32.29100036621094	35.60300064086914	-13.64900016784668	C	P
33	33	31.92300033569336	31.972000122070312	-16.915000915527344	31.92300033569336	31.972000122070312	-16.915000915527344	G	G
34	34	34.308998107910156	30.132999420166016	-14.57699966430664	35.76900100708008	30.547000885009766	-14.439000129699707	P	N
35	35	32.1870002746582	31.3439998626709	-11.645000457763672	31.673999786376953	32.74700164794922	-11.366000175476074	C	P
36	36	29.143999099731445	29.597999572753906	-13.083999633789062	28.26300048828125	30.083999633789062	-14.255999565124512	K	B
37	37	31.23699951171875	26.464000701904297	-13.697999954223633	32.54600143432617	26.466999053955078	-14.52299976348877	M	N
38	38	32.051998138427734	26.05500030517578	-9.982999801635742	33.27399826049805	26.67799949645996	-9.220000267028809	I	N
39	39	28.5310001373291	26.836999893188477	-8.70199966430664	27.452999114990234	27.672000885009766	-9.39900016784668	A	N
40	40	27.440000534057617	23.17300033569336	-8.654000282287598	27.374000549316406	22.260000228881836	-9.913999557495117	P	N
41	41	30.634000778198242	22.1299991607666	-6.925000190734863	32.09400177001953	22.367000579833984	-7.392000198364258	I	N
42	42	29.875	24.631000518798828	-4.150000095367432	29.777000427246094	26.150999069213867	-4.301000118255615	L	N
43	43	26.43600082397461	23.023000717163086	-3.7190001010894775	25.347000122070312	22.85300064086914	-4.793000221252441	D	A
44	44	28.02400016784668	19.586000442504883	-3.381999969482422	28.954999923706055	18.88800048828125	-4.382999897003174	E	A
45	45	30.540000915527344	20.889999389648438	-0.843999981880188	31.663000106811523	21.937999725341797	-1.1649999618530273	I	N
46	46	27.740999221801758	22.631999969482422	1.1169999837875366	26.770000457763672	23.670000076293945	0.5730000138282776	A	N
47	47	25.99799919128418	19.256000518798828	1.4880000352859497	25.23900032043457	18.534000396728516	0.367000013589859	D	A
48	48	29.132999420166016	17.236000061035156	2.1600000858306885	30.288000106811523	16.881000518798828	1.222000002861023	E	A
49	49	30.520999908447266	19.621000289916992	4.781000137329102	31.632999420166016	20.573999404907227	4.366000175476074	Y	P
50	50	27.179000854492188	20.531999588012695	6.3460001945495605	25.854999542236328	19.959999084472656	5.89900016784668	Q	P
51	51	27.738000869750977	21.106000900268555	10.02299976348877	27.738000869750977	21.106000900268555	10.02299976348877	G	G
52	52	31.510000228881836	21.763999938964844	9.59000015258789	32.45899963378906	20.70400047302246	8.965999603271484	K	B
53	53	31.450000762939453	24.604999542236328	7.067999839782715	32.22800064086914	24.02199935913086	5.866000175476074	L	N
54	54	29.052000045776367	27.340999603271484	5.927999973297119	28.55699920654297	28.54400062561035	6.829999923706055	T	P
55	55	29.222000122070312	28.360000610351562	2.2669999599456787	29.093000411987305	27.285999298095703	1.1660000085830688	V	N
56	56	28.229999542236328	31.8799991607666	1.2089999914169312	28.511999130249023	32.816001892089844	2.4100000858306885	A	N
57	57	28.139999389648438	34.020999908447266	-1.9520000219345093	27.194000244140625	33.54199981689453	-3.0920000076293945	K	B
58	58	28.69099998474121	37.689998626708984	-2.6640000343322754	29.665000915527344	38.40800094604492	-1.746999979019165	L	N
59	59	27.740999221801758	38.99800109863281	-6.1020002365112305	26.270999908447266	38.97800064086914	-6.564000129699707	N	P
60	60	30.229999542236328	41.784000396728516	-6.828000068664551	31.73200035095215	41.53900146484375	-7.247000217437744	I	N
61	61	27.98200035095215	43.599998474121094	-9.347999572753906	27.224000930786133	43.00199890136719	-10.515000343322754	D	A
62	62	25.31599998474121	44.02299880981445	-6.688000202178955	24.30500030517578	42.93199920654297	-6.35699987411499	Q	P
63	63	27.725000381469727	44.60300064086914	-3.75	27.591999053955078	43.470001220703125	-2.7239999771118164	N	P
64	64	30.823999404907227	46.38399887084961	-4.999000072479248	30.589000701904297	47.551998138427734	-5.960999965667725	P	N
65	65	32.138999938964844	47.479000091552734	-1.593000054359436	32.138999938964844	47.479000091552734	-1.593000054359436	G	G
66	66	33.47100067138672	44.24100112915039	-0.13600000739097595	32.665000915527344	42.974998474121094	0.3569999933242798	T	P
67	67	35.90399932861328	42.81700134277344	-2.7260000705718994	35.58300018310547	42.59199905395508	-4.192999839782715	A	N
68	68	38.19900131225586	45.86800003051758	-2.6429998874664307	37.691001892089844	47.24300003051758	-3.0320000648498535	P	N
69	69	38.624000549316406	45.54399871826172	1.1059999465942383	37.573001861572266	45.46699905395508	2.2260000705718994	K	B
70	70	40.16400146484375	42.08300018310547	0.6610000133514404	39.154998779296875	40.893001556396484	0.7289999723434448	Y	P
71	71	42.27899932861328	43.097999572753906	-2.325000047683716	42.27899932861328	43.097999572753906	-2.325000047683716	G	G
72	72	40.34400177001953	40.805999755859375	-4.672999858856201	38.85900115966797	40.3390007019043	-4.473999977111816	I	N
73	73	41.505001068115234	41.354000091552734	-8.232999801635742	43.05699920654297	41.284000396728516	-8.392000198364258	R	B
74	74	39.69300079345703	38.62699890136719	-10.211000442504883	39.69300079345703	38.62699890136719	-10.211000442504883	G	G
75	75	36.77199935913086	36.178001403808594	-9.880000114440918	35.388999938964844	36.89799880981445	-9.741000175476074	I	N
76	76	36.00199890136719	33.58399963378906	-8.873000144958496	35.40999984741211	32.1619987487793	-8.835000038146973	P	N
77	77	37.91899871826172	34.08300018310547	-5.64900016784668	38.590999603271484	35.42900085449219	-5.27400016784668	T	P
78	78	37.20899963378906	31.885000228881836	-2.6059999465942383	37.18899917602539	30.360000610351562	-2.680999994277954	L	N
79	79	37.97999954223633	33.29999923706055	0.8730000257492065	37.64799880981445	34.76599884033203	1.2339999675750732	L	N
80	80	37.99700164794922	30.90399932861328	3.859999895095825	38.784000396728516	29.573999404907227	3.8580000400543213	L	N
81	81	37.268001556396484	32.83100128173828	7.10699987411499	36.150001525878906	33.875999450683594	7.203000068664551	F	N
82	82	37.77899932861328	31.52899932861328	10.628999710083008	38.750999450683594	30.427000045776367	10.930000305175781	K	B
83	83	37.409000396728516	33.65599822998047	13.781000137329102	38.61899948120117	33.1510009765625	14.611000061035156	N	P
84	84	36.89699935913086	36.91400146484375	11.871999740600586	36.89699935913086	36.91400146484375	11.871999740600586	G	G
85	85	39.94200134277344	36.66299819946289	9.678000450134277	41.20100021362305	36.499000549316406	10.5600004196167	E	A
86	86	40.9640007019043	35.22100067138672	6.333000183105469	41.35900115966797	36.04999923706055	5.093999862670898	V	N
87	87	42.60200119018555	31.834999084472656	6.921000003814697	41.81800079345703	30.687999725341797	7.546000003814697	A	N
88	88	43.22600173950195	30.913999557495117	3.247999906539917	43.26499938964844	29.405000686645508	3.240000009536743	A	N
89	89	42.27899932861328	31.993999481201172	-0.24500000476837158	42.486000061035156	33.487998962402344	-0.5569999814033508	T	P
90	90	42.042999267578125	30.413000106811523	-3.677000045776367	41.54199981689453	28.99799919128418	-3.6389999389648438	K	B
91	91	41.77299880981445	32.3390007019043	-6.935999870300293	42.80799865722656	33.448001861572266	-7.244999885559082	V	N
92	92	40.29199981689453	30.80500030517578	-10.092000007629395	40.29199981689453	30.80500030517578	-10.092000007629395	G	G
93	93	38.185001373291016	27.788999557495117	-10.90999984741211	37.50699996948242	27.52899932861328	-12.243000030517578	A	N
94	94	39.082000732421875	24.368000030517578	-9.524999618530273	39.698001861572266	24.548999786376953	-8.135000228881836	L	N
95	95	37.643001556396484	20.851999282836914	-9.439000129699707	38.45899963378906	19.679000854492188	-10.00100040435791	S	P
96	96	35.70100021362305	19.325000762939453	-6.579999923706055	34.54100036621094	18.33099937438965	-6.660999774932861	K	B
97	97	38.720001220703125	17.18000030517578	-5.607999801635742	38.720001220703125	17.18000030517578	-5.607999801635742	G	G
98	98	41.00299835205078	20.249000549316406	-5.489999771118164	41.3489990234375	21.14900016784668	-6.664999961853027	Q	P
99	99	38.435001373291016	22.145999908447266	-3.4240000247955322	37.02799987792969	22.566999435424805	-3.878999948501587	L	N
100	100	38.19499969482422	19.291000366210938	-0.9259999990463257	37.75199890136719	17.84000015258789	-1.1390000581741333	K	B
101	101	41.96900177001953	19.19499969482422	-0.5460000038146973	42.979000091552734	18.94499969482422	-1.6410000324249268	E	A
102	102	42.10100173950195	22.950000762939453	-0.06300000101327896	41.643001556396484	23.981000900268555	-1.0839999914169312	F	N
103	103	39.40999984741211	22.700000762939453	2.6559998989105225	37.93199920654297	22.365999221801758	2.4739999771118164	L	N
104	104	40.92399978637695	19.709999084472656	4.4070000648498535	41.058998107910156	18.288999557495117	3.8580000400543213	D	A
105	105	44.27799987792969	21.547000885009766	4.617000102996826	45.04800033569336	22.143999099731445	3.4210000038146973	A	N
106	106	42.58700180053711	24.32900047302246	6.538000106811523	42.04100036621094	25.562000274658203	5.767000198364258	N	P
107	107	39.8120002746582	22.78700065612793	8.604999542236328	38.573001861572266	22.198999404907227	7.965000152587891	L	N
108	108	42.1510009765625	20.618999481201172	10.673999786376953	41.441001892089844	20.368999481201172	11.98799991607666	A	N
109	109	21.388999938964844	25.4060001373291	-4.627999782562256	21.388999938964844	25.4060001373291	-4.627999782562256	X	X
110	110	42.63199996948242	19.312000274658203	10.012999534606934	42.63199996948242	19.312000274658203	10.012999534606934	Z	Z
