Nr	Nidx	CaX	CaY	CaZ	PosX	PosY	PosZ	Let	Type
1	1	-3.7780001163482666	14.519000053405762	15.857999801635742	-4.248000144958496	14.602999687194824	17.349000930786133	V	N
2	2	-0.41100001335144043	13.663000106811523	17.15999984741211	2.0250000953674316	13.868000030517578	16.332000732421875	L	N
3	3	-1.3079999685287476	12.197999954223633	20.533000946044922	-1.5049999952316284	10.741999626159668	20.8799991607666	S	P
4	4	0.5109999775886536	13.237000465393066	23.68600082397461	1.4579999446868896	15.064000129699707	25.81599998474121	E	A
5	5	2.4100000858306885	10.006999969482422	23.368999481201172	2.4100000858306885	10.006999969482422	23.368999481201172	G	G
6	6	3.7090001106262207	10.736000061035156	19.909000396728516	1.065999984741211	9.319000244140625	17.371999740600586	E	A
7	7	4.632999897003174	14.357999801635742	20.608999252319336	3.0197778277926974	17.323555840386284	18.44822226630317	T	N
8	8	6.623000144958496	12.87399959564209	23.451000213623047	5.818999767303467	12.008000373840332	27.041000366210938	Q	P
9	9	8.531999588012695	10.595000267028809	21.149999618530273	7.320000171661377	8.291999816894531	20.986000061035156	L	N
10	10	9.107999801635742	13.616000175476074	18.965999603271484	8.032999992370605	14.496000289916992	18.309999465942383	V	N
11	11	10.472000122070312	15.946999549865723	21.601999282836914	8.38599967956543	17.500999450683594	21.898000717163086	L	N
12	12	12.513999938964844	13.208000183105469	23.284000396728516	13.741599845886231	10.352599716186523	25.087200164794922	H	B
13	13	14.685999870300293	12.79800033569336	20.208999633789062	14.47599983215332	11.753999710083008	19.073999404907227	V	N
14	14	14.748000144958496	16.459999084472656	19.354999542236328	14.542888959248861	19.118777592976887	16.53522194756402	T	N
15	15	16.34600067138672	17.045000076293945	22.808000564575195	15.725000381469727	16.559999465942383	24.13800048828125	A	N
16	16	19.322999954223633	15.01099967956543	21.558000564575195	19.26300048828125	10.39900016784668	25.027000427246094	K	B
17	17	19.51799964904785	16.96299934387207	18.273000717163086	18.476999282836914	17.312000274658203	17.104999542236328	V	N
18	18	19.69499969482422	19.863000869750977	20.72599983215332	16.611000061035156	21.464000701904297	22.19700050354004	E	A
19	19	23.04400062561035	18.538999557495117	22.0	23.152000427246094	17.158000946044922	22.631999969482422	A	N
20	20	24.70599937438965	19.09000015258789	18.639999389648438	26.538999557495117	18.118999481201172	17.160999298095703	D	A
21	21	22.43000030517578	21.32900047302246	16.645000457763672	21.89699935913086	22.68899917602539	17.218000411987305	V	N
22	22	25.19300079345703	22.249000549316406	14.255999565124512	26.347999572753906	23.160999298095703	14.706999778747559	A	N
23	23	26.4950008392334	18.850000381469727	13.0649995803833	26.4950008392334	18.850000381469727	13.0649995803833	G	G
24	24	22.93400001525879	17.691999435424805	12.670999526977539	21.740600204467775	15.661999893188476	15.416199684143066	H	B
25	25	22.003999710083008	20.743999481201172	10.586000442504883	22.003999710083008	20.743999481201172	10.586000442504883	G	G
26	26	25.090999603271484	20.191999435424805	8.545999526977539	28.917999267578125	20.663000106811523	8.918000221252441	Q	P
27	27	24.319000244140625	16.51300048828125	7.839000225067139	25.474000930786133	15.0	9.550999641418457	D	A
28	28	20.7450008392334	17.36400032043457	6.853000164031982	18.540000915527344	17.389999389648438	10.005999565124512	I	N
29	29	21.604999542236328	20.1200008392334	4.427999973297119	21.09000015258789	22.3439998626709	5.658999919891357	L	N
30	30	24.233999252319336	17.93600082397461	2.7330000400543213	27.18899917602539	18.988000869750977	4.71999979019165	I	N
31	31	21.860000610351562	14.9399995803833	2.5320000648498535	21.031999588012695	9.99899959564209	2.2260000705718994	R	B
32	32	19.422000885009766	17.437999725341797	0.8140000104904175	17.815000534057617	19.531999588012695	0.6940000057220459	L	N
33	33	21.868000030517578	18.959999084472656	-1.656999945640564	22.24233341217041	22.275166829427082	0.18250000228484473	F	N
34	34	23.18899917602539	15.541999816894531	-2.443000078201294	27.899999618530273	16.406999588012695	-4.03000020980835	K	B
35	35	19.884000778198242	13.663000106811523	-3.0	18.895000457763672	13.258000373840332	-1.9040000438690186	S	P
36	36	18.240999221801758	16.673999786376953	-4.671000003814697	15.46879997253418	14.801199913024902	-3.3594000339508057	H	B
37	37	20.798999786376953	18.992000579833984	-6.394999980926514	21.606000900268555	16.920000076293945	-7.230999946594238	P	N
38	38	18.2450008392334	21.39900016784668	-7.789000034332275	15.911999702453613	18.868999481201172	-7.434000015258789	E	A
39	39	17.701000213623047	22.51799964904785	-4.184000015258789	16.261999130249023	20.764999389648438	-2.9749999046325684	T	P
40	40	21.18199920654297	24.01799964904785	-4.044000148773193	23.757999420166016	24.0310001373291	-3.9690001010894775	L	N
41	41	20.156999588012695	26.336000442504883	-6.9079999923706055	21.645999908447266	26.1200008392334	-9.204999923706055	E	A
42	42	17.820999145507812	28.020999908447266	-4.418000221252441	12.885000228881836	28.74799919128418	-6.607999801635742	K	B
43	43	20.777999877929688	29.187999725341797	-2.3329999446868896	19.585166613260906	26.891833305358887	0.5140000134706497	F	N
44	44	22.98699951171875	31.83799934387207	-3.7880001068115234	21.753000259399414	33.66899871826172	-4.980000019073486	D	A
45	45	25.72599983215332	31.349000930786133	-1.1710000038146973	23.493000030517578	32.86899948120117	4.281000137329102	R	B
46	46	26.025999069213867	27.613000869750977	-1.5950000286102295	24.569833119710285	27.8029998143514	1.8531666894753773	F	N
47	47	26.32200050354004	27.18899917602539	-5.297999858856201	22.85700035095215	29.714000701904297	-8.824000358581543	K	B
48	48	30.099000930786133	27.400999069213867	-5.1570000648498535	30.883599853515626	28.74379997253418	-1.883199965953827	H	B
49	49	29.930999755859375	24.156999588012695	-3.130000114440918	29.398000717163086	25.368999481201172	-0.9300000071525574	L	N
50	50	30.40399932861328	21.429000854492188	-5.76200008392334	29.90399932861328	24.910999298095703	-9.33899974822998	K	B
51	51	31.881000518798828	18.599000930786133	-3.7170000076293945	33.93199920654297	18.64299964904785	-5.1020002365112305	T	P
52	52	30.884000778198242	17.219999313354492	-0.34700000286102295	29.47100067138672	14.307000160217285	1.7139999866485596	E	A
53	53	34.20899963378906	18.076000213623047	1.3569999933242798	35.606998443603516	17.708999633789062	0.875	A	N
54	54	33.68899917602539	21.711999893188477	0.3610000014305115	34.465999603271484	22.347000122070312	-3.3389999866485596	E	A
55	55	30.229000091552734	21.523000717163086	1.8839999437332153	27.142000198364258	19.649999618530273	-1.8940000534057617	M	N
56	56	31.509000778198242	20.06800079345703	5.135000228881836	30.360000610351562	13.989999771118164	6.593999862670898	K	B
57	57	34.19599914550781	22.79400062561035	5.294000148773193	35.39899826049805	22.823999404907227	4.369999885559082	A	N
58	58	31.83300018310547	25.729999542236328	4.710000038146973	30.740999221801758	25.82900047302246	3.6530001163482666	S	P
59	59	31.190000534057617	27.610000610351562	7.934999942779541	32.11800003051758	27.983999252319336	10.866999626159668	E	A
60	60	28.451000213623047	29.64900016784668	6.315999984741211	27.652999877929688	31.136999130249023	4.425000190734863	D	A
61	61	26.58300018310547	26.3799991607666	5.427000045776367	26.420000076293945	23.916000366210938	4.22599983215332	L	N
62	62	26.868999481201172	25.267000198364258	9.043999671936035	29.28499984741211	24.59000015258789	14.505999565124512	K	B
63	63	25.430999755859375	28.53499984741211	10.36400032043457	28.85300064086914	33.60200119018555	9.420999526977539	K	B
64	64	22.43600082397461	28.062000274658203	8.079999923706055	19.90659980773926	28.02719955444336	5.802999973297119	H	B
65	65	21.85099983215332	24.538000106811523	9.394000053405762	21.85099983215332	24.538000106811523	9.394000053405762	G	G
66	66	21.75	26.04400062561035	12.861000061035156	22.84600067138672	26.805999755859375	13.670999526977539	V	N
67	67	19.159000396728516	28.58300018310547	11.708999633789062	17.9950008392334	30.492000579833984	10.479000091552734	T	P
68	68	16.81800079345703	25.95199966430664	10.175000190734863	17.145999908447266	25.05500030517578	8.993000030517578	V	N
69	69	17.09600067138672	23.43000030517578	12.980999946594238	18.702999114990234	21.472000122070312	12.20199966430664	L	N
70	70	16.402999877929688	25.944000244140625	15.725000381469727	18.70199966430664	26.913000106811523	15.847000122070312	T	P
71	71	13.446000099182129	27.42099952697754	13.847000122070312	13.418000221252441	28.05699920654297	12.454000473022461	A	N
72	72	12.288999557495117	23.847999572753906	13.305999755859375	12.182999610900879	21.40399932861328	12.406000137329102	L	N
73	73	12.718000411987305	22.927000045776367	16.892000198364258	12.718000411987305	22.927000045776367	16.892000198364258	G	G
74	74	10.866999626159668	26.010000228881836	18.11199951171875	11.243000030517578	27.402999877929688	17.67300033569336	A	N
75	75	7.954999923706055	24.791000366210938	15.97599983215332	8.477999687194824	25.850000381469727	12.236000061035156	I	N
76	76	8.069000244140625	21.18899917602539	17.243999481201172	9.717000007629395	19.79800033569336	15.793999671936035	L	N
77	77	7.9679999351501465	22.256000518798828	20.8700008392334	13.777000427246094	23.910999298095703	22.201000213623047	K	B
78	78	4.831999778747559	24.179000854492188	20.059999465942383	4.2210001945495605	29.655000686645508	21.18000030517578	K	B
79	79	3.186000108718872	20.871999740600586	19.211000442504883	2.634000062942505	18.599000930786133	24.742000579833984	K	B
80	80	-0.1599999964237213	21.30299949645996	17.531999588012695	-0.1599999964237213	21.30299949645996	17.531999588012695	G	G
81	81	-0.6230000257492065	24.989999771118164	18.288999557495117	0.5813999950885773	25.676399993896485	21.61240005493164	H	B
82	82	2.188999891281128	26.20599937438965	16.07699966430664	2.288800024986267	23.431999969482423	13.630599975585938	H	B
83	83	0.7210000157356262	29.131999969482422	14.116999626159668	-1.812999963760376	28.26799964904785	16.172000885009766	E	A
84	84	2.6459999084472656	32.159000396728516	15.449999809265137	2.819999933242798	32.483001708984375	16.94300079345703	A	N
85	85	5.956999778747559	30.61400032043457	14.347000122070312	5.3460001945495605	29.54199981689453	17.30500030517578	E	A
86	86	4.89300012588501	28.913999557495117	11.16100025177002	3.4700000286102295	26.82900047302246	10.071999549865723	L	N
87	87	3.2909998893737793	31.959999084472656	9.545999526977539	-0.49900001287460327	37.007999420166016	9.675999641418457	K	B
88	88	6.434000015258789	34.119998931884766	9.095000267028809	6.0960001945495605	34.83399963378906	11.319000244140625	P	N
89	89	8.258999824523926	31.03700065612793	7.744999885559082	9.559000015258789	28.957000732421875	8.734999656677246	L	N
90	90	5.47599983215332	30.45199966430664	5.1519999504089355	4.004000186920166	30.145999908447266	5.48799991607666	A	N
91	91	5.453000068664551	34.11800003051758	4.0970001220703125	4.23199987411499	37.69300079345703	4.752999782562256	Q	P
92	92	9.218000411987305	34.26300048828125	3.4549999237060547	10.366999626159668	34.297000885009766	4.466000080108643	S	P
93	93	9.430000305175781	30.80699920654297	1.9450000524520874	11.548000144958497	29.302800369262695	4.347999954223633	H	B
94	94	6.551000118255615	31.402999877929688	-0.46700000762939453	5.050000190734863	31.434999465942383	-0.04600000008940697	A	N
95	95	7.0	34.99599838256836	-1.4759999513626099	4.730999946594238	35.64899826049805	-0.6169999837875366	T	P
96	96	10.810999870300293	35.40399932861328	-1.246000051498413	13.538999557495117	37.441001892089844	0.2529999911785126	K	B
97	97	13.008999824523926	32.35100173950195	-1.3589999675750732	13.910000038146972	32.911599731445314	1.968399977684021	H	B
98	98	10.534000396728516	30.663999557495117	-3.740000009536743	7.7779998779296875	33.972999572753906	-4.415999889373779	K	B
99	99	10.75100040435791	27.326000213623047	-2.0309998989105225	13.494000434875488	27.7450008392334	-1.2549999952316284	I	N
100	100	8.16100025177002	24.87299919128418	-3.4800000190734863	9.878000259399414	24.277999877929688	-4.955999851226807	P	N
101	101	6.3520002365112305	22.625	-1.0140000581741333	4.210999965667725	24.0939998626709	0.7879999876022339	I	N
102	102	7.99399995803833	19.60700035095215	-2.6470000743865967	8.210000038146973	15.123000144958496	-4.550000190734863	K	B
103	103	11.414999961853027	20.743000030517578	-1.4079999923706055	12.996142796107701	22.551142828805105	-4.886285645621164	Y	P
104	104	9.883000373840332	20.781999588012695	2.115000009536743	8.640000343322754	23.125	2.4059998989105225	L	N
105	105	9.13599967956543	17.108999252319336	1.5720000267028809	7.329999923706055	14.628000259399414	-0.8399999737739563	E	A
106	106	12.72700023651123	16.44099998474121	0.4300000071525574	12.18833335240682	16.98933283487956	-3.318166732788086	F	N
107	107	14.074999809265137	18.141000747680664	3.572000026702881	15.958999633789062	21.426000595092773	4.781000137329102	I	N
108	108	11.706999778747559	16.152000427246094	5.764999866485596	10.208000183105469	15.97599983215332	5.617000102996826	S	P
109	109	13.052000045776367	12.854000091552734	4.577000141143799	10.762999534606934	10.958000183105469	4.229000091552734	E	A
110	110	16.652999877929688	14.16100025177002	5.00600004196167	17.165000915527344	15.359999656677246	4.396999835968018	A	N
111	111	15.812999725341797	14.9399995803833	8.5649995803833	13.954999923706055	18.23699951171875	8.487000465393066	I	N
112	112	14.458000183105469	11.404000282287598	9.225000381469727	10.791000366210938	11.8149995803833	8.538000106811523	I	N
113	113	17.360000610351562	9.871000289916992	7.355000019073486	20.16220054626465	9.025000190734863	5.344800090789795	H	B
114	114	19.844999313354492	11.855999946594238	9.437000274658203	20.21500015258789	13.350000381469727	9.345999717712402	V	N
115	115	18.225000381469727	11.085000038146973	12.763999938964844	16.496999740600586	13.128000259399414	13.253999710083008	L	N
116	116	18.173999786376953	7.39900016784668	11.836999893188477	18.03180046081543	4.0531998634338375	10.827200126647949	H	B
117	117	21.889999389648438	7.8460001945495605	11.027999877929688	22.402000427246094	8.970999717712402	10.144000053405762	S	P
118	118	22.704999923706055	9.112000465393066	14.508999824523926	25.253999710083008	14.36400032043457	14.020999908447266	R	B
119	119	20.016000747680664	7.803999900817871	16.80699920654297	20.321800231933594	11.2253999710083	17.553800201416017	H	B
120	120	19.29400062561035	4.059000015258789	16.6560001373291	21.45199966430664	3.7690000534057617	15.722000122070312	P	N
121	121	18.093000411987305	3.315999984741211	20.16699981689453	18.093000411987305	3.315999984741211	20.16699981689453	G	G
122	122	16.006999969482422	6.464000225067139	20.2189998626709	15.99899959564209	8.206999778747559	22.033000946044922	D	A
123	123	14.810999870300293	6.396999835968018	16.6560001373291	13.924166679382324	8.8125	13.85100015004476	F	N
124	124	12.77299976348877	3.2269999980926514	16.27199935913086	12.77299976348877	3.2269999980926514	16.27199935913086	G	G
125	125	9.62600040435791	2.61299991607666	14.1850004196167	9.053000450134277	1.2569999694824219	13.861000061035156	A	N
126	126	7.302000045776367	4.308000087738037	16.676000595092773	8.071000099182129	2.9769999980926514	18.70199966430664	D	A
127	127	9.38599967956543	7.499000072479248	16.926000595092773	10.689000129699707	7.636000156402588	17.631000518798828	A	N
128	128	9.970000267028809	7.590000152587891	13.178999900817871	12.1899995803833	4.8480000495910645	11.789999961853027	Q	P
129	129	6.208000183105469	7.453000068664551	12.744000434875488	6.208000183105469	7.453000068664551	12.744000434875488	G	G
130	130	5.770999908447266	10.21399974822998	15.32800006866455	6.265999794006348	10.241999626159668	16.75	A	N
131	131	8.4350004196167	12.29800033569336	13.63700008392334	11.020999908447266	13.819000244140625	15.713000297546387	M	N
132	132	7.01200008392334	11.696000099182129	10.119999885559082	6.488999843597412	10.538000106811523	7.921999931335449	N	P
133	133	3.6689999103546143	12.673999786376953	11.484999656677246	0.3009999990463257	11.782999992370605	13.968999862670898	K	B
134	134	5.0960001945495605	15.951000213623047	12.895000457763672	5.894000053405762	16.086000442504883	14.20300006866455	A	N
135	135	6.916999816894531	16.906999588012695	9.675999641418457	9.194000244140625	15.914999961853027	10.128000259399414	L	N
136	136	3.6419999599456787	16.218000411987305	7.8979997634887695	2.3529999256134033	12.621000289916992	7.291999816894531	E	A
137	137	1.5740000009536743	18.601999282836914	10.024999618530273	0.6940000057220459	19.628999710083008	12.282999992370605	L	N
138	138	4.269000053405762	21.180999755859375	9.51099967956543	7.648333390553792	22.553666750590008	8.576666593551636	F	N
139	139	4.203999996185303	20.679000854492188	5.734000205993652	6.420000076293945	16.062999725341797	4.474999904632568	R	B
140	140	0.39100000262260437	20.76099967956543	5.618000030517578	-3.440000057220459	20.73900032043457	9.406999588012695	K	B
141	141	-0.013000000268220901	24.038000106811523	7.579999923706055	-0.5590000152587891	23.4060001373291	9.958000183105469	D	A
142	142	2.638000011444092	25.663999557495117	5.446000099182129	5.419000148773193	26.941999435424805	6.573999881744385	I	N
143	143	0.7310000061988831	24.39900016784668	2.3949999809265137	0.453000009059906	22.90999984741211	2.194000005722046	A	N
144	144	-2.428999900817871	26.06399917602539	3.632999897003174	-3.055000066757202	25.849000930786133	4.998000144958496	A	N
145	145	-0.5339999794960022	29.357999801635742	3.937000036239624	-0.8410000205039978	27.70800018310547	8.722000122070312	K	B
146	146	0.8259999752044678	28.882999420166016	0.4519999921321869	4.917000021253314	27.795571735927037	0.6159999966621399	Y	P
147	147	-2.5999999046325684	28.191999435424805	-1.0829999446868896	-7.645999908447266	24.242000579833984	-1.5399999618530273	K	B
148	148	-3.878000020980835	31.361000061035156	0.5659999847412109	-3.752000093460083	33.31100082397461	3.9570000171661377	E	A
149	149	-1.0980000495910645	33.54600143432617	-0.8610000014305115	0.6610000133514404	33.974998474121094	1.1779999732971191	L	N
150	150	-1.50600004196167	31.905000686645508	-4.267000198364258	-1.50600004196167	31.905000686645508	-4.267000198364258	G	G
151	151	1.628000020980835	29.791000366210938	-4.388000011444092	3.726285696029663	33.286285672869	-3.7791427884783064	Y	P
152	152	1.9229999780654907	26.08799934387207	-5.318999767303467	4.8460001945495605	25.40399932861328	-4.622000217437744	Q	P
153	153	-0.9139999747276306	24.299999237060547	-7.109000205993652	-0.9139999747276306	24.299999237060547	-7.109000205993652	G	G
