Nr	Nidx	CaX	CaY	CaZ	PosX	PosY	PosZ	Let	Type
7	1	0.23100000619888306	-0.5350000262260437	30.104999542236328	0.7630000114440918	1.9010000228881836	31.010000228881836	L	N
8	2	0.6370000243186951	-3.947000026702881	31.702999114990234	3.0058000087738037	-5.426200103759766	29.51719970703125	H	B
9	3	1.9190000295639038	-5.453999996185303	34.88800048828125	-2.802000045776367	-3.6019999980926514	38.50400161743164	K	B
10	4	4.9670000076293945	-7.764999866485596	35.02799987792969	6.915999889373779	-6.458000183105469	31.968000411987305	E	A
11	5	6.303999900817871	-9.845000267028809	37.909000396728516	6.28000020980835	-11.720000267028809	36.3849983215332	P	N
12	6	9.197999954223633	-9.008999824523926	40.130001068115234	9.46500015258789	-7.514999866485596	40.071998596191406	A	N
13	7	10.383000373840332	-9.984000205993652	43.61899948120117	12.218000411987305	-11.562999725341797	42.99100112915039	T	P
14	8	11.657999992370605	-7.821000099182129	46.47100067138672	11.631999969482422	-6.585999965667725	48.77299880981445	L	N
15	9	15.369999885559082	-7.811999797821045	47.01100158691406	17.367000579833984	-8.144000053405762	43.70100021362305	I	N
16	10	15.479999542236328	-4.855000019073486	49.474998474121094	19.033000946044922	-2.125	51.5620002746582	K	B
17	11	13.744999885559082	-1.7020000219345093	50.58300018310547	13.074999809265137	-1.621000051498413	51.96699905395508	A	N
18	12	15.92199993133545	1.3969999551773071	50.10599899291992	17.270000457763672	0.593999981880188	46.68000030517578	I	N
19	13	13.85200023651123	4.526000022888184	50.823001861572266	14.765999794006348	6.421999931335449	49.37099838256836	D	A
20	14	10.496000289916992	6.24399995803833	50.09700012207031	10.496000289916992	6.24399995803833	50.09700012207031	G	G
21	15	10.715999603271484	6.057000160217285	46.3120002746582	11.789999961853027	8.317000389099121	45.7859992980957	D	A
22	16	13.503000259399414	3.5510001182556152	45.4640007019043	15.001999855041504	5.263000011444092	44.569000244140625	T	P
23	17	13.440999984741211	-0.2070000022649765	45.909000396728516	11.987000465393066	-0.7139999866485596	45.98500061035156	V	N
24	18	15.718000411987305	-3.015000104904175	44.87099838256836	20.825000762939453	-2.2139999866485596	42.5629997253418	K	B
25	19	13.744999885559082	-5.656000137329102	42.99700164794922	11.52299976348877	-4.166999816894531	42.91999816894531	L	N
26	20	14.562999725341797	-8.727999687194824	40.821998596191406	17.114999771118164	-12.63599967956543	42.01599884033203	M	N
27	21	13.145000457763672	-8.178999900817871	37.32699966430664	11.336285727364677	-6.37542860848563	34.05514281136649	Y	P
28	22	13.512999534606934	-10.762999534606934	34.571998596191406	11.642000198364258	-7.296999931335449	29.85300064086914	K	B
29	23	15.890999794006348	-12.47599983215332	37.00400161743164	15.890999794006348	-12.47599983215332	37.00400161743164	G	G
30	24	18.270000457763672	-9.472000122070312	37.290000915527344	19.959999084472656	-10.583000183105469	35.00699996948242	Q	P
31	25	18.680999755859375	-7.223999977111816	40.33599853515625	20.945999145507812	-8.064000129699707	40.51599884033203	P	N
32	26	17.783000946044922	-3.622999906539917	39.5620002746582	15.899999618530273	-4.4670000076293945	35.805999755859375	M	N
33	27	17.059999465942383	-0.5090000033378601	41.59600067138672	17.481000900268555	1.6200000047683716	42.946998596191406	T	P
34	28	13.680999755859375	0.902999997138977	40.65599822998047	12.336166699727377	-1.915333350499471	38.56883430480957	F	N
35	29	12.734000205993652	4.574999809265137	40.94599914550781	12.079000473022461	9.592000007629395	42.46799850463867	R	B
36	30	8.940999984741211	5.204999923706055	41.28900146484375	8.262999534606934	4.442999839782715	43.73899841308594	L	N
37	31	7.539999961853027	7.109000205993652	38.388999938964844	7.728000164031982	5.89900016784668	36.143001556396484	L	N
38	32	5.806000232696533	10.456000328063965	38.819000244140625	3.0190000534057617	9.949999809265137	36.02799987792969	E	A
39	33	6.484000205993652	10.901000022888184	42.54899978637695	5.828999996185303	9.843999862670898	43.422000885009766	V	N
40	34	9.053000450134277	12.29800033569336	45.005001068115234	11.003000259399414	13.942999839782715	44.91899871826172	D	A
41	35	9.600000381469727	11.378999710083008	48.60300064086914	8.42300033569336	9.199999809265137	48.808998107910156	T	P
42	36	11.767999649047852	13.293999671936035	51.005001068115234	9.744000434875488	13.666000366210938	52.319000244140625	P	N
43	37	15.281999588012695	11.916999816894531	51.42300033569336	16.714000701904297	12.027000427246094	48.62900161743164	E	A
50	38	15.765000343322754	9.975000381469727	54.6349983215332	16.47683350245158	7.677500168482463	57.56233342488607	F	N
51	39	17.732999801635742	12.960000038146973	56.071998596191406	18.884000778198242	13.720999717712402	53.88800048828125	N	P
52	40	14.652000427246094	15.197999954223633	55.56700134277344	15.229999542236328	16.256000518798828	51.78900146484375	E	A
53	41	11.359000205993652	15.763999938964844	57.31399917602539	7.002999782562256	19.42099952697754	59.43600082397461	K	B
54	42	9.086000442504883	12.763999938964844	56.67300033569336	5.849857194083078	15.136428560529437	57.8312862941197	Y	P
55	43	11.97700023651123	10.868000030517578	54.999000549316406	11.97700023651123	10.868000030517578	54.999000549316406	G	G
56	44	11.984999656677246	8.196000099182129	57.71099853515625	13.123000144958496	9.83899974822998	59.09400177001953	P	N
57	45	8.149999618530273	7.914000034332275	57.625	8.468999862670898	10.131999969482422	59.856998443603516	E	A
58	46	8.253000259399414	7.605000019073486	53.76499938964844	8.734000205993652	8.668000221252441	52.78300094604492	A	N
59	47	10.935999870300293	4.928999900817871	54.013999938964844	12.336000442504883	5.076000213623047	54.632999420166016	S	P
60	48	9.01099967956543	2.9179999828338623	56.638999938964844	8.675999641418457	3.4719998836517334	58.04399871826172	A	N
61	49	5.790999889373779	3.247999906539917	54.57600021362305	2.5331667065620422	4.204833348592122	52.92183303833008	F	N
62	50	7.230000019073486	1.8539999723434448	51.284000396728516	8.675000190734863	1.7450000047683716	49.16699981689453	T	P
63	51	9.27400016784668	-0.6990000009536743	53.231998443603516	13.66100025177002	-2.055000066757202	57.560001373291016	K	B
64	52	6.252999782562256	-2.11299991607666	55.0359992980957	1.4450000524520874	-1.7430000305175781	58.57500076293945	K	B
65	53	4.165999889373779	-2.1010000705718994	51.86800003051758	0.9990000128746033	-0.004000000189989805	48.29399871826172	M	N
66	54	6.834000110626221	-3.946000099182129	49.81399917602539	8.041000366210938	-3.382999897003174	49.016998291015625	V	N
67	55	7.901000022888184	-6.379000186920166	52.57400131225586	10.991999626159668	-5.215000152587891	54.76599884033203	E	A
68	56	4.311999797821045	-7.3460001945495605	53.45500183105469	3.8329999446868896	-6.182000160217285	55.6510009765625	N	P
69	57	3.38100004196167	-7.922999858856201	49.80099868774414	3.7909998893737793	-7.048999786376953	48.66400146484375	A	N
70	58	2.8489999771118164	-11.432999610900879	48.52299880981445	2.696000099182129	-14.102999687194824	52.73899841308594	K	B
71	59	2.9839999675750732	-10.258000373840332	44.93299865722656	-1.2599999904632568	-10.387999534606934	40.69900131225586	K	B
72	60	5.135000228881836	-7.415999889373779	43.6349983215332	5.974999904632568	-5.951000213623047	46.16600036621094	I	N
73	61	4.539999961853027	-6.211999893188477	40.11399841308594	1.055999994277954	-7.692999839782715	39.55699920654297	E	A
74	62	6.1579999923706055	-3.6530001163482666	37.8849983215332	7.7220001220703125	-3.634000062942505	37.641998291015625	V	N
75	63	4.494999885559082	-1.5470000505447388	35.23400115966797	0.8610000014305115	-0.08799999952316284	35.04199981689453	E	A
76	64	6.543000221252441	0.4000000059604645	32.707000732421875	9.75683323542277	-1.5913333321611087	32.9668337504069	F	N
77	65	4.997000217437744	3.4230000972747803	31.05299949645996	3.8410000801086426	5.663000106811523	31.50200080871582	D	A
78	66	5.1479997634887695	4.251999855041504	27.30699920654297	-0.37700000405311584	2.7269999980926514	25.48200035095215	K	B
79	67	8.52400016784668	6.074999809265137	27.52899932861328	8.52400016784668	6.074999809265137	27.52899932861328	G	G
80	68	11.97599983215332	5.60699987411499	28.945999145507812	14.829999923706055	7.552000045776367	28.597000122070312	Q	P
81	69	12.378000259399414	2.444999933242798	31.0939998626709	8.82800006866455	-1.8079999685287476	28.415000915527344	R	B
82	70	15.746000289916992	3.38700008392334	32.58300018310547	18.20199966430664	2.7899999618530273	32.62900161743164	T	P
83	71	16.96500015258789	6.745999813079834	33.88800048828125	17.23699951171875	6.940999984741211	36.45800018310547	D	A
84	72	20.37299919128418	8.279000282287598	33.516998291015625	20.332000732421875	14.263999938964844	35.749000549316406	K	B
85	73	21.547000885009766	6.515999794006348	36.71699905395508	21.496857234409877	10.238714218139648	38.65642874581473	Y	P
86	74	20.489999771118164	3.0320000648498535	35.4109992980957	20.489999771118164	3.0320000648498535	35.4109992980957	G	G
87	75	17.39299964904785	2.8940000534057617	37.667999267578125	16.909000396728516	7.693999767303467	40.70100021362305	R	B
88	76	14.307000160217285	1.2309999465942383	36.31100082397461	14.307000160217285	1.2309999465942383	36.31100082397461	G	G
89	77	11.375	3.5989999771118164	36.025001525878906	12.755999565124512	5.644999980926514	35.178001403808594	L	N
90	78	8.038000106811523	2.0230000019073486	36.858001708984375	8.270999908447266	0.49900001287460327	36.95399856567383	A	N
91	79	4.809999942779541	1.9850000143051147	38.823001861572266	3.438142878668649	4.822857175554548	36.2687143598284	Y	P
92	80	5.26200008392334	-0.6520000100135803	41.50400161743164	8.067000389099121	-0.9819999933242798	40.7140007019043	I	N
93	81	2.2730000019073486	-2.634999990463257	42.849998474121094	0.19885713926383428	-1.0611428490706853	39.62599999564035	Y	P
94	82	2.052000045776367	-4.515999794006348	46.14500045776367	2.555999994277954	-3.8529999256134033	47.41899871826172	A	N
95	83	-0.7620000243186951	-7.059000015258789	46.00299835205078	-0.11500000208616257	-8.449000358581543	48.00400161743164	D	A
96	84	-2.5450000762939453	-4.991000175476074	43.38199996948242	-2.5450000762939453	-4.991000175476074	43.38199996948242	G	G
97	85	-2.125999927520752	-1.5859999656677246	45.1870002746582	-2.8269999027252197	0.8999999761581421	49.88199996948242	K	B
98	86	0.17299999296665192	1.0169999599456787	43.55500030517578	-0.9850000143051147	3.677999973297119	39.915000915527344	M	N
99	87	2.880000114440918	2.1050000190734863	45.9739990234375	4.302000045776367	1.5290000438690186	46.00899887084961	V	N
100	88	3.3269999027252197	5.3470001220703125	43.94599914550781	4.446000099182129	4.571000099182129	41.77899932861328	N	P
101	89	-0.33399999141693115	6.252999782562256	44.52899932861328	-4.068999767303467	5.46999979019165	43.672000885009766	E	A
102	90	-0.3930000066757202	5.099999904632568	48.178001403808594	-0.08500000089406967	3.7039999961853027	48.641998291015625	A	N
103	91	2.5230000019073486	7.419000148773193	49.1510009765625	4.834000110626221	6.25600004196167	48.87300109863281	L	N
104	92	0.8299999833106995	10.39799976348877	47.513999938964844	0.5329999923706055	10.53499984741211	45.999000549316406	V	N
105	93	-2.5369999408721924	9.5649995803833	49.1619987487793	-7.0970001220703125	9.984999656677246	51.03300094604492	R	B
106	94	-0.9020000100135803	9.5600004196167	52.60499954223633	-2.328000068664551	7.242000102996826	53.97999954223633	Q	P
107	95	1.0089999437332153	12.756999969482422	52.03799819946289	1.0089999437332153	12.756999969482422	52.03799819946289	G	G
108	96	4.36299991607666	10.90999984741211	52.15999984741211	4.072999954223633	9.345000267028809	54.17100143432617	L	N
109	97	5.1570000648498535	11.91100025177002	48.49800109863281	5.306000232696533	10.727999687194824	47.55400085449219	A	N
110	98	4.485000133514404	14.694000244140625	46.005001068115234	6.926000118255615	19.9060001373291	48.53499984741211	K	B
111	99	3.49399995803833	14.25	42.375999450683594	2.1510000228881836	14.607999801635742	41.74800109863281	V	N
112	100	6.77400016784668	15.154999732971191	40.582000732421875	7.791999816894531	15.105999946594238	41.742000579833984	A	N
113	101	9.008999824523926	14.468000411987305	37.630001068115234	12.365285873413086	14.718142918178014	40.089856828962056	Y	P
114	102	6.046000003814697	14.13700008392334	35.3120002746582	4.646999835968018	14.704999923706055	35.630001068115234	V	N
115	103	7.710999965667725	13.836999893188477	31.882999420166016	11.60871423993792	14.129571505955287	33.82914188929966	Y	P
116	104	5.76800012588501	13.619000434875488	28.60700035095215	1.156999945640564	13.864999771118164	26.417999267578125	K	B
117	105	6.828999996185303	10.071999549865723	27.715999603271484	6.828999996185303	10.071999549865723	27.715999603271484	G	G
118	106	5.822000026702881	8.571999549865723	30.993000030517578	7.991000175476074	7.203000068664551	31.17300033569336	N	P
119	107	2.635999917984009	10.243000030517578	32.30400085449219	1.8919999599456787	11.652000427246094	30.363000869750977	N	P
120	108	-0.11800000071525574	7.611999988555908	31.97599983215332	-1.2450000047683716	5.422999858856201	31.44099998474121	T	P
121	109	-1.1150000095367432	7.853000164031982	35.70500183105469	-0.9964000225067139	4.352399921417236	35.93519973754883	H	B
122	110	-0.7089999914169312	11.583000183105469	36.19900131225586	0.15000000596046448	15.07699966430664	34.74599838256836	E	A
123	111	-4.326000213623047	12.394000053405762	36.82600021362305	-7.514999866485596	13.442999839782715	34.82600021362305	Q	P
124	112	-4.8420000076293945	9.451000213623047	39.23899841308594	-4.629000186920166	6.952000141143799	39.88800048828125	L	N
125	113	-1.8630000352859497	10.571999549865723	41.23899841308594	0.14300000667572021	9.102999687194824	40.49300003051758	L	N
126	114	-2.9260001182556152	14.244999885559082	41.28799819946289	0.6520000100135803	17.37700080871582	38.52399826049805	R	B
127	115	-6.35099983215332	13.156000137329102	42.5369987487793	-11.670000076293945	12.194000244140625	42.0890007019043	K	B
128	116	-4.695000171661377	11.33899974822998	45.42399978637695	-3.7780001163482666	10.159000396728516	45.250999450683594	A	N
129	117	-2.5179998874664307	14.380000114440918	46.215999603271484	0.43700000643730164	16.631999969482422	45.10900115966797	E	A
130	118	-5.552000045776367	16.707000732421875	46.17900085449219	-6.5	16.9950008392334	45.012001037597656	A	N
131	119	-7.169000148773193	14.46500015258789	48.840999603271484	-10.109000205993652	13.491000175476074	49.64699935913086	Q	P
132	120	-3.9489998817443848	14.223999977111816	50.96799850463867	-2.5280001163482666	13.753000259399414	50.53499984741211	A	N
133	121	-3.743000030517578	17.97800064086914	50.92300033569336	-0.503000020980835	20.2549991607666	46.224998474121094	K	B
134	122	-7.432000160217285	18.292999267578125	51.766998291015625	-9.87399959564209	16.48699951171875	46.9370002746582	K	B
135	123	-6.894000053405762	16.069000244140625	54.83399963378906	-7.98799991607666	12.468000411987305	53.89799880981445	E	A
136	124	-3.697000026702881	18.018999099731445	55.707000732421875	-3.865000009536743	22.298999786376953	53.35599899291992	K	B
137	125	-1.6269999742507935	14.803999900817871	55.79199981689453	-3.3510000705718994	12.843999862670898	55.29499816894531	L	N
138	126	1.9980000257492065	14.585000038146973	56.821998596191406	2.069000005722046	12.069000244140625	57.1349983215332	N	P
139	127	3.819000005722046	16.77400016784668	54.220001220703125	5.71999979019165	14.666000366210938	51.58000183105469	I	N
140	128	0.6890000104904175	18.92300033569336	53.92499923706055	0.9003333254820771	18.129555172390408	50.00666724310981	T	N
141	129	0.4410000145435333	19.52400016784668	57.74100112915039	0.5230000019073486	18.398000717163086	58.79100036621094	S	P
