Nr	Nidx	CaX	CaY	CaZ	PosX	PosY	PosZ	Let	Type
7	1	0.8830000162124634	36.0629997253418	21.3799991607666	0.4909999966621399	34.79399871826172	20.63800048828125	L	N
8	2	3.86299991607666	37.35100173950195	19.450000762939453	4.36899995803833	38.70399856567383	19.94700050354004	H	B
9	3	6.500999927520752	35.98500061035156	17.148000717163086	6.4019999504089355	36.069000244140625	15.63700008392334	K	B
10	4	10.133999824523926	35.91400146484375	18.18199920654297	10.479000091552734	35.43000030517578	19.566999435424805	E	A
11	5	13.00100040435791	35.20800018310547	15.843000411987305	13.84000015258789	36.358001708984375	15.348999977111816	P	N
12	6	14.803999900817871	31.900999069213867	16.091999053955078	13.944000244140625	30.735000610351562	16.534000396728516	A	N
13	7	17.464000701904297	30.375	13.892000198364258	18.92799949645996	30.91900062561035	14.1899995803833	T	P
14	8	17.274999618530273	26.812999725341797	12.645999908447266	16.92799949645996	26.506999969482422	11.204999923706055	L	N
15	9	19.934999465942383	24.540000915527344	14.043999671936035	20.159000396728516	24.231000900268555	15.536999702453613	I	N
16	10	18.441999435424805	21.28499984741211	12.845000267028809	19.3799991607666	20.30299949645996	13.538000106811523	K	B
17	11	15.086999893188477	19.799999237060547	12.0	14.354999542236328	19.941999435424805	10.701000213623047	A	N
18	12	14.829999923706055	16.52899932861328	13.932999610900879	14.640000343322754	16.34600067138672	15.46500015258789	I	N
19	13	11.562999725341797	15.307999610900879	12.472999572753906	11.097000122070312	14.01200008392334	13.07699966430664	D	A
20	14	8.262999534606934	16.718000411987305	11.291999816894531	8.262999534606934	16.718000411987305	11.291999816894531	G	G
21	15	7.285999774932861	18.250999450683594	14.621999740600586	5.988999843597412	17.642000198364258	15.194000244140625	D	A
22	16	10.545000076293945	18.611000061035156	16.527999877929688	10.932000160217285	17.33799934387207	17.375	T	P
23	17	13.288999557495117	21.030000686645508	15.649999618530273	12.748000144958496	22.020000457763672	14.604999542236328	V	N
24	18	16.402000427246094	22.41200065612793	17.250999450683594	17.746000289916992	21.724000930786133	17.31800079345703	K	B
25	19	16.486000061035156	26.180999755859375	17.124000549316406	15.11299991607666	26.83799934387207	17.108999252319336	L	N
26	20	18.753000259399414	28.868999481201172	18.457000732421875	19.86199951171875	29.57200050354004	17.711999893188477	M	N
27	21	16.327999114990234	30.78499984741211	20.659000396728516	15.036999702453613	30.020999908447266	21.010000228881836	Y	P
28	22	17.62700080871582	33.85599899291992	22.490999221801758	16.850000381469727	34.01900100708008	23.781999588012695	K	B
29	23	21.135000228881836	32.7130012512207	21.729000091552734	21.135000228881836	32.7130012512207	21.729000091552734	G	G
30	24	20.325000762939453	29.322999954223633	23.243000030517578	19.618999481201172	29.51799964904785	24.57699966430664	Q	P
31	25	20.086999893188477	26.05500030517578	21.35700035095215	21.280000686645508	25.12700080871582	21.260000228881836	P	N
32	26	16.68000030517578	24.634000778198242	22.187999725341797	15.699000358581543	25.756000518798828	22.511999130249023	M	N
33	27	14.572999954223633	21.774999618530273	20.913000106811523	14.854000091552734	20.25200080871582	20.93000030517578	T	P
34	28	11.109999656677246	22.968000411987305	19.94099998474121	10.911999702453613	24.197999954223633	19.089000701904297	F	N
35	29	8.050000190734863	20.805999755859375	19.60099983215332	7.708000183105469	19.91900062561035	20.783000946044922	R	B
36	30	5.296999931335449	22.072999954223633	17.315000534057617	5.170000076293945	21.606000900268555	15.857999801635742	L	N
37	31	2.197000026702881	22.976999282836914	19.34000015258789	1.7899999618530273	24.41900062561035	19.70599937438965	L	N
38	32	-1.062999963760376	21.23900032043457	18.53700065612793	-1.9559999704360962	22.437999725341797	18.136999130249023	L	N
39	33	0.2849999964237213	18.860000610351562	15.937000274658203	0.8980000019073486	19.513999938964844	14.682999610900879	V	N
40	34	1.6510000228881836	15.383000373840332	15.699999809265137	0.9570000171661377	14.298999786376953	16.527999877929688	D	A
41	35	3.7300000190734863	14.362000465393066	12.696999549865723	5.008999824523926	15.03499984741211	12.098999977111816	T	P
42	36	4.285999774932861	10.619999885559082	12.399999618530273	3.9860000610351562	9.913000106811523	11.088000297546387	P	N
43	37	7.117000102996826	9.208000183105469	14.435999870300293	6.8420000076293945	8.137999534606934	15.5	E	A
44	38	10.33899974822998	8.281000137329102	12.682000160217285	10.949000358581543	9.361000061035156	11.704000473022461	T	P
45	39	12.303000450134277	7.769000053405762	15.852999687194824	12.605999946594238	9.008000373840332	16.72100067138672	K	B
46	40	10.845000267028809	6.113999843597412	18.902000427246094	9.782999992370605	6.791999816894531	19.797000885009766	H	B
47	41	11.039999961853027	2.322000026702881	18.736000061035156	12.145000457763672	1.628999948501587	19.538000106811523	P	N
48	42	7.791999816894531	1.9329999685287476	20.645999908447266	7.495999813079834	2.440999984741211	22.038000106811523	K	B
49	43	6.183000087738037	3.678999900817871	17.677000045776367	5.9720001220703125	5.176000118255615	17.665000915527344	K	B
50	44	8.534000396728516	2.756999969482422	14.824999809265137	8.534000396728516	2.756999969482422	14.824999809265137	G	G
51	45	8.928999900817871	4.710999965667725	11.579999923706055	9.937999725341797	4.434999942779541	10.460000038146973	V	N
52	46	5.306000232696533	5.571000099182129	10.918000221252441	4.443999767303467	6.2789998054504395	11.940999984741211	E	A
53	47	3.6570000648498535	6.304999828338623	7.60099983215332	2.378999948501587	5.684000015258789	7.057000160217285	K	B
54	48	4.349999904632568	9.857000350952148	6.501999855041504	2.9170000553131104	10.404999732971191	6.673999786376953	Y	P
55	49	6.935999870300293	10.052000045776367	9.262999534606934	6.935999870300293	10.052000045776367	9.262999534606934	G	G
56	50	9.64900016784668	10.612000465393066	6.659999847412109	10.012999534606934	9.434000015258789	5.761000156402588	P	N
57	51	7.4720001220703125	12.871999740600586	4.5370001792907715	6.104000091552734	12.54699993133545	3.9749999046325684	E	A
58	52	6.5970001220703125	15.085000038146973	7.526000022888184	5.826000213623047	14.590999603271484	8.73900032043457	A	N
59	53	10.255000114440918	15.439000129699707	8.454999923706055	11.279000282287598	14.375	8.79699993133545	S	P
60	54	11.270999908447266	16.273000717163086	4.882999897003174	11.038000106811523	15.407999992370605	3.6549999713897705	A	N
61	55	8.51099967956543	18.827999114990234	4.699999809265137	7.044000148773193	18.474000930786133	4.84499979019165	F	N
62	56	9.414999961853027	20.584999084472656	7.9629998207092285	9.404000282287598	19.8700008392334	9.376999855041504	T	P
63	57	13.067000389099121	20.273000717163086	7.091000080108643	13.829999923706055	19.011999130249023	6.724999904632568	K	B
64	58	12.602999687194824	21.799999237060547	3.6510000228881836	11.71399974822998	21.246999740600586	2.546999931335449	K	B
65	59	10.270999908447266	24.535999298095703	4.821000099182129	8.958999633789062	24.240999221801758	5.554999828338623	M	N
66	60	12.607999801635742	25.507999420166016	7.607999801635742	12.729999542236328	24.76300048828125	8.92300033569336	K	B
67	61	15.868000030517578	25.231000900268555	5.705999851226807	16.506000518798828	23.989999771118164	5.109000205993652	E	A
68	62	14.600000381469727	27.34000015258789	2.805000066757202	13.729999542236328	26.73200035095215	1.684999942779541	N	P
69	63	13.178999900817871	29.99799919128418	5.122000217437744	12.430000305175781	29.77199935913086	6.427000045776367	A	N
70	64	14.666000366210938	33.45399856567383	5.256999969482422	14.25	34.694000244140625	4.507999897003174	K	B
71	65	12.975000381469727	34.00699996948242	8.609999656677246	12.102999687194824	35.27399826049805	8.574999809265137	K	B
72	66	12.104999542236328	31.58099937438965	11.362000465393066	12.928999900817871	30.347000122070312	11.836999893188477	I	N
73	67	9.843000411987305	32.7599983215332	14.154000282287598	8.887999534606934	33.87799835205078	13.852999687194824	E	A
74	68	8.654000282287598	30.98699951171875	17.250999450683594	9.694000244140625	30.415000915527344	18.202999114990234	V	N
75	69	5.339000225067139	31.899999618530273	18.746999740600586	4.211999893188477	32.159000396728516	17.763999938964844	E	A
76	70	4.684999942779541	30.635000228881836	22.2450008392334	5.46999979019165	31.020999908447266	23.48200035095215	F	N
77	71	1.1169999837875366	30.121000289916992	23.334999084472656	0.30300000309944153	28.865999221801758	23.142000198364258	D	A
78	72	-0.48100000619888306	31.448999404907227	26.513999938964844	-1.9639999866485596	31.863000869750977	26.594999313354492	K	B
79	73	0.29600000381469727	28.385000228881836	28.650999069213867	0.29600000381469727	28.385000228881836	28.650999069213867	G	G
80	74	3.4739999771118164	26.423999786376953	29.316999435424805	3.572999954223633	24.951000213623047	29.687999725341797	Q	P
81	75	6.318999767303467	27.135000228881836	26.933000564575195	7.197999954223633	28.36199951171875	26.9950008392334	R	B
82	76	8.003000259399414	23.79400062561035	27.506999969482422	9.33899974822998	23.915000915527344	28.323999404907227	T	P
83	77	6.754000186920166	20.201000213623047	27.79599952697754	6.380000114440918	19.339000701904297	26.614999771118164	D	A
84	78	8.071999549865723	17.718000411987305	30.378000259399414	7.339000225067139	16.448999404907227	30.802000045776367	K	B
85	79	10.977999687194824	16.934999465942383	28.04599952697754	10.755000114440918	16.238000869750977	26.697999954223633	Y	P
86	80	12.104000091552734	20.53499984741211	28.187000274658203	12.104000091552734	20.53499984741211	28.187000274658203	G	G
87	81	11.144000053405762	21.17099952697754	24.558000564575195	10.616000175476074	20.26300048828125	23.49799919128418	R	B
88	82	9.812999725341797	24.66699981689453	23.80900001525879	9.812999725341797	24.66699981689453	23.80900001525879	G	G
89	83	6.178999900817871	24.48699951171875	22.73200035095215	5.144000053405762	24.079999923706055	23.791000366210938	L	N
90	84	5.461999893188477	26.959999084472656	19.982999801635742	6.806000232696533	27.666000366210938	19.725000381469727	A	N
91	85	3.8340001106262207	27.683000564575195	16.695999145507812	2.681999921798706	28.656999588012695	16.53499984741211	Y	P
92	86	6.776000022888184	27.976999282836914	14.345000267028809	7.875999927520752	26.902999877929688	14.418000221252441	I	N
93	87	6.669000148773193	30.2189998626709	11.307000160217285	6.185999870300293	31.663999557495117	11.527000427246094	Y	P
94	88	8.86400032043457	29.964000701904297	8.223999977111816	9.15999984741211	28.62299919128418	7.635000228881836	A	N
95	89	8.678000450134277	33.262001037597656	6.35699987411499	9.090999603271484	33.06999969482422	4.906000137329102	D	A
96	90	5.440999984741211	33.9900016784668	8.131999969482422	5.440999984741211	33.9900016784668	8.131999969482422	G	G
97	91	3.947000026702881	30.608999252319336	7.235000133514404	4.198999881744385	29.80699920654297	5.982999801635742	K	B
98	92	3.010999917984009	28.56100082397461	10.300000190734863	1.7339999675750732	28.63800048828125	11.107999801635742	M	N
99	93	4.784999847412109	25.253000259399414	9.9350004196167	6.176000118255615	24.836000442504883	10.4399995803833	V	N
100	94	2.2790000438690186	23.691999435424805	12.305999755859375	1.8519999980926514	24.118000030517578	13.680999755859375	N	P
101	95	-0.5889999866485596	24.56999969482422	9.942000389099121	-1.149999976158142	25.958999633789062	9.685999870300293	E	A
102	96	1.4589999914169312	23.841999053955078	6.840000152587891	2.8519999980926514	24.356000900268555	6.605999946594238	A	N
103	97	1.9299999475479126	20.225000381469727	7.986999988555908	2.703000068664551	19.87700080871582	9.255000114440918	L	N
104	98	-1.7100000381469727	19.80500030517578	8.994999885559082	-2.4030001163482666	20.624000549316406	10.118000030517578	V	N
105	99	-2.947999954223633	21.327999114990234	5.775000095367432	-2.677000045776367	22.749000549316406	5.295000076293945	R	B
106	100	-0.8299999833106995	18.77400016784668	3.8519999980926514	0.699999988079071	18.85300064086914	3.686000108718872	Q	P
107	101	-2.134000062942505	15.760000228881836	5.76200008392334	-2.134000062942505	15.760000228881836	5.76200008392334	G	G
108	102	1.3639999628067017	15.39799976348877	7.267000198364258	2.513000011444092	16.134000778198242	6.60099983215332	L	N
109	103	0.29899999499320984	16.0049991607666	10.84000015258789	1.0199999809265137	17.208999633789062	11.404999732971191	A	N
110	104	-2.8269999027252197	15.538000106811523	12.875	-3.3499999046325684	14.184000015258789	13.210000038146973	K	B
111	105	-4.077000141143799	18.111000061035156	15.352999687194824	-5.295000076293945	19.003000259399414	15.230999946594238	V	N
112	106	-2.940000057220459	16.481000900268555	18.604999542236328	-2.0209999084472656	15.303000450134277	18.288999557495117	A	N
113	107	-1.9869999885559082	17.280000686645508	22.18000030517578	-0.43700000643730164	17.285999298095703	22.06399917602539	Y	P
114	108	-4.427999973297119	20.1200008392334	22.45400047302246	-5.75600004196167	20.224000930786133	21.694000244140625	V	N
115	109	-3.6389999389648438	21.124000549316406	26.03499984741211	-2.3489999771118164	20.64900016784668	26.68899917602539	Y	P
116	110	-5.59499979019165	24.21299934387207	27.07699966430664	-7.021999835968018	24.176000595092773	27.636999130249023	K	B
117	111	-4.7179999351501465	27.052000045776367	27.30699920654297	-4.625999927520752	28.253000259399414	28.253000259399414	P	N
118	112	-2.058000087738037	26.367000579833984	24.638999938964844	-0.8420000076293945	25.488000869750977	24.881999969482422	N	P
119	113	-4.775000095367432	25.985000610351562	22.047000885009766	-5.90500020980835	25.155000686645508	22.64699935913086	N	P
120	114	-4.823999881744385	29.47100067138672	20.648000717163086	-3.799999952316284	30.635000228881836	20.878000259399414	T	P
121	115	-4.65500020980835	28.240999221801758	17.055999755859375	-3.4070000648498535	28.440000534057617	16.18600082397461	H	B
122	116	-6.574999809265137	25.006999969482422	17.489999771118164	-7.210999965667725	24.450000762939453	18.750999450683594	E	A
123	117	-9.611000061035156	26.027000427246094	15.401000022888184	-10.656999588012695	27.09600067138672	15.645999908447266	Q	P
124	118	-7.269000053405762	27.28700065612793	12.689000129699707	-6.044000148773193	28.208999633789062	12.862000465393066	H	B
125	119	-5.360000133514404	24.01799964904785	12.64799976348877	-4.328000068664551	23.632999420166016	13.715999603271484	L	N
126	120	-8.595999717712402	22.047000885009766	12.972999572753906	-9.673999786376953	22.07699966430664	14.041000366210938	R	B
127	121	-9.99899959564209	23.767000198364258	9.892999649047852	-10.305999755859375	25.253999710083008	9.71399974822998	K	B
128	122	-6.8460001945495605	22.95400047302246	7.940000057220459	-5.47599983215332	23.54400062561035	8.032999992370605	S	P
129	123	-6.973999977111816	19.381000518798828	9.152000427246094	-6.929999828338623	18.80699920654297	10.557000160217285	E	A
130	124	-10.609999656677246	19.06100082397461	8.027999877929688	-11.690999984741211	20.018999099731445	8.515000343322754	A	N
131	125	-9.496000289916992	20.420000076293945	4.663000106811523	-8.932000160217285	21.815000534057617	4.406000137329102	Q	P
132	126	-6.663000106811523	17.87700080871582	4.4720001220703125	-5.439000129699707	17.820999145507812	5.374000072479248	A	N
133	127	-8.982999801635742	14.996999740600586	5.460000038146973	-9.755999565124512	14.770000457763672	6.747000217437744	K	B
134	128	-11.529999732971191	16.430999755859375	3.015000104904175	-11.989999771118164	17.875	2.941999912261963	K	B
135	129	-8.875	16.159000396728516	0.30799999833106995	-7.9679999351501465	17.29800033569336	-0.11599999666213989	E	A
136	130	-7.692999839782715	12.791999816894531	1.5789999961853027	-8.326000213623047	11.82699966430664	0.5659999847412109	K	B
137	131	-4.129000186920166	14.050999641418457	1.7330000400543213	-3.808000087738037	15.553000450134277	1.9119999408721924	L	N
138	132	-1.3020000457763672	11.861000061035156	2.947999954223633	-0.33500000834465027	12.949000358581543	3.492000102996826	N	P
139	133	-2.3299999237060547	10.758999824523926	6.4079999923706055	-2.1630001068115234	11.630999565124512	7.706999778747559	I	N
140	134	-5.991000175476074	10.970999717712402	5.377999782562256	-6.715000152587891	12.321000099182129	5.4079999923706055	T	N
141	135	-5.4710001945495605	9.1899995803833	2.062000036239624	-4.294000148773193	9.458000183105469	1.1549999713897705	S	P
136	136	-0.23600000143051147	36.909000396728516	21.81100082397461	-0.23600000143051147	36.909000396728516	21.81100082397461	X	X
137	137	-5.816999912261963	7.708000183105469	2.1649999618530273	-5.816999912261963	7.708000183105469	2.1649999618530273	Z	Z
