Nr	Nidx	CaX	CaY	CaZ	PosX	PosY	PosZ	Let	Type
2	1	9.178000450134277	18.624000549316406	-0.2879999876022339	8.038999557495117	19.641000747680664	-0.296999990940094	A	N
3	2	10.437999725341797	18.7810001373291	3.303999900817871	11.95300006866455	18.624000549316406	3.4820001125335693	T	P
4	3	9.390999794006348	20.360000610351562	6.60099983215332	8.185999870300293	19.832000732421875	7.385000228881836	V	N
5	4	12.107000350952148	21.851999282836914	8.786999702453613	13.144000053405762	22.804000854492188	8.187999725341797	K	B
6	5	11.5600004196167	22.312000274658203	12.517000198364258	10.142000198364258	21.749000549316406	12.755000114440918	F	N
7	6	13.241000175476074	22.132999420166016	15.878999710083008	13.935999870300293	23.375	16.451000213623047	K	B
8	7	12.07699966430664	19.6299991607666	18.43600082397461	11.305000305175781	18.48200035095215	17.775999069213867	Y	P
9	8	13.477999687194824	19.15399932861328	21.924999237060547	13.236000061035156	17.67300033569336	22.285999298095703	K	B
10	9	16.700000762939453	20.979000091552734	21.065000534057617	16.700000762939453	20.979000091552734	21.065000534057617	G	G
11	10	17.261999130249023	19.020999908447266	17.840999603271484	17.128000259399414	17.481000900268555	17.957000732421875	E	A
12	11	16.972000122070312	20.15399932861328	14.229000091552734	18.110000610351562	20.76799964904785	13.4350004196167	E	A
13	12	14.628999710083008	17.999000549316406	12.140000343322754	13.314000129699707	17.57200050354004	12.807999610900879	K	B
14	13	13.880000114440918	17.965999603271484	8.41100025177002	15.086000442504883	18.363000869750977	7.556000232696533	E	A
15	14	11.142000198364258	15.571999549865723	7.367000102996826	10.098999977111816	15.23799991607666	8.475000381469727	V	N
16	15	9.956999778747559	14.708000183105469	3.8529999256134033	10.312000274658203	13.439000129699707	3.071000099182129	D	A
17	16	6.315000057220459	15.720000267028809	3.5380001068115234	5.698999881744385	16.974000930786133	2.818000078201294	I	N
18	17	5.456999778747559	12.225000381469727	2.2339999675750732	6.349999904632568	11.411999702453613	1.2920000553131104	S	P
19	18	6.133999824523926	10.960000038146973	5.744999885559082	7.5279998779296875	10.928999900817871	6.3470001220703125	K	B
20	19	3.6710000038146973	13.307000160217285	7.484000205993652	3.240000009536743	14.774999618530273	7.085999965667725	I	N
21	20	1.0360000133514404	11.142000198364258	9.064000129699707	1.4210000038146973	10.194999694824219	10.208000183105469	K	B
22	21	-1.4730000495910645	13.479000091552734	10.71500015258789	-2.072999954223633	12.937000274658203	12.017000198364258	K	B
23	22	-1.6480000019073486	17.302000045776367	10.79699993133545	-0.9620000123977661	18.041000366210938	9.562000274658203	V	N
24	23	-3.8239998817443848	19.676000595092773	12.838000297546387	-4.446000099182129	18.916000366210938	14.04699993133545	T	N
25	24	-4.01800012588501	23.371999740600586	13.753000259399414	-4.882999897003174	24.316999435424805	12.892999649047852	R	B
26	25	-3.5450000762939453	24.777999877929688	17.288000106811523	-2.562999963760376	24.047000885009766	18.224000930786133	V	N
27	26	-4.052000045776367	28.51799964904785	16.80699920654297	-4.052000045776367	28.51799964904785	16.80699920654297	G	G
28	27	-1.121999979019165	29.711999893188477	14.70199966430664	-0.33399999141693115	30.981000900268555	15.03600025177002	K	B
29	28	0.7450000047683716	26.444000244140625	15.28600025177002	1.0130000114440918	25.94700050354004	16.715999603271484	M	N
30	29	0.6380000114440918	23.677000045776367	12.687000274658203	1.152999997138977	23.847000122070312	11.246999740600586	I	N
31	30	1.1319999694824219	20.448999404907227	14.647000312805176	0.4339999854564667	20.343000411987305	16.01099967956543	S	P
32	31	1.7979999780654907	17.017000198364258	13.12600040435791	2.265000104904175	17.297000885009766	11.664999961853027	F	N
33	32	2.99399995803833	13.40999984741211	13.484999656677246	2.0250000953674316	12.329999923706055	14.034000396728516	T	P
34	33	5.243000030517578	11.619000434875488	10.996999740600586	6.2779998779296875	12.633999824523926	10.503999710083008	Y	P
35	34	6.623000144958496	8.152000427246094	10.27400016784668	6.307000160217285	7.302999973297119	9.04800033569336	D	A
36	35	10.095999717712402	7.400000095367432	11.52400016784668	10.425999641418457	7.763999938964844	12.942999839782715	E	A
37	36	12.321000099182129	4.36899995803833	11.463000297546387	12.321000099182129	4.36899995803833	11.463000297546387	G	G
38	37	11.600000381469727	1.3509999513626099	13.637999534606934	11.600000381469727	1.3509999513626099	13.637999534606934	G	G
39	38	7.86299991607666	1.5750000476837158	13.057999610900879	7.86299991607666	1.5750000476837158	13.057999610900879	G	G
40	39	7.744999885559082	4.6519999504089355	15.265000343322754	8.887999534606934	5.013000011444092	16.204999923706055	K	B
41	40	5.8520002365112305	7.942999839782715	15.0600004196167	4.3379998207092285	7.888000011444092	15.279000282287598	T	P
42	41	7.572999954223633	11.315999984741211	15.581999778747559	7.572999954223633	11.315999984741211	15.581999778747559	G	G
43	42	5.892000198364258	14.64900016784668	16.518999099731445	5.451000213623047	14.836000442504883	17.965999603271484	R	B
44	43	6.574999809265137	18.106000900268555	15.121000289916992	6.574999809265137	18.106000900268555	15.121000289916992	G	G
45	44	5.169000148773193	21.635000228881836	14.914999961853027	4.635000228881836	22.01300048828125	16.277000427246094	A	N
46	45	5.86299991607666	24.763999938964844	12.918000221252441	6.304999828338623	24.535999298095703	11.454000473022461	V	N
47	46	4.538000106811523	28.253000259399414	12.678000450134277	5.427000045776367	29.490999221801758	12.75100040435791	S	P
48	47	1.7510000467300415	28.71500015258789	10.050000190734863	0.37400001287460327	29.29400062561035	10.329000473022461	E	A
49	48	3.9049999713897705	31.562999725341797	8.741999626159668	4.53000020980835	32.63800048828125	9.628999710083008	K	B
50	49	6.638999938964844	28.976999282836914	8.09000015258789	7.216000080108643	28.099000930786133	9.220999717712402	D	A
51	50	4.298999786376953	26.216999053955078	6.874000072479248	2.875999927520752	26.36199951171875	7.375	A	N
52	51	4.921000003814697	24.73200035095215	3.4079999923706055	5.642000198364258	23.392000198364258	3.299999952316284	P	N
53	52	1.7239999771118164	24.85300064086914	1.3040000200271606	1.5290000438690186	25.584999084472656	-0.03200000151991844	K	B
54	53	1.9229999780654907	21.055999755859375	0.8450000286102295	3.2100000381469727	20.292999267578125	0.44999998807907104	E	A
55	54	1.5369999408721924	20.636999130249023	4.64900016784668	2.572000026702881	21.110000610351562	5.659999847412109	L	N
56	55	-1.1640000343322754	23.27400016784668	4.921999931335449	-0.9760000109672546	24.725000381469727	4.559000015258789	L	N
57	56	-3.114000082015991	21.582000732421875	2.0799999237060547	-2.5179998874664307	21.275999069213867	0.7129999995231628	Q	P
58	57	-3.0350000858306885	18.332000732421875	4.00600004196167	-1.8040000200271606	17.66200065612793	4.622000217437744	M	N
59	58	-4.822000026702881	20.124000549316406	6.835000038146973	-4.464000225067139	21.5049991607666	7.375999927520752	L	N
60	59	-7.696000099182129	21.249000549316406	4.619999885559082	-7.625	22.360000610351562	3.561000108718872	E	A
61	60	-7.6479997634887695	17.908000946044922	2.803999900817871	-6.7129998207092285	17.618999481201172	1.6260000467300415	K	B
62	61	-7.505000114440918	15.85200023651123	5.998000144958496	-6.119999885559082	15.418999671936035	6.513000011444092	Q	P
63	62	-8.645999908447266	17.540000915527344	9.237000465393066	-9.793999671936035	18.45599937438965	8.800000190734863	K	B
64	63	-8.895999908447266	13.97599983215332	10.58899974822998	-9.704000473022461	13.067999839782715	9.64900016784668	K	B
64	64	8.800000190734863	17.43000030517578	-1.097000002861023	8.800000190734863	17.43000030517578	-1.097000002861023	X	X
65	65	-7.629000186920166	13.232999801635742	11.027000427246094	-7.629000186920166	13.232999801635742	11.027000427246094	Z	Z
