Nr	Nidx	CaX	CaY	CaZ	PosX	PosY	PosZ	Let	Type
19	1	11.911999702453613	-37.066001892089844	4.5980000495910645	11.343000411987305	-37.904998779296875	5.734000205993652	N	P
20	2	10.763999938964844	-33.73899841308594	6.038000106811523	11.423999786376953	-32.83399963378906	4.988999843597412	L	N
21	3	7.84499979019165	-32.2239990234375	7.934000015258789	7.27400016784668	-32.5260009765625	9.29699993133545	K	B
22	4	7.394000053405762	-28.743999481201172	6.505000114440918	7.880000114440918	-28.673999786376953	4.995999813079834	T	P
23	5	3.7980000972747803	-27.83799934387207	7.306000232696533	3.009999990463257	-27.69499969482422	6.045000076293945	E	A
24	6	1.61899995803833	-27.917999267578125	10.392999649047852	2.3350000381469727	-27.41699981689453	11.654000282287598	T	N
25	7	-1.975000023841858	-27.64299964904785	9.147000312805176	-2.427000045776367	-28.58300018310547	8.029000282287598	P	N
26	8	-3.1440000534057617	-29.187999725341797	12.428999900817871	-2.566999912261963	-30.437999725341797	13.097999572753906	E	A
27	9	-1.9839999675750732	-26.007999420166016	14.142999649047852	-0.4790000021457672	-25.684999465942383	14.144000053405762	L	N
28	10	-4.453999996185303	-23.429000854492188	12.782999992370605	-5.160999774932861	-23.33799934387207	11.435999870300293	V	N
29	11	-6.293000221252441	-21.95599937438965	15.772000312805176	-6.293000221252441	-21.95599937438965	15.772000312805176	G	G
30	12	-3.8959999084472656	-23.07900047302246	18.506000518798828	-3.0260000228881836	-24.329999923706055	18.39299964904785	K	B
31	13	-1.878999948501587	-20.773000717163086	20.760000228881836	-1.9620000123977661	-20.750999450683594	22.275999069213867	S	P
32	14	1.7170000076293945	-19.834999084472656	20.003000259399414	2.2679998874664307	-18.40399932861328	19.982999801635742	V	N
33	15	2.7009999752044678	-21.663999557495117	23.222000122070312	2.121000051498413	-21.375	24.590999603271484	E	A
34	16	0.9950000047683716	-24.867000579833984	22.107999801635742	-0.4819999933242798	-25.1200008392334	21.881000518798828	E	A
35	17	2.3010001182556152	-24.450000762939453	18.527999877929688	1.8300000429153442	-23.344999313354492	17.594999313354492	A	N
36	18	5.961999893188477	-23.951000213623047	19.582000732421875	6.434000015258789	-23.121999740600586	20.775999069213867	K	B
37	19	5.84499979019165	-27.167999267578125	21.583999633789062	4.736999988555908	-27.336000442504883	22.628999710083008	K	B
38	20	4.604000091552734	-29.2189998626709	18.614999771118164	3.190000057220459	-29.149999618530273	18.01799964904785	V	N
39	21	6.949999809265137	-27.73900032043457	16.031999588012695	7.01200008392334	-26.27400016784668	15.505000114440918	I	N
40	22	9.982000350952148	-28.216999053955078	18.292999267578125	10.262999534606934	-27.405000686645508	19.554000854492188	L	N
41	23	8.890999794006348	-31.825000762939453	18.77400016784668	7.473999977111816	-32.23400115966797	19.152999877929688	Q	P
42	24	8.928999900817871	-32.382999420166016	14.99899959564209	7.738999843597412	-32.007999420166016	14.10099983215332	D	A
43	25	11.76200008392334	-29.988000869750977	14.114999771118164	11.263999938964844	-29.035999298095703	13.050000190734863	K	B
44	26	14.182999610900879	-29.65399932861328	17.033000946044922	14.982000350952148	-30.902000427246094	17.43400001525879	P	N
45	27	16.354000091552734	-27.128999710083008	15.130999565124512	17.24799919128418	-27.54599952697754	13.95199966430664	E	A
46	28	13.479999542236328	-24.809999465942383	14.15999984741211	12.005999565124512	-25.17799949645996	14.177000045776367	A	N
47	29	13.934000015258789	-21.07900047302246	14.630000114440918	15.041999816894531	-20.280000686645508	13.970999717712402	Q	P
48	30	10.406000137329102	-19.875	15.480999946594238	9.586999893188477	-20.548999786376953	16.639999389648438	I	N
49	31	9.350000381469727	-16.429000854492188	14.248000144958496	9.961999893188477	-15.963000297546387	12.881999969482422	I	N
50	32	6.020999908447266	-14.883000373840332	15.3149995803833	5.781000137329102	-14.852999687194824	16.8439998626709	V	N
51	33	4.434000015258789	-12.28600025177002	13.005999565124512	5.085000038146973	-12.267000198364258	11.628999710083008	L	N
52	34	0.9879999756813049	-10.678999900817871	12.717000007629395	0.8840000033378601	-9.16100025177002	12.90999984741211	P	N
53	35	-1.1619999408721924	-11.85200023651123	9.751999855041504	-2.61299991607666	-12.380000114440918	9.772000312805176	V	N
54	36	-0.75	-9.522000312805176	6.758999824523926	-0.75	-9.522000312805176	6.758999824523926	G	G
55	37	3.0260000228881836	-9.02400016784668	7.2210001945495605	3.8350000381469727	-9.378999710083008	8.534000396728516	T	P
56	38	5.138999938964844	-8.819000244140625	4.064000129699707	5.0289998054504395	-7.573999881744385	3.114000082015991	I	N
57	39	8.378999710083008	-10.77400016784668	4.491000175476074	8.279999732971191	-12.142999649047852	5.193999767303467	V	N
58	40	11.67300033569336	-10.826000213623047	2.569999933242798	13.074999809265137	-10.435999870300293	3.177000045776367	T	P
59	41	11.789999961853027	-13.42300033569336	-0.23100000619888306	11.487000465393066	-13.043999671936035	-1.6670000553131104	M	N
60	42	14.630000114440918	-15.347999572753906	1.4730000495910645	15.553000450134277	-14.670000076293945	2.494999885559082	E	A
61	43	14.25100040435791	-19.115999221801758	2.0299999713897705	14.149999618530273	-20.07900047302246	0.8140000104904175	Y	P
62	44	15.538999557495117	-20.643999099731445	5.298999786376953	15.854000091552734	-19.676000595092773	6.440000057220459	R	B
63	45	15.194000244140625	-24.35700035095215	6.002999782562256	16.21299934387207	-25.31399917602539	5.263999938964844	I	N
64	46	15.5	-24.051000595092773	9.809000015258789	16.844999313354492	-23.913999557495117	10.53499984741211	D	A
65	47	12.918000221252441	-21.30900001525879	10.140999794006348	13.130000114440918	-20.016000747680664	9.321000099182129	R	B
66	48	9.239999771118164	-21.55500030517578	11.079000473022461	8.739999771118164	-22.72100067138672	11.951000213623047	V	N
67	49	7.130000114440918	-18.388999938964844	10.852999687194824	7.000999927520752	-17.538000106811523	9.569999694824219	R	B
68	50	3.88100004196167	-18.326000213623047	12.86400032043457	3.8929998874664307	-18.67300033569336	14.352999687194824	L	N
69	51	1.253999948501587	-15.871000289916992	11.531999588012695	0.9229999780654907	-15.767999649047852	10.04699993133545	F	N
70	52	-0.8930000066757202	-14.807000160217285	14.479999542236328	-0.18199999630451202	-14.793999671936035	15.848999977111816	V	N
71	53	-4.23799991607666	-13.107000350952148	15.079000473022461	-5.513999938964844	-13.958000183105469	15.062000274658203	D	A
72	54	-5.0970001220703125	-10.437999725341797	17.68000030517578	-6.455999851226807	-9.729000091552734	17.729999542236328	K	B
73	55	-5.201000213623047	-13.055000305175781	20.437000274658203	-6.544000148773193	-13.732999801635742	20.70199966430664	L	N
74	56	-1.9539999961853027	-14.753999710083008	19.38599967956543	-1.1180000305175781	-14.670000076293945	20.674999237060547	D	A
75	57	-3.5980000495910645	-17.863000869750977	17.854000091552734	-5.10099983215332	-18.131999969482422	17.947999954223633	N	P
76	58	-2.184999942779541	-19.433000564575195	14.666999816894531	-1.4780000448226929	-20.809999465942383	14.456999778747559	I	N
77	59	-4.214000225067139	-17.966999053955078	11.809000015258789	-4.229000091552734	-16.42799949645996	11.72599983215332	A	N
78	60	-2.5969998836517334	-19.76300048828125	8.857000350952148	-1.9279999732971191	-18.871999740600586	7.822999954223633	E	A
79	61	-0.8489999771118164	-23.111000061035156	8.362000465393066	-1.0540000200271606	-24.094999313354492	7.183000087738037	V	N
80	62	2.7139999866485596	-22.871000289916992	9.687000274658203	2.9660000801086426	-23.305999755859375	11.130000114440918	P	N
81	63	5.394999980926514	-23.822999954223633	7.129000186920166	4.933000087738037	-23.500999450683594	5.697999954223633	R	B
82	64	9.1899995803833	-23.996000289916992	6.828000068664551	10.003999710083008	-25.297000885009766	6.631999969482422	V	N
83	65	11.026000022888184	-21.173999786376953	5.057000160217285	11.026000022888184	-21.173999786376953	5.057000160217285	G	G
66	66	13.270000457763672	-37.5099983215332	4.242000102996826	13.270000457763672	-37.5099983215332	4.242000102996826	X	X
67	67	11.395000457763672	-19.82900047302246	5.6570000648498535	11.395000457763672	-19.82900047302246	5.6570000648498535	Z	Z
