Nr	Nidx	CaX	CaY	CaZ	PosX	PosY	PosZ	Let	Type
1	1	3.2190001010894775	-7.853000164031982	-18.648000717163086	4.302999973297119	-6.823999881744385	-18.292999267578125	A	N
2	2	3.2950000762939453	-9.677000045776367	-15.279000282287598	4.479000091552734	-9.366999626159668	-14.359000205993652	V	N
3	3	0.1459999978542328	-10.734999656677246	-13.387999534606934	-0.7749999761581421	-11.593999862670898	-14.281999588012695	T	P
4	4	0.49799999594688416	-10.519000053405762	-9.604000091552734	1.1330000162124634	-9.336000442504883	-8.873000144958496	T	N
5	5	-2.4210000038146973	-12.538999557495117	-8.258000373840332	-2.9590001106262207	-13.666000366210938	-9.140000343322754	T	P
6	6	-3.36899995803833	-12.817999839782715	-4.578000068664551	-3.2079999446868896	-11.536999702453613	-3.7739999294281006	C	P
7	7	-5.9039998054504395	-14.920000076293945	-2.6549999713897705	-5.586999893188477	-16.420000076293945	-2.6010000705718994	L	N
8	8	-7.833000183105469	-12.819999694824219	-0.12399999797344208	-7.960999965667725	-11.295000076293945	-0.2639999985694885	N	P
9	9	-10.654000282287598	-14.097000122070312	2.052999973297119	-10.333000183105469	-14.862000465393066	3.3359999656677246	D	A
10	10	-13.755999565124512	-11.947999954223633	1.5199999809265137	-14.133999824523926	-11.482999801635742	0.11400000005960464	Q	P
11	11	-16.584999084472656	-12.184000015258789	4.061999797821045	-16.433000564575195	-11.71500015258789	5.51200008392334	K	B
12	12	-19.46500015258789	-11.989999771118164	1.625	-19.812999725341797	-13.100000381469727	0.6460000276565552	N	P
13	13	-22.409000396728516	-10.335000038146973	3.515000104904175	-22.58799934387207	-8.815999984741211	3.4609999656677246	P	N
14	14	-24.957000732421875	-12.194000244140625	1.319000005722046	-24.854999542236328	-12.234000205993652	-0.21799999475479126	K	B
15	15	-23.65999984741211	-15.61299991607666	2.3949999809265137	-22.753000259399414	-16.39900016784668	1.437000036239624	T	P
16	16	-22.118999481201172	-14.232000350952148	5.671999931335449	-23.16900062561035	-14.326000213623047	6.781000137329102	N	P
17	17	-19.214000701904297	-16.52899932861328	4.7230000495910645	-19.680999755859375	-17.79599952697754	3.990999937057495	K	B
18	18	-15.531999588012695	-16.121000289916992	3.8970000743865967	-14.52299976348877	-16.309999465942383	5.0229997634887695	Y	P
19	19	-14.583000183105469	-16.882999420166016	0.28700000047683716	-15.571999549865723	-16.51099967956543	-0.8289999961853027	E	A
20	20	-11.093000411987305	-17.003000259399414	-1.2369999885559082	-10.180000305175781	-18.187999725341797	-0.8920000195503235	T	P
21	21	-11.187999725341797	-14.762999534606934	-4.295000076293945	-11.991999626159668	-13.444000244140625	-4.322999954223633	K	B
22	22	-8.291999816894531	-14.300000190734863	-6.755000114440918	-8.131999969482422	-15.284000396728516	-7.910999774932861	R	B
23	23	-7.2220001220703125	-10.652000427246094	-6.809999942779541	-7.046000003814697	-9.85099983215332	-5.515999794006348	L	N
24	24	-5.289999961853027	-10.321000099182129	-10.069999694824219	-5.703999996185303	-11.08899974822998	-11.342000007629395	L	N
25	25	-3.1040000915527344	-7.223999977111816	-10.3149995803833	-2.433000087738037	-6.796999931335449	-9.017000198364258	Y	P
26	26	-1.1519999504089355	-5.978000164031982	-13.291000366210938	-1.7920000553131104	-5.185999870300293	-14.434000015258789	N	P
27	27	2.4700000286102295	-5.2129998207092285	-12.277999877929688	3.7019999027252197	-6.045000076293945	-12.640000343322754	Q	P
28	28	2.502000093460083	-2.51200008392334	-14.998000144958496	1.9539999961853027	-2.6540000438690186	-16.423999786376953	N	P
29	29	-0.15800000727176666	-0.765999972820282	-12.890000343322754	-1.5670000314712524	-1.319000005722046	-12.772000312805176	K	B
30	30	1.6670000553131104	-1.3949999809265137	-9.581999778747559	1.9459999799728394	-2.7950000762939453	-9.053999900817871	A	N
31	31	5.080999851226807	-0.27900001406669617	-10.991000175476074	5.96999979019165	-1.1039999723434448	-11.942000389099121	E	A
32	32	3.1019999980926514	2.6480000019073486	-12.571000099182129	2.0369999408721924	2.4820001125335693	-13.651000022888184	S	P
33	33	1.065999984741211	3.7179999351501465	-9.493000030517578	0.11900000274181366	2.7760000228881836	-8.755000114440918	N	P
34	34	4.303999900817871	3.5929999351501465	-7.513000011444092	5.10099983215332	2.325000047683716	-7.182000160217285	S	P
35	35	5.920000076293945	5.692999839782715	-10.303000450134277	6.374000072479248	5.056000232696533	-11.631999969482422	H	B
36	36	3.2890000343322754	8.40999984741211	-9.711000442504883	1.8890000581741333	8.01099967956543	-10.206999778747559	H	B
37	37	3.0739998817443848	8.720000267028809	-5.913000106811523	2.677999973297119	7.547999858856201	-5.015999794006348	A	N
38	38	5.745999813079834	10.822999954223633	-4.0960001945495605	5.361000061035156	12.13700008392334	-3.4149999618530273	P	N
39	39	8.515999794006348	9.020999908447266	-2.2239999771118164	9.83899974822998	8.791999816894531	-2.927000045776367	L	N
40	40	7.702000141143799	9.984000205993652	1.3519999980926514	7.315999984741211	11.475000381469727	1.2979999780654907	S	P
41	41	6.584000110626221	7.86299991607666	4.296000003814697	7.52400016784668	7.177999973297119	5.297999858856201	D	A
42	42	3.2790000438690186	9.277999877929688	5.5970001220703125	3.2790000438690186	9.277999877929688	5.5970001220703125	G	G
43	43	3.4549999237060547	12.718999862670898	3.9600000381469727	4.940000057220459	12.944999694824219	3.621000051498413	K	B
44	44	0.4090000092983246	12.809000015258789	1.718999981880188	0.5730000138282776	11.791999816894531	0.5789999961853027	T	P
45	45	-3.3580000400543213	13.092000007629395	2.0369999408721924	-3.3580000400543213	13.092000007629395	2.0369999408721924	G	G
46	46	-4.184000015258789	9.404999732971191	2.509999990463257	-4.547999858856201	8.449999809265137	1.3760000467300415	S	P
47	47	-0.652999997138977	9.190999984741211	4.123000144958496	-0.8220000267028809	8.348999977111816	5.401000022888184	S	P
48	48	0.34700000286102295	6.86299991607666	1.2669999599456787	-0.7049999833106995	6.03000020980835	0.5320000052452087	Y	P
49	49	2.8550000190734863	5.8429999351501465	0.23800000548362732	3.825000047683716	5.438000202178955	-0.8629999756813049	P	N
50	50	3.430999994277954	4.769999980926514	3.803999900817871	2.2699999809265137	4.428999900817871	4.754000186920166	H	B
51	51	6.544000148773193	2.944999933242798	4.978000164031982	7.506999969482422	3.4549999237060547	6.046999931335449	T	N
52	52	6.178999900817871	-0.7839999794960022	4.946000099182129	6.242000102996826	-1.4989999532699585	3.6059999465942383	F	N
53	53	7.4730000495910645	-2.1059999465942383	8.239999771118164	6.571000099182129	-2.384999990463257	9.442999839782715	T	P
54	54	7.822999954223633	-5.418000221252441	6.295000076293945	8.956000328063965	-5.165999889373779	5.2829999923706055	N	P
55	55	7.9019999504089355	-6.934999942779541	9.78600025177002	7.9019999504089355	-6.934999942779541	9.78600025177002	G	G
56	56	10.78600025177002	-4.539999961853027	10.77299976348877	11.699000358581543	-3.808000087738037	9.781000137329102	Y	P
57	57	10.416999816894531	-1.9769999980926514	13.579000473022461	11.081999778747559	-2.1689999103546143	14.942999839782715	D	A
58	58	12.043999671936035	0.8149999976158142	11.517000198364258	12.043999671936035	0.8149999976158142	11.517000198364258	G	G
59	59	15.741999626159668	-0.019999999552965164	11.78600025177002	16.086000442504883	-0.04399999976158142	13.274999618530273	D	A
60	60	16.277000427246094	-3.6630001068115234	10.71399974822998	16.277000427246094	-3.6630001068115234	10.71399974822998	G	G
61	61	15.204999923706055	-5.736000061035156	13.715999603271484	15.651000022888184	-5.5329999923706055	15.175999641418457	K	B
62	62	11.732999801635742	-7.244999885559082	13.866000175476074	11.434000015258789	-8.416000366210938	12.925999641418457	L	N
63	63	9.293000221252441	-7.394000053405762	16.87299919128418	8.008000373840332	-6.554999828338623	16.815000534057617	P	N
64	64	7.822999954223633	-10.545999526977539	18.493999481201172	6.90500020980835	-10.506999969482422	19.731000900268555	K	B
65	65	7.367000102996826	-13.010000228881836	15.619999885559082	7.367000102996826	-13.010000228881836	15.619999885559082	G	G
66	66	9.755000114440918	-11.916999816894531	12.866999626159668	11.276000022888184	-12.081000328063965	12.949000358581543	R	B
67	67	7.947000026702881	-12.442000389099121	9.553999900817871	6.515999794006348	-12.96399974822998	9.803999900817871	T	P
68	68	9.545000076293945	-10.135000228881836	6.919000148773193	10.996000289916992	-9.678000450134277	7.073999881744385	P	N
69	69	7.960999965667725	-10.76099967956543	3.509000062942505	6.854000091552734	-9.932000160217285	2.815000057220459	I	N
70	70	10.805999755859375	-12.335000038146973	1.559999942779541	11.416999816894531	-13.690999984741211	1.9259999990463257	K	B
71	71	10.70300006866455	-11.015999794006348	-2.009000062942505	10.805999755859375	-9.515999794006348	-2.2909998893737793	F	N
72	72	14.081000328063965	-12.494999885559082	-3.0399999618530273	14.081000328063965	-12.494999885559082	-3.0399999618530273	G	G
73	73	16.06100082397461	-9.223999977111816	-3.055999994277954	15.335000038146973	-7.958000183105469	-3.507999897003174	K	B
74	74	18.934999465942383	-8.010000228881836	-0.8809999823570251	20.39900016784668	-8.04800033569336	-1.312999963760376	S	P
75	75	17.7189998626709	-4.36299991607666	-0.8050000071525574	17.735000610351562	-3.390000104904175	-1.9919999837875366	D	A
76	76	14.072999954223633	-5.353000164031982	-0.17100000381469727	13.149999618530273	-6.110000133514404	-1.121000051498413	C	P
77	77	15.307000160217285	-7.604000091552734	2.671999931335449	15.904999732971191	-8.98799991607666	2.4119999408721924	D	A
78	78	17.83799934387207	-4.9079999923706055	3.7309999465942383	18.51300048828125	-3.934000015258789	2.7679998874664307	R	B
79	79	17.266000747680664	-2.8489999771118164	6.936999797821045	18.39900016784668	-2.6670000553131104	7.941999912261963	P	N
80	80	14.673999786376953	-0.13300000131130219	6.052000045776367	13.208999633789062	-0.5370000004768372	5.946000099182129	P	N
81	81	16.40399932861328	2.8610000610351562	7.626999855041504	17.80299949645996	3.3239998817443848	7.190000057220459	K	B
82	82	13.083000183105469	4.645999908447266	8.20199966430664	11.784000396728516	3.8559999465942383	8.378000259399414	H	B
83	83	13.637999534606934	8.041000366210938	9.840999603271484	14.454000473022461	9.125	9.128000259399414	S	P
84	84	10.913000106811523	10.42300033569336	11.227999687194824	11.194999694824219	11.883999824523926	11.593000411987305	K	B
85	85	8.89799976348877	10.822999954223633	7.985000133514404	8.545999526977539	12.208999633789062	7.423999786376953	D	A
86	86	11.027999877929688	8.116000175476074	6.270999908447266	11.027999877929688	8.116000175476074	6.270999908447266	G	G
87	87	12.713000297546387	10.913000106811523	4.254000186920166	11.560999870300293	11.805999755859375	3.76200008392334	N	P
88	88	16.260000228881836	11.661999702453613	5.357999801635742	16.260000228881836	11.661999702453613	5.357999801635742	G	G
89	89	19.194000244140625	12.310999870300293	3.055999994277954	20.566999435424805	12.649999618530273	3.6440000534057617	K	B
90	90	19.253000259399414	8.824999809265137	1.430999994277954	20.709999084472656	8.505000114440918	1.059999942779541	T	P
91	91	16.687999725341797	6.816999912261963	3.4670000076293945	15.390000343322754	7.4070000648498535	4.019999980926514	D	A
92	92	16.280000686645508	3.3320000171661377	1.940999984741211	17.610000610351562	2.674999952316284	1.5269999504089355	H	B
93	93	12.986000061035156	2.191999912261963	3.433000087738037	12.201000213623047	3.109999895095825	4.380000114440918	Y	P
94	94	10.531000137329102	-0.25699999928474426	1.8660000562667847	10.45199966430664	-1.7619999647140503	2.1449999809265137	L	N
95	95	7.322000026702881	1.628000020980835	1.0049999952316284	7.24399995803833	2.8929998874664307	0.13199999928474426	L	N
96	96	3.8369998931884766	0.09399999678134918	0.640999972820282	3.4619998931884766	-0.7789999842643738	1.8329999446868896	E	A
97	97	1.444000005722046	1.8359999656677246	-1.7239999771118164	1.9479999542236328	2.494999885559082	-3.010999917984009	F	N
98	98	-2.2230000495910645	0.5979999899864197	-1.9600000381469727	-3.308000087738037	1.2489999532699585	-1.0980000495910645	P	N
99	99	-2.2230000495910645	-0.5839999914169312	-5.560999870300293	-1.1069999933242798	-1.4119999408721924	-6.223999977111816	T	P
100	100	-5.554999828338623	-1.1130000352859497	-7.3470001220703125	-6.4039998054504395	0.1459999978542328	-7.554999828338623	F	N
101	101	-6.5370001792907715	-3.861999988555908	-9.890000343322754	-7.442999839782715	-5.006999969482422	-9.446999549865723	P	N
102	102	-8.61299991607666	-1.4780000448226929	-12.095000267028809	-9.529999732971191	-0.40700000524520874	-11.505999565124512	D	A
103	103	-5.260000228881836	0.18000000715255737	-12.65999984741211	-5.260000228881836	0.18000000715255737	-12.65999984741211	G	G
104	104	-6.316999912261963	3.552999973297119	-11.397000312805176	-7.783999919891357	3.9019999504089355	-11.074000358581543	H	B
105	105	-4.245999813079834	5.815999984741211	-9.223999977111816	-3.256999969482422	6.833000183105469	-9.845999717712402	D	A
106	106	-6.355000019073486	6.044000148773193	-6.076000213623047	-6.146999835968018	5.013000011444092	-4.98199987411499	Y	P
107	107	-6.558000087738037	9.515000343322754	-4.533999919891357	-7.8480000495910645	10.347999572753906	-4.501999855041504	K	B
108	108	-3.7070000171661377	8.98900032043457	-2.072999954223633	-2.4820001125335693	8.119999885559082	-2.374000072479248	F	N
109	109	-3.319999933242798	12.756999969482422	-1.8309999704360962	-2.8949999809265137	13.567000389099121	-3.069999933242798	D	A
110	110	-6.947999954223633	13.159000396728516	-0.6620000004768372	-8.128999710083008	12.57699966430664	-1.4320000410079956	S	P
111	111	-6.620999813079834	13.472000122070312	3.119999885559082	-5.966000080108643	14.642999649047852	3.8519999980926514	K	B
112	112	-10.255999565124512	14.180999755859375	3.8529999256134033	-10.484000205993652	14.817999839782715	5.2230000495910645	K	B
113	113	-12.251999855041504	12.515999794006348	2.6640000343322754	-13.675999641418457	12.163999557495117	2.236999988555908	P	N
114	114	-10.279000282287598	9.338000297546387	1.9140000343322754	-9.083999633789062	9.40999984741211	2.874000072479248	K	B
115	115	-12.024999618530273	6.206999778747559	0.6349999904632568	-12.321000099182129	5.928999900817871	-0.8519999980926514	E	A
116	116	-10.972999572753906	2.9049999713897705	2.2130000591278076	-11.968000411987305	1.774999976158142	2.505000114440918	N	P
117	117	-7.6519999504089355	1.5479999780654907	0.8289999961853027	-6.413000106811523	1.555999994277954	1.7339999675750732	P	N
118	118	-7.045000076293945	-1.7710000276565552	-0.9710000157356262	-7.045000076293945	-1.7710000276565552	-0.9710000157356262	G	G
119	119	-5.821000099182129	-5.244999885559082	0.15399999916553497	-6.734000205993652	-6.454999923706055	-0.03700000047683716	P	N
120	120	-3.111999988555908	-5.88700008392334	-2.4630000591278076	-3.2720000743865967	-6.590000152587891	-3.799999952316284	A	N
121	121	-0.3199999928474426	-3.369999885559082	-2.1989998817443848	-0.10499999672174454	-2.8929998874664307	-0.7570000290870667	R	B
122	122	2.8259999752044678	-2.6610000133514404	-4.190999984741211	2.8259999752044678	-1.7380000352859497	-5.431000232696533	V	N
123	123	6.210999965667725	-2.99399995803833	-2.492000102996826	6.453000068664551	-4.228000164031982	-1.6150000095367432	I	N
124	124	9.34000015258789	-1.2330000400543213	-3.6489999294281006	8.855999946594238	-0.4269999861717224	-4.863999843597412	Y	P
125	125	12.520000457763672	0.29899999499320984	-2.2260000705718994	13.932999610900879	-0.28600001335144043	-2.4660000801086426	T	P
126	126	13.564000129699707	4.006999969482422	-2.509999990463257	12.531000137329102	4.699999809265137	-1.593000054359436	Y	P
127	127	14.656000137329102	6.045000076293945	-4.326000213623047	15.223999977111816	7.431000232696533	-4.609000205993652	P	N
128	128	15.532999992370605	2.9679999351501465	-6.383999824523926	16.160999298095703	1.7380000352859497	-5.7230000495910645	N	P
129	129	11.838000297546387	1.9639999866485596	-6.328000068664551	11.081000328063965	3.0820000171661377	-7.061999797821045	K	B
130	130	13.045000076293945	-1.4320000410079956	-7.6020002365112305	14.402999877929688	-2.055999994277954	-7.21999979019165	V	N
131	131	9.569000244140625	-2.9539999961853027	-7.790999889373779	8.788000106811523	-2.8540000915527344	-9.119000434875488	F	N
132	132	9.868000030517578	-6.046000003814697	-5.638999938964844	10.102999687194824	-5.997000217437744	-4.126999855041504	C	P
133	133	6.310999870300293	-7.317999839782715	-5.796999931335449	6.310999870300293	-7.317999839782715	-5.796999931335449	G	G
134	134	2.734999895095825	-7.079999923706055	-4.61899995803833	1.6349999904632568	-6.954999923706055	-5.683000087738037	I	N
135	135	1.4889999628067017	-8.295000076293945	-1.2610000371932983	2.4639999866485596	-8.07699966430664	-0.10599999874830246	I	N
136	136	-2.0859999656677246	-8.687999725341797	-0.00800000037997961	-3.063999891281128	-9.128999710083008	-1.0920000076293945	A	N
137	137	-3.7909998893737793	-9.704000473022461	3.194999933242798	-4.442999839782715	-8.697999954223633	4.11899995803833	H	B
138	138	-5.041999816894531	-13.262999534606934	2.742000102996826	-4.2230000495910645	-14.482000350952148	3.1710000038146973	T	P
139	139	-7.736999988555908	-12.263999938964844	5.255000114440918	-7.498000144958496	-12.656999588012695	6.7170000076293945	K	B
140	140	-9.54699993133545	-9.338000297546387	3.571000099182129	-10.553000450134277	-8.836000442504883	4.617000102996826	E	A
141	141	-7.160999774932861	-6.383999824523926	4.188000202178955	-7.823999881744385	-5.111000061035156	3.6410000324249268	N	P
142	142	-5.708000183105469	-7.188000202178955	7.625999927520752	-6.827000141143799	-7.084000110626221	8.656000137329102	Q	P
143	143	-4.4670000076293945	-10.807000160217285	7.784999847412109	-4.4670000076293945	-10.807000160217285	7.784999847412109	G	G
144	144	-0.7710000276565552	-11.536999702453613	7.186999797821045	0.00800000037997961	-12.802000045776367	7.565999984741211	E	A
145	145	0.26899999380111694	-9.895999908447266	3.9240000247955322	1.031999945640564	-8.569000244140625	3.8499999046325684	L	N
146	146	1.0700000524520874	-12.798999786376953	1.6380000114440918	0.13099999725818634	-13.994000434875488	1.4859999418258667	K	B
147	147	3.437000036239624	-11.845000267028809	-1.1829999685287476	4.953000068664551	-12.097000122070312	-1.1180000305175781	L	N
148	148	1.2949999570846558	-12.359999656677246	-4.293000221252441	0.5989999771118164	-11.222999572753906	-5.060999870300293	C	P
149	149	2.684000015258789	-14.51099967956543	-7.070000171661377	2.7639999389648438	-15.98900032043457	-6.672999858856201	S	P
150	150	2.9000000953674316	-14.003000259399414	-10.79699993133545	3.50600004196167	-12.678000450134277	-11.241999626159668	H	B
151	151	1.9290000200271606	-7.138999938964844	-18.801000595092773	1.9290000200271606	-7.138999938964844	-18.801000595092773	X	X
152	152	3.3369998931884766	-15.225000381469727	-11.642000198364258	3.3369998931884766	-15.225000381469727	-11.642000198364258	Z	Z
