Nr	Nidx	CaX	CaY	CaZ	PosX	PosY	PosZ	Let	Type
1	1	25.408000946044922	20.19499969482422	26.922000885009766	26.589000701904297	19.507999420166016	27.518999099731445	K	B
2	2	23.948999404907227	17.68600082397461	24.540000915527344	23.201000213623047	18.094999313354492	23.142000198364258	V	N
3	3	25.216999053955078	14.239999771118164	25.216999053955078	24.639999389648438	13.404000282287598	26.32900047302246	Y	P
4	4	26.083999633789062	11.661999702453613	22.58300018310547	26.083999633789062	11.661999702453613	22.58300018310547	G	G
5	5	24.052000045776367	8.38599967956543	22.974000930786133	23.506000518798828	7.548999786376953	21.792999267578125	R	B
6	6	26.902999877929688	6.145999908447266	24.131000518798828	27.972999572753906	5.46999979019165	23.273000717163086	C	P
7	7	28.413000106811523	9.006999969482422	26.14699935913086	28.679000854492188	10.355999946594238	25.538999557495117	E	A
8	8	25.097999572753906	9.262999534606934	28.10099983215332	23.753999710083008	9.61299991607666	27.474000930786133	L	N
9	9	24.763999938964844	5.447999954223633	28.41900062561035	24.86199951171875	4.460999965667725	27.26300048828125	A	N
10	10	28.18199920654297	5.251999855041504	30.054000854492188	29.4950008392334	5.5289998054504395	29.31599998474121	A	N
11	11	27.466999053955078	8.163000106811523	32.41999816894531	27.045000076293945	9.550000190734863	31.989999771118164	A	N
12	12	24.170000076293945	6.49399995803833	33.39899826049805	22.97800064086914	6.2769999504089355	32.47999954223633	M	N
13	13	25.76799964904785	3.1029999256134033	33.887001037597656	26.59600067138672	2.319999933242798	32.904998779296875	K	B
14	14	28.358999252319336	4.533999919891357	36.236000061035156	29.48900032043457	5.49399995803833	35.89099884033203	R	B
15	15	25.54199981689453	6.083000183105469	38.29899978637695	24.937999725341797	7.421999931335449	37.84000015258789	L	N
16	16	23.743000030517578	2.7829999923706055	38.90399932861328	23.743000030517578	2.7829999923706055	38.90399932861328	G	G
17	17	20.84000015258789	2.8940000534057617	36.45000076293945	20.615999221801758	4.063000202178955	35.534000396728516	L	N
18	18	21.3700008392334	-0.47200000286102295	34.72700119018555	22.66699981689453	-1.0679999589920044	34.2869987487793	D	A
19	19	18.601999282836914	-2.671999931335449	35.987998962402344	19.277000427246094	-4.017000198364258	36.28499984741211	N	P
20	20	17.375999450683594	-0.17499999701976776	38.55500030517578	17.67300033569336	1.2920000553131104	38.54499816894531	Y	P
21	21	13.949999809265137	-1.4539999961853027	39.665000915527344	13.045999526977539	-0.2720000147819519	39.96099853515625	R	B
22	22	13.96399974822998	-3.86299991607666	36.869998931884766	13.96399974822998	-3.86299991607666	36.869998931884766	G	G
23	23	14.616999626159668	-1.3949999809265137	34.051998138427734	14.116999626159668	0.04399999976158142	34.14699935913086	Y	P
24	24	17.64699935913086	-2.1389999389648438	31.849000930786133	17.73699951171875	-3.1500000953674316	30.715999603271484	S	P
25	25	19.97599983215332	0.6880000233650208	30.832000732421875	21.479000091552734	0.5479999780654907	30.551000595092773	L	N
26	26	18.469999313354492	1.1950000524520874	27.31999969482422	18.469999313354492	1.1950000524520874	27.31999969482422	G	G
27	27	15.15999984741211	2.3359999656677246	28.95199966430664	14.473999977111816	1.74399995803833	30.172000885009766	N	P
28	28	16.8439998626709	5.326000213623047	30.524999618530273	17.836999893188477	5.145999908447266	31.694000244140625	T	N
29	29	18.77899932861328	6.232999801635742	27.382999420166016	19.816999435424805	5.353000164031982	26.601999282836914	V	N
30	30	15.616999626159668	5.98199987411499	25.25	14.833999633789062	4.698999881744385	25.06399917602539	C	P
31	31	13.70199966430664	8.079999923706055	27.854000091552734	13.552000045776367	7.763999938964844	29.33799934387207	A	N
32	32	16.33799934387207	10.84000015258789	27.753000259399414	17.79400062561035	10.682999610900879	28.163999557495117	A	N
33	33	16.31800079345703	10.838000297546387	23.917999267578125	16.513999938964844	9.609000205993652	23.025999069213867	K	B
34	34	12.586000442504883	11.394000053405762	23.611000061035156	11.51200008392334	10.265999794006348	23.51300048828125	F	N
35	35	12.317000389099121	13.684000015258789	26.58300018310547	12.666999816894531	13.380999565124512	28.079999923706055	E	A
36	36	15.142999649047852	16.12299919128418	25.69499969482422	15.934000015258789	16.288999557495117	26.976999282836914	S	P
37	37	17.176000595092773	14.817999839782715	22.707000732421875	16.941999435424805	15.831000328063965	21.51300048828125	N	P
38	38	20.023000717163086	14.406000137329102	25.20199966430664	21.094999313354492	13.621999740600586	24.395000457763672	F	N
39	39	20.13599967956543	18.15999984741211	25.982999801635742	19.354999542236328	19.100000381469727	25.065000534057617	N	P
40	40	20.80699920654297	19.01300048828125	29.624000549316406	22.327999114990234	18.915000915527344	29.80500030517578	T	P
41	41	19.31999969482422	22.47599983215332	29.03499984741211	19.98699951171875	23.547000885009766	28.211999893188477	H	B
42	42	15.914999961853027	21.347999572753906	27.85099983215332	15.529999732971191	19.96500015258789	27.40999984741211	A	N
43	43	12.968000411987305	22.934999465942383	29.673999786376953	13.248000144958496	24.29599952697754	30.402000427246094	T	P
44	44	9.262999534606934	22.847000122070312	28.902999877929688	8.803999900817871	21.523000717163086	28.2549991607666	N	P
45	45	6.564000129699707	24.702999114990234	30.77899932861328	6.1570000648498535	26.1560001373291	30.610000610351562	R	B
46	46	3.4860000610351562	22.874000549316406	31.908000946044922	3.490999937057495	21.863000869750977	33.042999267578125	N	P
47	47	-0.18000000715255737	23.76300048828125	31.893999099731445	-1.0950000286102295	22.55500030517578	31.525999069213867	T	P
48	48	-0.24300000071525574	24.034000396728516	35.70899963378906	-0.29499998688697815	22.739999771118164	36.49700164794922	D	A
49	49	2.555000066757202	26.55299949645996	36.165000915527344	2.555000066757202	26.55299949645996	36.165000915527344	G	G
50	50	5.263999938964844	23.958999633789062	36.801998138427734	4.985000133514404	22.570999145507812	37.39400100708008	S	P
51	51	8.204999923706055	23.408000946044922	34.43899917602539	9.185999870300293	24.60300064086914	34.446998596191406	T	P
52	52	10.041000366210938	20.26300048828125	33.32899856567383	9.538000106811523	19.420000076293945	32.22700119018555	D	A
53	53	13.817999839782715	20.52199935913086	33.58100128173828	14.362000465393066	21.10700035095215	34.88100051879883	Y	P
54	54	16.857999801635742	18.839000701904297	32.10900115966797	16.857999801635742	18.839000701904297	32.10900115966797	G	G
55	55	17.704999923706055	15.663000106811523	30.28499984741211	19.110000610351562	15.005999565124512	30.457000732421875	I	N
56	56	14.847999572753906	13.694000244140625	31.867000579833984	15.178000450134277	12.675999641418457	32.987998962402344	L	N
57	57	12.36400032043457	16.562999725341797	32.1349983215332	11.534000396728516	16.246000289916992	30.885000228881836	Q	P
58	58	11.753999710083008	16.389999389648438	35.81700134277344	12.972999572753906	16.06399917602539	36.737998962402344	I	N
59	59	8.940999984741211	18.665000915527344	36.9379997253418	7.4770002365112305	18.357999801635742	36.60200119018555	N	P
60	60	8.850000381469727	21.367000579833984	39.64799880981445	9.164999961853027	22.808000564575195	39.297000885009766	S	P
61	61	5.376999855041504	20.472999572753906	40.983001708984375	4.2179999351501465	19.940000534057617	40.154998779296875	R	B
62	62	6.631999969482422	17.356000900268555	42.763999938964844	6.210000038146973	15.937999725341797	42.382999420166016	T	N
63	63	10.33899974822998	16.892000198364258	42.41699981689453	10.762999534606934	16.07699966430664	41.1510009765625	T	N
64	64	12.498000144958496	20.020000457763672	42.527000427246094	13.505000114440918	20.06800079345703	41.35200119018555	C	P
65	65	12.041999816894531	23.597999572753906	43.637001037597656	12.265000343322754	23.97800064086914	45.09400177001953	N	P
66	66	12.60099983215332	26.36400032043457	41.016998291015625	12.10200023651123	26.204999923706055	39.582000732421875	D	A
67	67	11.418000221252441	29.290000915527344	43.17499923706055	11.418000221252441	29.290000915527344	43.17499923706055	G	G
68	68	8.486000061035156	30.047000885009766	40.882999420166016	8.824999809265137	30.625999450683594	39.486000061035156	R	B
69	69	6.142000198364258	27.027999877929688	41.26599884033203	6.585999965667725	25.611000061035156	40.95899963378906	T	P
70	70	3.5840001106262207	27.60700035095215	44.0620002746582	2.322000026702881	28.374000549316406	43.847999572753906	P	N
71	71	3.513000011444092	24.586999893188477	46.345001220703125	3.513000011444092	24.586999893188477	46.345001220703125	G	G
72	72	6.416999816894531	22.61400032043457	44.85900115966797	7.681000232696533	23.238000869750977	44.38999938964844	S	P
73	73	6.754000186920166	19.46299934387207	47.02899932861328	5.994999885559082	18.152000427246094	46.79399871826172	K	B
74	74	10.493000030517578	19.239999771118164	46.13199996948242	11.13700008392334	20.408000946044922	46.86199951171875	N	P
75	75	10.67199993133545	15.510000228881836	46.88100051879883	9.736000061035156	14.470000267028809	46.31399917602539	L	N
76	76	14.175000190734863	15.222000122070312	45.39500045776367	14.557999610900879	15.331999778747559	43.91400146484375	C	P
77	77	15.432999610900879	18.027000427246094	47.691001892089844	16.006000518798828	17.285999298095703	48.9379997253418	N	P
78	78	17.18400001525879	19.875999450683594	44.95399856567383	17.52899932861328	18.69700050354004	43.95500183105469	I	N
79	79	16.881999969482422	23.28499984741211	43.19499969482422	17.934999465942383	24.361000061035156	43.3380012512207	P	N
80	80	15.604999542236328	22.660999298095703	39.650001525878906	14.357000350952148	23.19499969482422	38.999000549316406	C	P
81	81	18.667999267578125	24.516000747680664	38.279998779296875	19.18600082397461	25.89900016784668	38.77799987792969	S	P
82	82	20.829999923706055	21.55299949645996	39.4379997253418	20.753000259399414	20.826000213623047	40.7599983215332	A	N
83	83	18.972999572753906	19.54199981689453	36.80400085449219	17.457000732421875	19.35300064086914	36.95800018310547	L	N
84	84	20.309999465942383	21.753999710083008	33.99599838256836	19.860000610351562	23.18400001525879	34.00600051879883	L	N
85	85	23.993999481201172	21.04199981689453	34.520999908447266	24.6560001373291	20.965999603271484	35.9109992980957	S	P
86	86	26.413000106811523	19.04199981689453	32.362998962402344	27.802000045776367	19.474000930786133	31.92300033569336	S	P
87	87	26.850000381469727	16.684999465942383	35.305999755859375	27.48200035095215	17.132999420166016	36.62300109863281	D	A
88	88	23.819000244140625	14.38599967956543	35.31399917602539	23.525999069213867	13.357000350952148	34.20399856567383	I	N
89	89	24.277999877929688	13.067999839782715	38.91400146484375	25.405000686645508	13.381999969482422	39.92900085449219	T	P
90	90	21.45599937438965	15.114999771118164	40.44300079345703	21.413999557495117	16.631999969482422	40.650001525878906	A	N
91	91	19.14299964904785	14.253999710083008	37.513999938964844	19.336000442504883	14.520999908447266	36.013999938964844	S	P
92	92	19.711999893188477	10.498000144958496	37.88199996948242	20.82699966430664	9.454000473022461	37.33700180053711	V	N
93	93	19.530000686645508	10.520000457763672	41.70500183105469	20.37700080871582	11.291999816894531	42.70899963378906	N	P
94	94	16.15999984741211	12.288999557495117	41.38800048828125	15.949999809265137	13.722000122070312	40.869998931884766	C	P
95	95	15.07800006866455	9.98900032043457	38.50899887084961	15.866999626159668	9.654000282287598	37.25400161743164	A	N
96	96	15.616999626159668	6.96999979019165	40.790000915527344	16.87299919128418	6.625	41.57600021362305	K	B
97	97	13.140000343322754	8.51200008392334	43.26100158691406	13.37399959564209	9.857000350952148	43.94499969482422	K	B
98	98	10.458999633789062	9.102999687194824	40.66400146484375	10.241000175476074	10.319999694824219	39.5629997253418	I	N
99	99	10.987000465393066	5.585000038146973	39.220001220703125	12.236000061035156	5.033999919891357	38.527000427246094	A	N
100	100	10.37600040435791	4.27400016784668	42.79100036621094	11.093999862670898	4.730999946594238	44.018001556396484	S	P
101	101	6.736000061035156	5.4120001792907715	42.5260009765625	6.736000061035156	5.4120001792907715	42.5260009765625	G	G
102	102	3.9670000076293945	2.880000114440918	41.9379997253418	3.9670000076293945	2.880000114440918	41.9379997253418	G	G
103	103	4.070000171661377	3.312999963760376	38.15700149536133	3.0280001163482666	4.199999809265137	37.4379997253418	N	P
104	104	7.843999862670898	3.2679998874664307	37.6879997253418	7.843999862670898	3.2679998874664307	37.6879997253418	G	G
105	105	9.064000129699707	4.671000003814697	34.404998779296875	10.017000198364258	3.9709999561309814	33.44900131225586	M	N
106	106	5.4770002365112305	5.329999923706055	33.22700119018555	4.210999965667725	4.630000114440918	33.58000183105469	N	P
107	107	5.889999866485596	8.663999557495117	34.98899841308594	6.761000156402588	8.918999671936035	36.202999114990234	A	N
108	108	7.729000091552734	9.732000350952148	31.7810001373291	9.206000328063965	9.392999649047852	31.496999740600586	T	N
109	109	5.052999973297119	9.807000160217285	29.07699966430664	3.7780001163482666	10.708999633789062	28.802000045776367	V	N
110	110	7.63700008392334	10.138999938964844	26.27899932861328	8.786999702453613	11.100000381469727	26.05900001525879	A	N
111	111	9.119000434875488	6.818999767303467	27.524999618530273	9.798999786376953	6.485000133514404	28.895999908447266	T	N
112	112	5.664999961853027	5.315999984741211	27.802000045776367	4.581999778747559	5.9070000648498535	28.66200065612793	R	B
113	113	4.810999870300293	6.284999847412109	24.238000869750977	4.228000164031982	7.633999824523926	23.895999908447266	N	P
114	114	8.029999732971191	5.8420000076293945	22.284000396728516	8.805999755859375	7.111000061035156	21.922000885009766	R	B
115	115	10.185999870300293	3.4079999923706055	24.316999435424805	11.052000045776367	4.025000095367432	25.43600082397461	C	P
116	116	8.093000411987305	1.1180000305175781	26.496999740600586	6.8979997634887695	1.5839999914169312	27.285999298095703	K	B
117	117	7.701000213623047	-2.3489999771118164	25.027999877929688	7.701000213623047	-2.3489999771118164	25.027999877929688	G	G
118	118	10.239999771118164	-1.9780000448226929	22.24799919128418	10.52299976348877	-0.6700000166893005	21.45400047302246	T	P
119	119	13.706999778747559	-3.5390000343322754	22.131999969482422	14.282999992370605	-4.375	20.985000610351562	D	A
120	120	15.251999855041504	-0.7870000004768372	24.233999252319336	14.383000373840332	-0.6650000214576721	25.51300048828125	V	N
121	121	18.625999450683594	-2.73799991607666	24.23200035095215	18.843000411987305	-4.284999847412109	24.266000747680664	H	B
122	122	19.09600067138672	-1.1440000534057617	20.80500030517578	17.95400047302246	-0.8740000128746033	19.81800079345703	A	N
123	123	19.788000106811523	2.200000047683716	22.579999923706055	18.808000564575195	2.9030001163482666	23.545000076293945	T	N
124	124	23.006999969482422	0.8659999966621399	24.101999282836914	23.034000396728516	0.2849999964237213	25.53499984741211	I	N
125	125	24.139999389648438	-1.1260000467300415	20.974000930786133	23.160999298095703	-1.3869999647140503	19.792999267578125	R	B
126	126	27.732999801635742	-0.2280000001192093	19.885000228881836	27.732999801635742	-0.2280000001192093	19.885000228881836	G	G
127	127	28.517000198364258	1.5260000228881836	23.184999465942383	27.496000289916992	2.069000005722046	24.139999389648438	C	P
128	128	31.58099937438965	0.1420000046491623	24.840999603271484	33.04399871826172	0.4749999940395355	24.500999450683594	R	B
129	129	30.191999435424805	0.02500000037252903	28.400999069213867	28.673999786376953	-0.08399999886751175	28.511999130249023	L	N
130	130	24.70400047302246	20.926000595092773	27.944000244140625	24.70400047302246	20.926000595092773	27.944000244140625	X	X
131	131	30.766000747680664	-1.0210000276565552	29.36400032043457	30.766000747680664	-1.0210000276565552	29.36400032043457	Z	Z
