Nr	Nidx	CaX	CaY	CaZ	PosX	PosY	PosZ	Let	Type
3	1	17.996999740600586	38.57699966430664	42.79499816894531	17.785999298095703	38.59299850463867	41.27899932861328	V	N
4	2	19.56800079345703	41.80500030517578	44.10900115966797	20.43000030517578	41.79999923706055	45.395999908447266	I	N
5	3	20.308000564575195	43.99599838256836	41.10200119018555	20.073999404907227	43.2239990234375	39.803001403808594	N	P
6	4	19.17799949645996	47.555999755859375	41.90599822998047	17.888999938964844	47.827999114990234	42.73699951171875	T	P
7	5	21.2810001373291	50.599998474121094	42.71200180053711	21.19300079345703	52.025001525878906	42.242000579833984	F	N
8	6	20.09600067138672	50.71799850463867	46.321998596191406	18.756000518798828	51.28200149536133	46.78300094604492	D	A
9	7	20.125999450683594	46.94499969482422	46.82600021362305	20.125999450683594	46.94499969482422	46.82600021362305	G	G
10	8	23.64900016784668	46.415000915527344	45.5620002746582	24.086999893188477	46.345001220703125	44.10900115966797	V	N
11	9	25.065000534057617	49.56700134277344	47.19900131225586	24.464000701904297	50.972999572753906	47.06800079345703	A	N
12	10	23.72599983215332	48.52399826049805	50.582000732421875	22.315000534057617	48.60900115966797	51.11199951171875	D	A
13	11	24.88800048828125	44.902000427246094	50.143001556396484	24.43400001525879	43.965999603271484	49.03099822998047	Y	P
14	12	28.43199920654297	46.02399826049805	49.27799987792969	28.775999069213867	47.000999450683594	48.099998474121094	L	N
15	13	28.83099937438965	48.36600112915039	52.22200012207031	28.183000564575195	49.73400115966797	52.409000396728516	Q	P
16	14	27.59600067138672	45.63800048828125	54.566001892089844	26.099000930786133	45.202999114990234	54.584999084472656	T	P
17	15	29.084999084472656	42.37200164794922	53.250999450683594	28.209999084472656	41.50600051879883	52.345001220703125	Y	P
18	16	32.07699966430664	43.832000732421875	51.37699890136719	33.2239990234375	43.797000885009766	52.400001525878906	H	B
19	17	31.246000289916992	41.624000549316406	48.41899871826172	31.427000045776367	40.15800094604492	48.84600067138672	K	B
20	18	28.790000915527344	41.40599822998047	45.542999267578125	29.125999450683594	41.31999969482422	44.04800033569336	L	N
21	19	25.700000762939453	39.233001708984375	45.95100021362305	24.31800079345703	39.779998779296875	45.65999984741211	P	N
22	20	25.68400001525879	35.71799850463867	44.53200149536133	25.125999450683594	34.52399826049805	45.3380012512207	D	A
23	21	23.98200035095215	36.56800079345703	41.257999420166016	22.614999771118164	37.236000061035156	41.11899948120117	N	P
24	22	27.132999420166016	38.25699996948242	39.91999816894531	27.743999481201172	39.50199890136719	40.62200164794922	Y	P
25	23	29.84600067138672	36.67399978637695	37.77000045776367	29.468000411987305	35.47800064086914	36.8489990234375	I	N
26	24	32.930999755859375	38.270999908447266	36.20899963378906	34.395999908447266	38.073001861572266	36.60100173950195	T	P
27	25	33.33000183105469	38.85100173950195	32.465999603271484	33.95000076293945	40.05400085449219	31.746999740600586	K	B
28	26	35.882999420166016	35.99100112915039	32.292999267578125	37.21200180053711	35.9630012512207	33.07699966430664	S	P
29	27	33.52299880981445	33.63600158691406	34.064998626708984	32.99800109863281	33.849998474121094	35.5099983215332	E	A
30	28	30.643999099731445	34.56700134277344	31.714000701904297	30.04800033569336	35.97700119018555	31.611000061035156	A	N
31	29	32.805999755859375	34.07400131225586	28.628000259399414	34.12099838256836	34.79999923706055	28.29800033569336	Q	P
32	30	33.84199905395508	30.617000579833984	29.82900047302246	34.69599914550781	30.22599983215332	30.979999542236328	A	N
33	31	30.179000854492188	29.645999908447266	30.22599983215332	29.243000030517578	30.215999603271484	31.31399917602539	L	N
34	32	29.41699981689453	30.655000686645508	26.660999298095703	29.41699981689453	30.655000686645508	26.660999298095703	G	G
35	33	28.562000274658203	34.36800003051758	26.827999114990234	28.731000900268555	35.314998626708984	27.996999740600586	T	N
36	34	29.05699920654297	36.03099822998047	23.461999893188477	28.77199935913086	35.21099853515625	22.215999603271484	V	N
37	35	28.621999740600586	39.77000045776367	23.81399917602539	29.683000564575195	40.82600021362305	24.070999145507812	A	N
38	36	27.535999298095703	40.356998443603516	20.243000030517578	28.44099998474121	40.22800064086914	19.0049991607666	S	P
39	37	24.704999923706055	37.79199981689453	20.54800033569336	24.940000534057617	36.28200149536133	20.511999130249023	K	B
40	38	23.187999725341797	39.270999908447266	23.715999603271484	23.187999725341797	39.270999908447266	23.715999603271484	G	G
41	39	22.957000732421875	35.78200149536133	25.204999923706055	23.459999084472656	34.62300109863281	24.285999298095703	N	P
42	40	23.94099998474121	36.12799835205078	28.861000061035156	24.32900047302246	37.422000885009766	29.62700080871582	L	N
43	41	20.551000595092773	35.125	30.243999481201172	19.285999298095703	35.9640007019043	30.218000411987305	A	N
44	42	20.50200080871582	31.961999893188477	28.1560001373291	20.55299949645996	31.89699935913086	26.632999420166016	D	A
45	43	23.944000244140625	30.700000762939453	29.195999145507812	25.18199920654297	31.05900001525879	28.371000289916992	V	N
46	44	24.000999450683594	31.898000717163086	32.790000915527344	25.18600082397461	32.816001892089844	33.04499816894531	A	N
47	45	20.3799991607666	32.22600173950195	33.91899871826172	19.514999389648438	30.954999923706055	34.02000045776367	P	N
48	46	19.815000534057617	34.76100158691406	36.691001892089844	19.815000534057617	34.76100158691406	36.691001892089844	G	G
49	47	23.3439998626709	36.1510009765625	36.47100067138672	24.542999267578125	35.277000427246094	36.17300033569336	K	B
50	48	24.64900016784668	39.680999755859375	35.869998931884766	24.12700080871582	40.854000091552734	36.72700119018555	S	P
51	49	28.226999282836914	40.75899887084961	35.00199890136719	28.679000854492188	41.404998779296875	33.650001525878906	I	N
52	50	30.118999481201172	42.32699966430664	37.91600036621094	30.118999481201172	42.32699966430664	37.91600036621094	G	G
53	51	33.2760009765625	42.39099884033203	39.986000061035156	33.2760009765625	42.39099884033203	39.986000061035156	G	G
54	52	35.88999938964844	43.39799880981445	37.426998138427734	35.76599884033203	43.32400131225586	35.9119987487793	D	A
55	53	38.48400115966797	46.08100128173828	38.04100036621094	40.02399826049805	45.845001220703125	38.073001861572266	I	N
56	54	37.641998291015625	49.44599914550781	36.48400115966797	36.426998138427734	50.23099899291992	37.02000045776367	F	N
57	55	40.766998291015625	51.31700134277344	35.369998931884766	41.439998626708984	51.25899887084961	33.98899841308594	S	P
58	56	39.65399932861328	54.89699935913086	36.05799865722656	39.84000015258789	55.11600112915039	37.55500030517578	N	P
59	57	41.96200180053711	55.95000076293945	33.21699905395508	41.957000732421875	55.33000183105469	31.816999435424805	R	B
60	58	40.15399932861328	59.257999420166016	32.62099838256836	38.73500061035156	59.35599899291992	32.04800033569336	E	A
61	59	40.55500030517578	60.06399917602539	36.305999755859375	40.55500030517578	60.06399917602539	36.305999755859375	G	G
62	60	36.88100051879883	60.91999816894531	36.685001373291016	35.7760009765625	60.52299880981445	35.722999572753906	K	B
63	61	36.47800064086914	59.06399917602539	39.9640007019043	36.25899887084961	57.54800033569336	40.08100128173828	L	N
64	62	38.41600036621094	60.29399871826172	42.9900016784668	37.69499969482422	60.612998962402344	44.27799987792969	P	N
65	63	41.845001220703125	58.75899887084961	43.236000061035156	41.845001220703125	58.75899887084961	43.236000061035156	G	G
66	64	44.00199890136719	57.84600067138672	46.22200012207031	43.007999420166016	57.69300079345703	47.39799880981445	K	B
67	65	47.11000061035156	55.737998962402344	46.87799835205078	48.33599853515625	56.14699935913086	47.696998596191406	S	P
68	66	46.01300048828125	52.12099838256836	47.327999114990234	46.01300048828125	52.12099838256836	47.327999114990234	G	G
69	67	42.46900177001953	52.70000076293945	46.13999938964844	41.689998626708984	53.992000579833984	46.27399826049805	R	B
70	68	41.13800048828125	50.23500061035156	43.5620002746582	41.4119987487793	48.71900177001953	43.770999908447266	T	P
71	69	37.82099914550781	50.625	41.709999084472656	37.606998443603516	51.83000183105469	40.755001068115234	T	N
72	70	35.50899887084961	47.83599853515625	40.54600143432617	35.444000244140625	46.59600067138672	41.44599914550781	R	B
73	71	32.250999450683594	47.79899978637695	38.61600112915039	32.393001556396484	48.30500030517578	37.172000885009766	E	A
74	72	29.023000717163086	45.82400131225586	38.36899948120117	28.606000900268555	45.27299880981445	39.71699905395508	A	N
75	73	26.023000717163086	45.8849983215332	36.04899978637695	25.736000061035156	44.83700180053711	34.98400115966797	D	A
76	74	22.729000091552734	47.20000076293945	37.465999603271484	22.82200050354004	48.529998779296875	38.2130012512207	I	N
77	75	19.152000427246094	46.54999923706055	36.36600112915039	18.670000076293945	47.92100143432617	35.89400100708008	N	P
78	76	20.084999084472656	43.66699981689453	34.04800033569336	21.559999465942383	43.13199996948242	33.88999938964844	Y	P
79	77	17.62299919128418	40.86600112915039	33.37099838256836	16.11400032043457	41.10300064086914	33.48899841308594	T	P
80	78	18.07200050354004	39.65599822998047	29.785999298095703	16.82900047302246	38.8489990234375	29.44700050354004	S	P
81	79	19.4060001373291	40.64400100708008	26.3799991607666	19.4060001373291	40.64400100708008	26.3799991607666	G	G
82	80	22.30900001525879	42.91600036621094	25.636999130249023	22.3799991607666	43.92599868774414	24.482999801635742	F	N
83	81	23.909000396728516	44.707000732421875	28.579999923706055	25.395000457763672	44.72200012207031	28.950000762939453	R	B
84	82	22.4950008392334	48.11800003051758	29.437999725341797	21.315000534057617	48.25899887084961	30.406999588012695	N	P
85	83	24.21500015258789	51.40599822998047	30.347999572753906	23.780000686645508	52.65700149536133	29.56999969482422	S	P
86	84	23.78499984741211	51.236000061035156	34.11800003051758	22.422000885009766	50.87099838256836	34.69900131225586	D	A
87	85	26.7189998626709	50.4640007019043	36.38999938964844	28.090999603271484	50.56399917602539	35.71200180053711	R	B
88	86	27.701000213623047	50.724998474121094	40.04399871826172	27.052000045776367	49.95399856567383	41.167999267578125	I	N
89	87	31.309999465942383	51.74100112915039	40.77000045776367	31.851999282836914	52.986000061035156	40.05799865722656	L	N
90	88	32.742000579833984	50.76100158691406	44.15800094604492	31.990999221801758	49.643001556396484	44.858001708984375	Y	P
91	89	36.1510009765625	51.40399932861328	45.698001861572266	36.58599853515625	52.82699966430664	46.06100082397461	S	P
92	90	38.284000396728516	49.34199905395508	48.05799865722656	39.777000427246094	49.07600021362305	47.858001708984375	S	P
93	91	37.28799819946289	51.858001708984375	50.7140007019043	38.1870002746582	52.99599838256836	51.09000015258789	D	A
94	92	33.584999084472656	51.604000091552734	50.04999923706055	33.08100128173828	50.847999572753906	51.268001556396484	T	N
95	93	32.736000061035156	54.75899887084961	48.18000030517578	33.75899887084961	55.731998443603516	47.60200119018555	L	N
96	94	29.868999481201172	54.03499984741211	45.7599983215332	28.62299919128418	53.375999450683594	46.42300033569336	I	N
97	95	29.12700080871582	55.88600158691406	42.52299880981445	30.32699966430664	56.512001037597656	41.78200149536133	Y	P
98	96	26.56999969482422	55.380001068115234	39.79100036621094	25.141000747680664	55.57400131225586	40.21200180053711	K	B
99	97	26.631000518798828	55.867000579833984	36.064998626708984	27.893999099731445	55.70899963378906	35.23500061035156	T	P
100	98	23.618999481201172	55.52199935913086	33.744998931884766	22.2549991607666	56.0880012512207	34.1870002746582	T	P
101	99	25.447999954223633	56.71900177001953	30.638999938964844	25.472999572753906	58.242000579833984	30.55500030517578	D	A
102	100	28.104000091552734	54.11000061035156	29.968000411987305	28.06599998474121	53.91600036621094	28.440000534057617	H	B
103	101	30.777999877929688	55.637001037597656	32.2130012512207	31.94099998474121	54.689998626708984	31.969999313354492	Y	P
104	102	30.617000579833984	59.180999755859375	30.83099937438965	29.656999588012695	59.691001892089844	29.760000228881836	Q	P
105	103	29.43199920654297	60.79100036621094	34.05400085449219	28.38800048828125	61.89400100708008	33.902000427246094	T	P
106	104	29.22800064086914	59.63399887084961	37.64699935913086	30.583999633789062	59.12200164794922	38.17100143432617	F	N
107	105	27.361000061035156	60.72700119018555	40.75199890136719	25.900999069213867	61.17499923706055	40.59299850463867	T	P
108	106	27.923999786376953	59.5989990234375	44.3489990234375	28.53700065612793	60.54199981689453	45.40299987792969	K	B
109	107	25.208999633789062	57.44499969482422	45.91299819946289	24.488000869750977	56.4119987487793	45.0359992980957	I	N
110	108	27.033000946044922	56.297000885009766	49.06100082397461	26.957000732421875	54.87900161743164	49.50600051879883	R	B
109	109	16.875	37.9010009765625	43.47800064086914	16.875	37.9010009765625	43.47800064086914	X	X
110	110	28.441999435424805	56.84299850463867	49.41400146484375	28.441999435424805	56.84299850463867	49.41400146484375	Z	Z
