Nr	Nidx	CaX	CaY	CaZ	PosX	PosY	PosZ	Let	Type
1	1	-3.7780001163482666	14.519000053405762	15.857999801635742	-4.248000144958496	14.602999687194824	17.349000930786133	V	N
2	2	-0.41100001335144043	13.663000106811523	17.15999984741211	0.9070000052452087	14.430999755859375	17.211999893188477	L	N
3	3	-1.3079999685287476	12.197999954223633	20.533000946044922	-1.5049999952316284	10.741999626159668	20.8799991607666	S	P
4	4	0.5109999775886536	13.237000465393066	23.68600082397461	-0.10700000077486038	13.211000442504883	25.077999114990234	E	A
5	5	2.4100000858306885	10.006999969482422	23.368999481201172	2.4100000858306885	10.006999969482422	23.368999481201172	G	G
6	6	3.7090001106262207	10.736000061035156	19.909000396728516	2.924999952316284	10.598999977111816	18.593000411987305	E	A
7	7	4.632999897003174	14.357999801635742	20.608999252319336	3.7890000343322754	15.472000122070312	21.198999404907227	T	N
8	8	6.623000144958496	12.87399959564209	23.451000213623047	6.079999923706055	12.020999908447266	24.584999084472656	Q	P
9	9	8.531999588012695	10.595000267028809	21.149999618530273	8.052000045776367	9.428999900817871	20.291000366210938	L	N
10	10	9.107999801635742	13.616000175476074	18.965999603271484	8.032999992370605	14.496000289916992	18.309999465942383	V	N
11	11	10.472000122070312	15.946999549865723	21.601999282836914	9.524999618530273	16.698999404907227	22.548999786376953	L	N
12	12	12.513999938964844	13.208000183105469	23.284000396728516	12.031000137329102	11.807999610900879	23.6560001373291	H	B
13	13	14.685999870300293	12.79800033569336	20.208999633789062	14.47599983215332	11.753999710083008	19.073999404907227	V	N
14	14	14.748000144958496	16.459999084472656	19.354999542236328	13.63599967956543	17.479999542236328	19.23699951171875	T	N
15	15	16.34600067138672	17.045000076293945	22.808000564575195	15.725000381469727	16.559999465942383	24.13800048828125	A	N
16	16	19.322999954223633	15.01099967956543	21.558000564575195	19.48699951171875	13.494999885559082	21.756000518798828	K	B
17	17	19.51799964904785	16.96299934387207	18.273000717163086	18.476999282836914	17.312000274658203	17.104999542236328	V	N
18	18	19.69499969482422	19.863000869750977	20.72599983215332	18.674999237060547	20.03700065612793	21.8439998626709	E	A
19	19	23.04400062561035	18.538999557495117	22.0	23.152000427246094	17.158000946044922	22.631999969482422	A	N
20	20	24.70599937438965	19.09000015258789	18.639999389648438	25.538000106811523	17.849000930786133	18.285999298095703	D	A
21	21	22.43000030517578	21.32900047302246	16.645000457763672	21.89699935913086	22.68899917602539	17.218000411987305	V	N
22	22	25.19300079345703	22.249000549316406	14.255999565124512	26.347999572753906	23.160999298095703	14.706999778747559	A	N
23	23	26.4950008392334	18.850000381469727	13.0649995803833	26.4950008392334	18.850000381469727	13.0649995803833	G	G
24	24	22.93400001525879	17.691999435424805	12.670999526977539	21.92300033569336	17.756999969482422	13.791000366210938	H	B
25	25	22.003999710083008	20.743999481201172	10.586000442504883	22.003999710083008	20.743999481201172	10.586000442504883	G	G
26	26	25.090999603271484	20.191999435424805	8.545999526977539	26.472000122070312	20.26799964904785	9.184000015258789	Q	P
27	27	24.319000244140625	16.51300048828125	7.839000225067139	24.136999130249023	15.42199993133545	8.894000053405762	D	A
28	28	20.7450008392334	17.36400032043457	6.853000164031982	19.7189998626709	17.965999603271484	7.818999767303467	I	N
29	29	21.604999542236328	20.1200008392334	4.427999973297119	22.094999313354492	21.513999938964844	4.827000141143799	L	N
30	30	24.233999252319336	17.93600082397461	2.7330000400543213	25.606000900268555	17.482999801635742	3.4079999923706055	I	N
31	31	21.860000610351562	14.9399995803833	2.5320000648498535	21.115999221801758	14.451000213623047	3.8010001182556152	R	B
32	32	19.422000885009766	17.437999725341797	0.8140000104904175	18.923999786376953	18.74799919128418	1.402999997138977	L	N
33	33	21.868000030517578	18.959999084472656	-1.656999945640564	23.04800033569336	19.88800048828125	-1.3040000200271606	F	N
34	34	23.18899917602539	15.541999816894531	-2.443000078201294	23.902000427246094	14.720999717712402	-1.350000023841858	K	B
35	35	19.884000778198242	13.663000106811523	-3.0	18.895000457763672	13.258000373840332	-1.9040000438690186	S	P
36	36	18.240999221801758	16.673999786376953	-4.671000003814697	16.910999298095703	16.97800064086914	-3.9489998817443848	H	B
37	37	20.798999786376953	18.992000579833984	-6.394999980926514	21.7189998626709	18.368000030517578	-7.458000183105469	P	N
38	38	18.2450008392334	21.39900016784668	-7.789000034332275	16.968000411987305	20.933000564575195	-8.545000076293945	E	A
39	39	17.701000213623047	22.51799964904785	-4.184000015258789	17.55500030517578	21.60700035095215	-2.9110000133514404	T	P
40	40	21.18199920654297	24.01799964904785	-4.044000148773193	22.474000930786133	23.284000396728516	-4.390999794006348	L	N
41	41	20.156999588012695	26.336000442504883	-6.9079999923706055	19.441999435424805	25.79599952697754	-8.144000053405762	E	A
42	42	17.820999145507812	28.020999908447266	-4.418000221252441	16.74799919128418	27.281999588012695	-3.634999990463257	K	B
43	43	20.777999877929688	29.187999725341797	-2.3329999446868896	21.4060001373291	28.33799934387207	-1.2089999914169312	F	N
44	44	22.98699951171875	31.83799934387207	-3.7880001068115234	22.642000198364258	33.31999969482422	-3.822000026702881	D	A
45	45	25.72599983215332	31.349000930786133	-1.1710000038146973	25.559999465942383	31.538000106811523	0.32199999690055847	R	B
46	46	26.025999069213867	27.613000869750977	-1.5950000286102295	24.97100067138672	26.849000930786133	-0.8180000185966492	F	N
47	47	26.32200050354004	27.18899917602539	-5.297999858856201	25.347000122070312	27.785999298095703	-6.326000213623047	K	B
48	48	30.099000930786133	27.400999069213867	-5.1570000648498535	31.000999450683594	28.490999221801758	-4.535999774932861	H	B
49	49	29.930999755859375	24.156999588012695	-3.130000114440918	29.11400032043457	24.15399932861328	-1.8240000009536743	L	N
50	50	30.40399932861328	21.429000854492188	-5.76200008392334	31.458999633789062	21.488000869750977	-6.854000091552734	K	B
51	51	31.881000518798828	18.599000930786133	-3.7170000076293945	33.35499954223633	18.358999252319336	-3.7130000591278076	T	P
52	52	30.884000778198242	17.219999313354492	-0.34700000286102295	30.547000885009766	15.779000282287598	-0.01600000075995922	E	A
53	53	34.20899963378906	18.076000213623047	1.3569999933242798	35.606998443603516	17.708999633789062	0.875	A	N
54	54	33.68899917602539	21.711999893188477	0.3610000014305115	33.51499938964844	22.236000061035156	-1.0540000200271606	E	A
55	55	30.229000091552734	21.523000717163086	1.8839999437332153	29.07900047302246	20.56399917602539	1.5379999876022339	M	N
56	56	31.509000778198242	20.06800079345703	5.135000228881836	32.069000244140625	18.658000946044922	5.379000186920166	K	B
57	57	34.19599914550781	22.79400062561035	5.294000148773193	35.39899826049805	22.823999404907227	4.369999885559082	A	N
58	58	31.83300018310547	25.729999542236328	4.710000038146973	30.740999221801758	25.82900047302246	3.6530001163482666	S	P
59	59	31.190000534057617	27.610000610351562	7.934999942779541	32.255001068115234	28.5939998626709	8.473999977111816	E	A
60	60	28.451000213623047	29.64900016784668	6.315999984741211	28.797000885009766	30.357999801635742	5.006999969482422	D	A
61	61	26.58300018310547	26.3799991607666	5.427000045776367	27.10300064086914	25.273000717163086	4.486999988555908	L	N
62	62	26.868999481201172	25.267000198364258	9.043999671936035	28.19700050354004	24.950000762939453	9.79699993133545	K	B
63	63	25.430999755859375	28.53499984741211	10.36400032043457	25.98200035095215	29.945999145507812	10.072999954223633	K	B
64	64	22.43600082397461	28.062000274658203	8.079999923706055	22.44300079345703	27.92099952697754	6.534999847412109	H	B
65	65	21.85099983215332	24.538000106811523	9.394000053405762	21.85099983215332	24.538000106811523	9.394000053405762	G	G
66	66	21.75	26.04400062561035	12.861000061035156	22.84600067138672	26.805999755859375	13.670999526977539	V	N
67	67	19.159000396728516	28.58300018310547	11.708999633789062	19.27400016784668	29.62299919128418	10.545000076293945	T	P
68	68	16.81800079345703	25.95199966430664	10.175000190734863	17.145999908447266	25.05500030517578	8.993000030517578	V	N
69	69	17.09600067138672	23.43000030517578	12.980999946594238	18.325000762939453	22.52899932861328	13.28600025177002	L	N
70	70	16.402999877929688	25.944000244140625	15.725000381469727	17.347000122070312	26.93400001525879	16.44300079345703	T	P
71	71	13.446000099182129	27.42099952697754	13.847000122070312	13.418000221252441	28.05699920654297	12.454000473022461	A	N
72	72	12.288999557495117	23.847999572753906	13.305999755859375	13.001999855041504	22.714000701904297	12.5600004196167	L	N
73	73	12.718000411987305	22.927000045776367	16.892000198364258	12.718000411987305	22.927000045776367	16.892000198364258	G	G
74	74	10.866999626159668	26.010000228881836	18.11199951171875	11.243000030517578	27.402999877929688	17.67300033569336	A	N
75	75	7.954999923706055	24.791000366210938	15.97599983215332	7.921999931335449	24.606000900268555	14.432000160217285	I	N
76	76	8.069000244140625	21.18899917602539	17.243999481201172	9.199000358581543	20.138999938964844	17.184999465942383	L	N
77	77	7.9679999351501465	22.256000518798828	20.8700008392334	8.968000411987305	23.10700035095215	21.618999481201172	K	B
78	78	4.831999778747559	24.179000854492188	20.059999465942383	4.729000091552734	25.27899932861328	19.009000778198242	K	B
79	79	3.186000108718872	20.871999740600586	19.211000442504883	3.364000082015991	19.825000762939453	20.316999435424805	K	B
80	80	-0.1599999964237213	21.30299949645996	17.531999588012695	-0.1599999964237213	21.30299949645996	17.531999588012695	G	G
81	81	-0.6230000257492065	24.989999771118164	18.288999557495117	-1.1720000505447388	25.586999893188477	19.604000091552734	H	B
82	82	2.188999891281128	26.20599937438965	16.07699966430664	3.0880000591278076	25.048999786376953	15.583000183105469	H	B
83	83	0.7210000157356262	29.131999969482422	14.116999626159668	-0.7549999952316284	29.56999969482422	14.227999687194824	E	A
84	84	2.6459999084472656	32.159000396728516	15.449999809265137	2.819999933242798	32.483001708984375	16.94300079345703	A	N
85	85	5.956999778747559	30.61400032043457	14.347000122070312	6.671000003814697	29.579999923706055	15.204000473022461	E	A
86	86	4.89300012588501	28.913999557495117	11.16100025177002	3.937000036239624	27.701000213623047	11.258000373840332	L	N
87	87	3.2909998893737793	31.959999084472656	9.545999526977539	2.2820000648498535	32.92499923706055	10.206000328063965	K	B
88	88	6.434000015258789	34.119998931884766	9.095000267028809	7.186999797821045	34.617000579833984	10.333999633789062	P	N
89	89	8.258999824523926	31.03700065612793	7.744999885559082	8.234000205993652	29.68000030517578	8.45199966430664	L	N
90	90	5.47599983215332	30.45199966430664	5.1519999504089355	4.004000186920166	30.145999908447266	5.48799991607666	A	N
91	91	5.453000068664551	34.11800003051758	4.0970001220703125	5.34499979019165	35.34600067138672	5.0229997634887695	Q	P
92	92	9.218000411987305	34.26300048828125	3.4549999237060547	10.366999626159668	34.297000885009766	4.466000080108643	S	P
93	93	9.430000305175781	30.80699920654297	1.9450000524520874	9.21399974822998	29.479999542236328	2.7190001010894775	H	B
94	94	6.551000118255615	31.402999877929688	-0.46700000762939453	5.050000190734863	31.434999465942383	-0.04600000008940697	A	N
95	95	7.0	34.99599838256836	-1.4759999513626099	6.123000144958496	36.13399887084961	-0.9409999847412109	T	P
96	96	10.810999870300293	35.40399932861328	-1.246000051498413	11.380000114440918	35.821998596191406	0.09600000083446503	K	B
97	97	13.008999824523926	32.35100173950195	-1.3589999675750732	13.282999992370605	31.43600082397461	-0.1509999930858612	H	B
98	98	10.534000396728516	30.663999557495117	-3.740000009536743	11.029999732971191	31.177000045776367	-5.076000213623047	K	B
99	99	10.75100040435791	27.326000213623047	-2.0309998989105225	11.152000427246094	27.336999893188477	-0.5450000166893005	I	N
100	100	8.16100025177002	24.87299919128418	-3.4800000190734863	8.454999923706055	24.145000457763672	-4.7789998054504395	P	N
101	101	6.3520002365112305	22.625	-1.0140000581741333	4.813000202178955	22.503000259399414	-1.0759999752044678	I	N
102	102	7.99399995803833	19.60700035095215	-2.6470000743865967	8.128000259399414	19.58099937438965	-4.189000129699707	K	B
103	103	11.414999961853027	20.743000030517578	-1.4079999923706055	12.015000343322754	22.131000518798828	-1.718999981880188	Y	P
104	104	9.883000373840332	20.781999588012695	2.115000009536743	8.711999893188477	21.604000091552734	2.684000015258789	L	N
105	105	9.13599967956543	17.108999252319336	1.5720000267028809	8.17199993133545	16.586000442504883	0.47200000286102295	E	A
106	106	12.72700023651123	16.44099998474121	0.4300000071525574	13.416999816894531	17.235000610351562	-0.6690000295639038	F	N
107	107	14.074999809265137	18.141000747680664	3.572000026702881	14.215999603271484	19.731000900268555	3.8889999389648438	I	N
108	108	11.706999778747559	16.152000427246094	5.764999866485596	10.208000183105469	15.97599983215332	5.617000102996826	S	P
109	109	13.052000045776367	12.854000091552734	4.577000141143799	12.809000015258789	12.262999534606934	3.1700000762939453	E	A
110	110	16.652999877929688	14.16100025177002	5.00600004196167	17.165000915527344	15.359999656677246	4.396999835968018	A	N
111	111	15.812999725341797	14.9399995803833	8.5649995803833	14.774999618530273	15.902999877929688	9.071999549865723	I	N
112	112	14.458000183105469	11.404000282287598	9.225000381469727	13.121999740600586	10.829000473022461	8.649999618530273	I	N
113	113	17.360000610351562	9.871000289916992	7.355000019073486	17.882999420166016	10.244000434875488	5.984000205993652	H	B
114	114	19.844999313354492	11.855999946594238	9.437000274658203	20.21500015258789	13.350000381469727	9.345999717712402	V	N
115	115	18.225000381469727	11.085000038146973	12.763999938964844	16.923999786376953	11.656000137329102	13.343000411987305	L	N
116	116	18.173999786376953	7.39900016784668	11.836999893188477	17.597000122070312	6.671999931335449	10.621999740600586	H	B
117	117	21.889999389648438	7.8460001945495605	11.027999877929688	22.402000427246094	8.970999717712402	10.144000053405762	S	P
118	118	22.704999923706055	9.112000465393066	14.508999824523926	22.797000885009766	10.633999824523926	14.625	R	B
119	119	20.016000747680664	7.803999900817871	16.80699920654297	19.051000595092773	8.942999839782715	17.097999572753906	H	B
120	120	19.29400062561035	4.059000015258789	16.6560001373291	20.465999603271484	3.078000068664551	16.632999420166016	P	N
121	121	18.093000411987305	3.315999984741211	20.16699981689453	18.093000411987305	3.315999984741211	20.16699981689453	G	G
122	122	16.006999969482422	6.464000225067139	20.2189998626709	16.611000061035156	7.771999835968018	20.725000381469727	D	A
123	123	14.810999870300293	6.396999835968018	16.6560001373291	15.616000175476074	7.190999984741211	15.600000381469727	F	N
124	124	12.77299976348877	3.2269999980926514	16.27199935913086	12.77299976348877	3.2269999980926514	16.27199935913086	G	G
125	125	9.62600040435791	2.61299991607666	14.1850004196167	9.053000450134277	1.2569999694824219	13.861000061035156	A	N
126	126	7.302000045776367	4.308000087738037	16.676000595092773	6.945000171661377	3.7690000534057617	18.073999404907227	D	A
127	127	9.38599967956543	7.499000072479248	16.926000595092773	10.689000129699707	7.636000156402588	17.631000518798828	A	N
128	128	9.970000267028809	7.590000152587891	13.178999900817871	10.449000358581543	6.445000171661377	12.329000473022461	Q	P
129	129	6.208000183105469	7.453000068664551	12.744000434875488	6.208000183105469	7.453000068664551	12.744000434875488	G	G
130	130	5.770999908447266	10.21399974822998	15.32800006866455	6.265999794006348	10.241999626159668	16.75	A	N
131	131	8.4350004196167	12.29800033569336	13.63700008392334	9.90999984741211	11.892000198364258	13.526000022888184	M	N
132	132	7.01200008392334	11.696000099182129	10.119999885559082	6.796000003814697	10.357000350952148	9.413000106811523	N	P
133	133	3.6689999103546143	12.673999786376953	11.484999656677246	2.865000009536743	11.920000076293945	12.54699993133545	K	B
134	134	5.0960001945495605	15.951000213623047	12.895000457763672	5.894000053405762	16.086000442504883	14.20300006866455	A	N
135	135	6.916999816894531	16.906999588012695	9.675999641418457	8.074999809265137	16.13599967956543	9.043999671936035	L	N
136	136	3.6419999599456787	16.218000411987305	7.8979997634887695	2.805999994277954	14.954999923706055	8.081000328063965	E	A
137	137	1.5740000009536743	18.601999282836914	10.024999618530273	1.440000057220459	18.496999740600586	11.538000106811523	L	N
138	138	4.269000053405762	21.180999755859375	9.51099967956543	5.704999923706055	20.8700008392334	9.876999855041504	F	N
139	139	4.203999996185303	20.679000854492188	5.734000205993652	4.656000137329102	19.392000198364258	5.076000213623047	R	B
140	140	0.39100000262260437	20.76099967956543	5.618000030517578	-0.5849999785423279	19.679000854492188	6.0929999351501465	K	B
141	141	-0.013000000268220901	24.038000106811523	7.579999923706055	0.289000004529953	24.25200080871582	9.055000305175781	D	A
142	142	2.638000011444092	25.663999557495117	5.446000099182129	4.123000144958496	25.165000915527344	5.198999881744385	I	N
143	143	0.7310000061988831	24.39900016784668	2.3949999809265137	0.453000009059906	22.90999984741211	2.194000005722046	A	N
144	144	-2.428999900817871	26.06399917602539	3.632999897003174	-3.055000066757202	25.849000930786133	4.998000144958496	A	N
145	145	-0.5339999794960022	29.357999801635742	3.937000036239624	0.746999979019165	29.565000534057617	4.758999824523926	K	B
146	146	0.8259999752044678	28.882999420166016	0.4519999921321869	1.6200000047683716	27.642000198364258	0.08299999684095383	Y	P
147	147	-2.5999999046325684	28.191999435424805	-1.0829999446868896	-3.618000030517578	27.156999588012695	-0.5820000171661377	K	B
148	148	-3.878000020980835	31.361000061035156	0.5659999847412109	-3.936000108718872	31.555999755859375	2.0929999351501465	E	A
149	149	-1.0980000495910645	33.54600143432617	-0.8610000014305115	0.35600000619888306	33.61800003051758	-0.3009999990463257	L	N
150	150	-1.50600004196167	31.905000686645508	-4.267000198364258	-1.50600004196167	31.905000686645508	-4.267000198364258	G	G
151	151	1.628000020980835	29.791000366210938	-4.388000011444092	2.8889999389648438	30.114999771118164	-3.5929999351501465	Y	P
152	152	1.9229999780654907	26.08799934387207	-5.318999767303467	2.4579999446868896	25.516000747680664	-4.015999794006348	Q	P
153	153	-0.9139999747276306	24.299999237060547	-7.109000205993652	-0.9139999747276306	24.299999237060547	-7.109000205993652	G	G
154	154	-4.683000087738037	13.663000106811523	15.041999816894531	-4.683000087738037	13.663000106811523	15.041999816894531	X	X
155	155	-1.2949999570846558	24.402999877929688	-8.576000213623047	-1.2949999570846558	24.402999877929688	-8.576000213623047	Z	Z
