Nr	Nidx	CaX	CaY	CaZ	PosX	PosY	PosZ	Let	Type
2	1	8.423999786376953	12.244999885559082	31.440000534057617	10.069000244140625	9.907999992370605	33.26900100708008	I	N
3	2	6.525000095367432	15.352999687194824	30.423999786376953	6.946000099182129	15.944999694824219	29.06599998474121	V	N
4	3	3.0929999351501465	16.0939998626709	31.874000549316406	3.312000036239624	13.916000366210938	33.1349983215332	T	P
5	4	2.997999906539917	19.87299919128418	31.525999069213867	2.1740000247955322	21.57699966430664	33.14799880981445	D	A
6	5	3.9639999866485596	22.538999557495117	28.976999282836914	1.9639999866485596	23.961999893188477	28.410999298095703	N	P
7	6	7.591000080108643	22.02400016784668	28.042999267578125	8.001999855041504	20.716999053955078	28.72800064086914	S	P
8	7	9.9350004196167	22.666000366210938	25.143999099731445	8.432000160217285	26.042999267578125	23.833999633789062	I	N
9	8	13.373000144958496	21.10700035095215	24.718000411987305	13.373000144958496	21.10700035095215	24.718000411987305	G	G
10	9	15.58899974822998	18.822999954223633	22.726999282836914	17.33799934387207	18.743000030517578	20.910999298095703	N	P
11	10	15.61299991607666	15.065999984741211	23.399999618530273	14.599399948120118	12.00800018310547	24.831199645996094	H	B
12	11	17.92799949645996	12.704999923706055	21.55900001525879	18.150999069213867	10.1850004196167	21.43600082397461	D	A
13	12	18.392000198364258	15.274999618530273	18.7810001373291	18.392000198364258	15.274999618530273	18.7810001373291	G	G
14	13	14.696000099182129	16.089000701904297	18.23699951171875	14.046571459089007	13.30671433040074	15.20728601728167	Y	P
15	14	13.01200008392334	19.325000762939453	19.343000411987305	14.298999786376953	21.19499969482422	18.312999725341797	D	A
16	15	10.16100025177002	18.072999954223633	21.52400016784668	11.034857068743024	18.06085695539202	25.55685724530901	Y	P
17	16	7.1579999923706055	20.042999267578125	22.761999130249023	5.953999996185303	23.68400001525879	21.959999084472656	E	A
18	17	4.197000026702881	19.329999923706055	25.02400016784668	2.1076666712760925	17.975999514261883	28.016833941141766	F	N
19	18	1.5140000581741333	22.027999877929688	24.827999114990234	-0.9937777585453458	25.062666575113933	23.755222108629013	T	N
20	19	-1.944000005722046	22.18400001525879	26.413999557495117	-4.066999912261963	20.643999099731445	30.68600082397461	K	B
21	20	-4.390999794006348	24.80699920654297	27.613000869750977	-6.48799991607666	24.540000915527344	26.187000274658203	D	A
22	21	-6.125	24.452999114990234	30.989999771118164	-6.691999912261963	25.618999481201172	31.840999603271484	S	P
23	22	-8.038999557495117	21.37299919128418	32.03300094604492	-8.038999557495117	21.37299919128418	32.03300094604492	G	G
24	23	-7.580999851226807	17.628000259399414	31.80500030517578	-7.580999851226807	17.628000259399414	31.80500030517578	G	G
25	24	-4.230000019073486	15.963000297546387	31.64699935913086	-4.1620001792907715	15.01200008392334	32.862998962402344	S	P
26	25	-1.590000033378601	14.628000259399414	29.374000549316406	-1.590000033378601	14.628000259399414	29.374000549316406	G	G
27	26	1.475000023841858	12.446999549865723	29.621000289916992	2.690999984741211	10.574999809265137	30.851999282836914	T	P
28	27	4.24399995803833	12.361000061035156	27.0310001373291	6.468999862670898	14.694999694824219	22.756000518798828	M	N
29	28	7.113999843597412	9.883999824523926	27.343000411987305	5.27400016784668	7.13100004196167	29.261999130249023	I	N
30	29	10.180999755859375	10.868000030517578	25.298999786376953	10.277999877929688	13.342000007629395	25.972999572753906	L	N
31	30	11.649999618530273	7.75	23.665000915527344	9.710000038146973	6.250999927520752	24.357999801635742	N	P
32	31	14.692000389099121	7.25600004196167	21.381999969482422	13.989400100708007	4.547800016403198	19.24720001220703	H	B
33	32	15.26200008392334	9.548999786376953	18.400999069213867	15.26200008392334	9.548999786376953	18.400999069213867	G	G
34	33	12.02299976348877	11.10200023651123	17.1299991607666	12.02299976348877	11.10200023651123	17.1299991607666	G	G
35	34	9.866999626159668	8.647000312805176	19.09000015258789	10.657999992370605	6.684000015258789	17.756999969482422	T	P
36	35	7.505000114440918	9.258999824523926	21.93600082397461	5.503833373387654	11.98550001780192	20.050333658854168	F	N
37	36	4.302999973297119	7.986000061035156	23.472000122070312	4.203000068664551	6.691999912261963	24.292999267578125	S	P
38	37	1.315000057220459	10.111000061035156	24.457000732421875	0.9739999771118164	11.147000312805176	23.38800048828125	A	N
39	38	-1.8070000410079956	9.744000434875488	26.577999114990234	-2.2300000190734863	7.015999794006348	29.36199951171875	Q	P
40	39	-4.468999862670898	12.383000373840332	27.225000381469727	-5.197777854071723	12.145222345987955	23.181999842325848	T	N
41	40	-7.6479997634887695	12.630000114440918	29.246999740600586	-8.8149995803833	11.369999885559082	31.04199981689453	N	P
42	41	-10.472999572753906	15.16100025177002	29.22800064086914	-11.932000160217285	13.791999816894531	30.80900001525879	N	P
43	42	-8.423999786376953	17.96299934387207	27.70199966430664	-7.164000034332275	17.766000747680664	26.822999954223633	V	N
44	43	-9.562000274658203	21.11400032043457	25.990999221801758	-10.458999633789062	23.2810001373291	25.365999221801758	N	P
45	44	-6.632999897003174	21.215999603271484	23.531999588012695	-6.060999870300293	22.382999420166016	21.261999130249023	N	P
46	45	-3.377000093460083	19.2450008392334	23.71299934387207	-1.9869999885559082	17.03700065612793	26.565000534057617	I	N
47	46	-0.45399999618530273	18.738000869750977	21.315000534057617	-1.1030000448226929	20.33099937438965	19.31800079345703	L	N
48	47	2.5429999828338623	16.375999450683594	21.583999633789062	0.3344999955346187	14.504000027974447	24.102333386739094	F	N
49	48	5.369999885559082	16.507999420166016	18.99799919128418	4.519999980926514	22.583999633789062	18.847000122070312	R	B
50	49	8.972999572753906	15.736000061035156	18.03700065612793	12.489999771118164	11.741000175476074	21.52199935913086	K	B
51	50	10.67199993133545	17.35300064086914	15.081999778747559	10.67199993133545	17.35300064086914	15.081999778747559	G	G
52	51	12.869999885559082	20.29599952697754	14.277000427246094	18.048999786376953	22.07699966430664	14.279999732971191	K	B
53	52	12.585000038146973	23.9060001373291	15.395999908447266	8.935999870300293	23.16699981689453	19.41699981689453	K	B
54	53	14.36299991607666	26.447999954223633	13.140999794006348	13.513500213623047	23.965999921162922	10.374833265940348	F	N
55	54	15.819000244140625	29.90399932861328	13.710000038146973	17.91699981689453	30.27199935913086	12.348999977111816	N	P
56	55	13.315999984741211	31.795000076293945	11.576000213623047	11.265999794006348	32.89899826049805	14.781999588012695	E	A
57	56	15.779000282287598	32.86800003051758	8.868000030517578	17.610000610351562	33.62799835205078	10.442999839782715	T	P
58	57	15.022000312805176	30.51799964904785	6.000999927520752	18.058000564575195	28.075000762939453	6.328999996185303	Q	P
59	58	12.213000297546387	29.76300048828125	3.6070001125335693	11.892999649047852	31.67099952697754	1.9789999723434448	T	P
60	59	11.295000076293945	26.083999633789062	3.303999900817871	8.861999893188477	25.520800018310545	0.7108000203967094	H	B
61	60	13.236000061035156	26.0310001373291	-0.012000000104308128	10.656000137329102	27.854999542236328	-1.4040000438690186	Q	P
62	61	16.34600067138672	27.304000854492188	1.809000015258789	16.341999053955078	31.16699981689453	2.009000062942505	Q	P
63	62	16.003000259399414	24.660999298095703	4.553999900817871	14.75100040435791	24.378000259399414	5.414999961853027	V	N
64	63	15.720000267028809	22.11199951171875	1.7519999742507935	15.720000267028809	22.11199951171875	1.7519999742507935	G	G
65	64	13.62600040435791	19.052000045776367	1.1269999742507935	12.831000328063965	17.009000778198242	-0.10599999874830246	N	P
66	65	11.789999961853027	17.8439998626709	4.230000019073486	11.116000175476074	22.422000885009766	4.986999988555908	M	N
67	66	10.508000373840332	14.309000015258789	4.456999778747559	11.116999626159668	13.39900016784668	3.38700008392334	S	P
68	67	9.187999725341797	12.383999824523926	7.425000190734863	8.131999969482422	15.460000038146973	9.588000297546387	I	N
69	68	9.017000198364258	8.579000473022461	7.681000232696533	9.737000465393066	6.208000183105469	7.163000106811523	N	P
70	69	6.790999889373779	7.559000015258789	10.567999839782715	3.018714283193861	8.709000178745814	9.530714171273369	Y	P
71	70	4.692999839782715	4.914999961853027	12.1850004196167	4.692999839782715	4.914999961853027	12.1850004196167	G	G
72	71	2.2109999656677246	5.339000225067139	15.015000343322754	1.753000020980835	6.7870001792907715	15.182000160217285	A	N
73	72	-0.3009999990463257	3.2690000534057617	16.940000534057617	-1.0809999704360962	1.503000020980835	18.538999557495117	N	P
74	73	-3.059000015258789	5.89300012588501	17.101999282836914	-4.630500078201294	9.244500001271566	15.828166802724203	F	N
75	74	-5.936999797821045	5.348999977111816	19.493000030517578	-5.0269999504089355	1.8819999694824219	20.90999984741211	Q	P
76	75	-8.081999778747559	8.406999588012695	19.930999755859375	-8.168999671936035	8.494999885559082	17.527999877929688	P	N
77	76	-11.348999977111816	8.288999557495117	21.839000701904297	-12.836999893188477	7.585000038146973	23.78700065612793	N	P
78	77	-12.95300006866455	11.237000465393066	20.06399917602539	-12.95300006866455	11.237000465393066	20.06399917602539	G	G
79	78	-11.366000175476074	14.177000045776367	18.28499984741211	-11.774999618530273	16.516000747680664	17.333999633789062	N	P
80	79	-7.679999828338623	13.932000160217285	17.520999908447266	-7.122000217437744	12.824000358581543	18.39299964904785	A	N
81	80	-5.23799991607666	14.262999534606934	14.640000343322754	-7.48957143511091	17.821714401245117	14.07485716683524	Y	P
82	81	-2.1019999980926514	12.343999862670898	13.61299991607666	-0.7310000061988831	10.220999717712402	13.043000221252441	L	N
83	82	-0.08399999886751175	14.699000358581543	11.461999893188477	-0.8259999752044678	16.867000579833984	13.145000457763672	C	P
84	83	2.9670000076293945	16.628999710083008	10.45300006866455	3.8550000190734863	16.511999130249023	9.222999572753906	V	N
85	84	2.6110000610351562	20.09000015258789	11.98799991607666	1.1504285761288233	22.490000316074916	15.321999822344099	Y	P
86	85	4.546000003814697	23.297000885009766	12.35099983215332	4.546000003814697	23.297000885009766	12.35099983215332	G	G
87	86	4.708000183105469	27.052000045776367	11.833999633789062	2.216444436046812	27.913778093126083	15.188777711656359	T	N
88	87	6.184000015258789	29.753000259399414	9.64900016784668	6.0879998207092285	28.695999145507812	7.383999824523926	T	P
89	88	6.757999897003174	33.38800048828125	10.711999893188477	7.692999839782715	33.71099853515625	11.88599967956543	V	N
90	89	6.348999977111816	36.56700134277344	8.642999649047852	7.966000080108643	38.404998779296875	7.859000205993652	D	A
91	90	3.740999937057495	35.55099868774414	7.9679999351501465	2.9690001010894775	34.63199996948242	5.888999938964844	P	N
92	91	2.7300000190734863	33.68000030517578	11.090999603271484	2.01200008392334	33.46900177001953	13.560999870300293	L	N
93	92	1.0859999656677246	30.479000091552734	9.831000328063965	1.3760000467300415	30.163999557495117	8.354999542236328	V	N
94	93	0.29899999499320984	27.200000762939453	11.647000312805176	-1.9129999876022339	25.667999267578125	14.456000328063965	E	A
95	94	0.12999999523162842	24.172000885009766	9.34000015258789	4.13771424974714	23.249000004359655	8.671285629272461	Y	P
96	95	-1.0490000247955322	20.583999633789062	9.248000144958496	-3.250857182911464	21.533714294433594	12.791000229971749	Y	P
97	96	-0.5339999794960022	17.52400016784668	7.014999866485596	2.867000102996826	18.371999740600586	5.4120001792907715	I	N
98	97	-3.140000104904175	15.121000289916992	8.406000137329102	-4.538000106811523	15.678999900817871	8.722000122070312	V	N
99	98	-2.8299999237060547	11.390999794006348	7.791999816894531	-0.6940000057220459	10.826000213623047	6.548999786376953	D	A
100	99	-5.291999816894531	10.161999702453613	10.413000106811523	-4.883999824523926	8.82699966430664	11.057999610900879	S	P
101	100	-7.947999954223633	11.522000312805176	12.765000343322754	-9.730777740478516	11.465444458855522	9.023666540781656	T	N
102	101	-10.51099967956543	10.317999839782715	15.291000366210938	-10.51099967956543	10.317999839782715	15.291000366210938	G	G
103	102	-14.274999618530273	10.751999855041504	14.932999610900879	-15.262999534606934	12.288000106811523	16.638999938964844	N	P
104	103	-14.03600025177002	13.972999572753906	12.904999732971191	-14.368111080593533	18.310777876112198	12.614555464850532	T	N
105	104	-12.210000038146973	14.687000274658203	9.645999908447266	-10.821000099182129	14.543999671936035	3.8450000286102295	R	B
106	105	-10.777999877929688	18.20400047302246	9.894000053405762	-8.656999588012695	17.139999389648438	10.256999969482422	P	N
107	106	-10.98900032043457	21.01300048828125	9.354999542236328	-10.015999794006348	22.10700035095215	7.504000186920166	P	N
108	107	-14.668999671936035	21.72599983215332	8.576000213623047	-14.668999671936035	21.72599983215332	8.576000213623047	G	G
109	108	-14.071000099182129	24.149999618530273	5.690999984741211	-12.845999717712402	25.054000854492188	5.824999809265137	A	N
110	109	-14.52400016784668	24.156999588012695	1.9129999876022339	-15.298999786376953	25.111000061035156	-0.3089999854564667	T	P
111	110	-11.505000114440918	22.702999114990234	0.10000000149011612	-12.857000350952148	20.76099967956543	-0.3700000047683716	P	N
112	111	-9.262999534606934	24.996999740600586	-1.902999997138977	-7.258999824523926	29.65999984741211	-1.0360000133514404	K	B
113	112	-7.741000175476074	22.211000442504883	-4.005000114440918	-7.741000175476074	22.211000442504883	-4.005000114440918	G	G
114	113	-6.168000221252441	18.767000198364258	-3.812000036239624	-8.420000076293945	17.599000930786133	-4.126999855041504	T	P
115	114	-2.694999933242798	17.32900047302246	-3.822000026702881	0.9459999799728394	17.70400047302246	-2.374000072479248	I	N
116	115	-1.7079999446868896	13.807999610900879	-4.829999923706055	-3.555000066757202	13.010000228881836	-6.263999938964844	T	P
117	116	1.434000015258789	12.668999671936035	-3.061000108718872	1.9589999914169312	13.920999526977539	-2.3329999446868896	V	N
118	117	2.8320000171661377	9.720999717712402	-1.1180000305175781	4.119999885559082	11.222000122070312	0.44600000977516174	D	A
119	118	0.26899999380111694	7.328999996185303	-2.558000087738037	0.26899999380111694	7.328999996185303	-2.558000087738037	G	G
120	119	-2.6579999923706055	9.371999740600586	-1.2109999656677246	-2.6579999923706055	9.371999740600586	-1.2109999656677246	G	G
121	120	-5.026000022888184	12.185999870300293	-2.128000020980835	-6.828000068664551	13.213000297546387	-3.5230000019073486	T	P
122	121	-5.297999858856201	15.175999641418457	0.19499999284744263	-1.9340000024863653	13.471142905099052	2.211285718849727	Y	P
123	122	-7.8460001945495605	17.95400047302246	0.2590000033378601	-10.156000137329102	16.905000686645508	-0.027000000700354576	D	A
124	123	-6.26200008392334	21.354000091552734	0.843999981880188	-3.4760000705718994	21.246999740600586	-1.7920000553131104	I	N
125	124	-7.815000057220459	23.95400047302246	3.1589999198913574	-10.265285900660924	20.571857452392578	3.6139999798366	Y	P
126	125	-7.159999847412109	27.35700035095215	4.709000110626221	-5.675000190734863	30.74799919128418	3.5959999561309814	E	A
127	126	-8.8149995803833	28.39900016784668	7.999000072479248	-10.02299976348877	26.152000427246094	8.262999534606934	T	P
128	127	-8.385000228881836	31.319000244140625	10.406999588012695	-8.920000076293945	33.87799835205078	10.6899995803833	L	N
129	128	-7.5960001945495605	31.437999725341797	14.142999649047852	-7.189000129699707	27.749000549316406	17.844999313354492	R	B
130	129	-8.70300006866455	34.71099853515625	15.817000389099121	-10.116000175476074	35.207000732421875	15.543999671936035	V	N
131	130	-6.900000095367432	35.84600067138672	18.98699951171875	-7.867000102996826	38.20100021362305	19.08099937438965	N	P
132	131	-5.74399995803833	32.31999969482422	19.881000518798828	-8.526000022888184	30.722999572753906	19.52400016784668	Q	P
133	132	-2.561000108718872	30.908000946044922	21.39699935913086	-4.039000034332275	29.413999557495117	22.573999404907227	P	N
134	133	0.44200000166893005	30.80699920654297	19.107999801635742	0.3709999918937683	31.790000915527344	17.966999053955078	S	P
135	134	4.2210001945495605	30.41699981689453	19.174999237060547	5.828999996185303	30.360000610351562	15.619000434875488	I	N
136	135	4.281000137329102	34.25699996948242	19.229000091552734	9.354000091552734	33.9630012512207	17.427000045776367	K	B
137	136	1.5	34.99399948120117	21.7549991607666	1.5	34.99399948120117	21.7549991607666	G	G
138	137	-2.240999937057495	35.57899856567383	21.35300064086914	-3.382999897003174	34.1150016784668	23.70400047302246	I	N
139	138	-2.553999900817871	36.12099838256836	17.648000717163086	-1.2059999704360962	35.71500015258789	17.031999588012695	A	N
140	139	-4.755000114440918	36.00299835205078	14.602999687194824	-6.425000190734863	36.96699905395508	12.970999717712402	T	P
141	140	-3.257999897003174	33.7130012512207	11.970000267028809	-2.7166666189829507	31.180999755859375	14.76449998219808	F	N
142	141	-4.076000213623047	31.320999145507812	9.196000099182129	-7.369999885559082	32.55699920654297	5.508999824523926	K	B
143	142	-3.9800000190734863	27.559999465942383	9.456999778747559	-6.23799991607666	26.63599967956543	12.487000465393066	Q	P
144	143	-2.9579999446868896	25.663999557495117	6.304999828338623	-1.12342856451869	29.114857264927455	4.676714284079416	Y	P
145	144	-4.061999797821045	22.054000854492188	5.841000080108643	-6.457111093733046	22.33788914150662	9.457444508870443	T	N
146	145	-3.5769999027252197	18.98200035095215	3.693000078201294	-2.2869999408721924	18.496000289916992	3.055999994277954	S	P
147	146	-6.002999782562256	16.240999221801758	4.909999847412109	-7.308000087738037	16.726999282836914	5.540999889373779	V	N
148	147	-5.771999835968018	12.699999809265137	3.506999969482422	-3.490000009536743	7.39300012588501	2.614000082015991	R	B
149	148	-8.991999626159668	11.28600025177002	2.0759999752044678	-10.633000373840332	14.279999732971191	-3.1019999980926514	R	B
150	149	-8.520999908447266	7.954999923706055	3.875	-8.505000114440918	6.690999984741211	2.996000051498413	S	P
151	150	-6.711999893188477	7.366000175476074	7.165999889373779	-10.866999626159668	7.797999858856201	11.996999740600586	K	B
152	151	-3.2690000534057617	5.853000164031982	7.507999897003174	1.2999999523162842	8.050000190734863	3.989000082015991	R	B
153	152	-0.9330000281333923	5.64900016784668	10.494000434875488	-2.9539999961853027	5.5329999923706055	12.041999816894531	T	P
154	153	2.438999891281128	4.827000141143799	8.947999954223633	2.9070000648498535	3.3929998874664307	9.267000198364258	S	P
155	154	4.366000175476074	5.828999996185303	5.813000202178955	4.366000175476074	5.828999996185303	5.813000202178955	G	G
156	155	6.271999835968018	8.75100040435791	4.361999988555908	8.222000122070312	9.664999961853027	2.934000015258789	T	P
157	156	5.061999797821045	12.35200023651123	4.191999912261963	2.7209999561309814	12.605999946594238	7.276000022888184	I	N
158	157	6.949999809265137	14.4399995803833	1.5679999589920044	6.723999977111816	14.145000457763672	0.07599999755620956	S	P
159	158	6.410999774932861	17.674999237060547	3.503999948501587	7.189000129699707	18.08099937438965	4.7779998779296875	V	N
160	159	7.961999893188477	19.979000091552734	0.9110000133514404	9.439000129699707	19.972000122070312	0.45899999141693115	S	P
161	160	5.550000190734863	18.742000579833984	-1.781999945640564	6.455999851226807	16.600000381469727	-2.8469998836517334	N	P
162	161	2.678999900817871	19.96500015258789	0.3720000088214874	1.2021999895572661	17.121800231933594	1.789400005340576	H	B
163	162	4.36299991607666	23.357999801635742	0.8399999737739563	6.182166735331218	22.974166870117188	4.230666597684224	F	N
164	163	4.747000217437744	23.777000427246094	-2.937999963760376	9.062000274658203	20.549999237060547	-3.490999937057495	R	B
165	164	1.065999984741211	22.888999938964844	-3.4700000286102295	0.3659999966621399	21.610000610351562	-3.069999933242798	A	N
166	165	0.02500000037252903	25.43199920654297	-0.8299999833106995	0.14666667994525698	23.15155537923177	3.066222217347887	T	N
167	166	2.2300000190734863	28.148000717163086	-2.361999988555908	5.815999984741211	28.57900047302246	-0.996999979019165	E	A
168	167	0.8370000123977661	27.18600082397461	-5.764999866485596	0.029999999329447746	25.94499969482422	-7.723999977111816	N	P
169	168	-2.6579999923706055	27.92300033569336	-4.39900016784668	-3.7100000381469727	25.559999465942383	-4.190000057220459	L	N
170	169	-1.5230000019073486	31.312000274658203	-3.0369999408721924	-1.5230000019073486	31.312000274658203	-3.0369999408721924	G	G
171	170	-1.2519999742507935	30.152999877929688	0.5759999752044678	-3.2260000705718994	26.208999633789062	2.2219998836517334	M	N
172	171	1.7899999618530273	32.29600143432617	1.4759999513626099	1.3760000467300415	34.53300094604492	0.32899999618530273	N	P
173	172	4.521999835968018	30.82699966430664	3.6530001163482666	5.688000202178955	26.516000747680664	4.208000183105469	M	N
174	173	7.0269999504089355	32.68000030517578	5.797999858856201	7.0269999504089355	32.68000030517578	5.797999858856201	G	G
175	174	10.348999977111816	31.643999099731445	7.267000198364258	12.378999710083008	35.124000549316406	3.940000057220459	K	B
176	175	10.454999923706055	28.22599983215332	8.876999855041504	9.230999946594238	24.687999725341797	8.050000190734863	M	N
177	176	9.880000114440918	27.993000030517578	12.605999946594238	8.634999820164271	28.40328570774623	16.589999743870326	Y	P
178	177	9.092000007629395	24.250999450683594	12.937999725341797	7.478000164031982	22.93600082397461	16.270000457763672	E	A
179	178	8.27299976348877	20.9060001373291	11.260000228881836	8.881999969482422	20.547000885009766	9.902999877929688	V	N
180	179	7.176000118255615	17.948999404907227	13.468000411987305	7.191999912261963	18.433000564575195	14.92199993133545	A	N
181	180	5.301000118255615	14.677000045776367	13.696999549865723	5.010000228881836	12.065999984741211	13.5600004196167	L	N
182	181	2.48799991607666	15.569000244140625	15.984999656677246	1.190999984741211	17.735000610351562	16.635000228881836	T	P
183	182	-0.45899999141693115	14.102999687194824	17.888999938964844	-0.3179999887943268	12.928999900817871	18.83300018310547	V	N
184	183	-3.2230000495910645	16.652000427246094	18.660999298095703	-4.593999862670898	20.091999053955078	17.506000518798828	E	A
185	184	-6.298999786376953	16.027999877929688	20.81800079345703	-6.298999786376953	16.027999877929688	20.81800079345703	G	G
186	185	-9.37600040435791	18.20400047302246	21.243999481201172	-11.531857081821986	21.676285607474192	20.515571321759904	Y	P
187	186	-12.12399959564209	17.79599952697754	23.86199951171875	-14.281000137329102	20.999000549316406	23.32900047302246	Q	P
188	187	-11.279999732971191	14.133000373840332	24.07200050354004	-10.97599983215332	13.720000267028809	22.611000061035156	S	P
189	188	-9.109000205993652	11.430999755859375	25.576000213623047	-9.788999557495117	10.631999969482422	26.70199966430664	S	P
190	189	-6.859000205993652	8.835000038146973	23.985000610351562	-6.859000205993652	8.835000038146973	23.985000610351562	G	G
191	190	-3.3940000534057617	7.563000202178955	23.385000228881836	-3.1019999980926514	6.317999839782715	24.222999572753906	S	P
192	191	-0.7689999938011169	7.252999782562256	20.711000442504883	-0.722000002861023	8.550999641418457	19.898000717163086	A	N
193	192	2.4800000190734863	5.335999965667725	20.42300033569336	3.8559999465942383	3.197999954223633	20.780000686645508	N	P
194	193	4.815000057220459	7.017000198364258	17.920000076293945	5.083000183105469	8.531999588012695	17.81800079345703	V	N
195	194	7.215000152587891	4.105999946594238	17.4060001373291	4.850000074931553	1.9938571282795496	14.655428341456822	Y	P
196	195	8.79800033569336	5.5279998779296875	14.265999794006348	8.699999809265137	4.531000137329102	13.123000144958496	S	P
197	196	9.62600040435791	9.138999938964844	13.375	9.059000015258789	11.496000289916992	14.204000473022461	N	P
198	197	12.579999923706055	10.204000473022461	11.256999969482422	14.77299976348877	9.746000289916992	10.114999771118164	T	P
199	198	12.82800006866455	13.64799976348877	9.798999786376953	12.967000007629395	16.259000778198242	9.859000205993652	L	N
200	199	15.163999557495117	13.899999618530273	6.801000118255615	15.9350004196167	8.288000106811523	6.447000026702881	R	B
201	200	16.319000244140625	17.26300048828125	5.480999946594238	15.996999740600586	19.42300033569336	8.663000106811523	I	N
202	201	17.950000762939453	16.951000213623047	2.053999900817871	18.599000930786133	19.3439998626709	1.5839999914169312	N	P
203	202	17.856000900268555	13.175000190734863	2.558000087738037	17.856000900268555	13.175000190734863	2.558000087738037	G	G
204	203	19.79599952697754	13.338000297546387	5.849999904632568	22.045000076293945	13.956999778747559	4.894000053405762	N	P
205	204	18.172000885009766	12.208999633789062	9.100000381469727	19.222999572753906	10.074999809265137	8.609999656677246	P	N
206	205	18.10099983215332	14.550000190734863	12.098999977111816	16.770999908447266	16.384000778198242	13.418000221252441	L	N
207	206	20.700000762939453	13.994999885559082	14.847000122070312	21.908000946044922	13.258000373840332	14.25	S	P
