Nr	Nidx	CaX	CaY	CaZ	PosX	PosY	PosZ	Let	Type
1	1	5.998000144958496	-4.686999797821045	15.274999618530273	4.5320000648498535	-4.453000068664551	15.647000312805176	A	N
2	2	7.485000133514404	-1.6679999828338623	13.501999855041504	9.065999984741211	-3.2320001125335693	11.817000389099121	C	P
3	3	6.0229997634887695	1.7760000228881836	14.013999938964844	5.881999969482422	2.1470000743865967	16.448999404907227	D	A
4	4	7.716000080108643	2.7820000648498535	10.706999778747559	6.946285656520298	6.552428586142404	12.178428649902344	Y	P
5	5	9.128000259399414	0.47699999809265137	8.010000228881836	8.800000190734863	-1.7350000143051147	6.504000186920166	T	P
6	6	11.571000099182129	1.937999963760376	5.466000080108643	11.95199966430664	4.310999870300293	6.989999771118164	C	P
7	7	12.388999938964844	-0.7870000004768372	2.9230000972747803	12.388999938964844	-0.7870000004768372	2.9230000972747803	G	G
8	8	13.36299991607666	-3.5439999103546143	5.241000175476074	14.098999977111816	-4.796999931335449	4.800000190734863	S	P
9	9	14.420999526977539	-1.3289999961853027	8.164999961853027	16.577999114990234	-0.296999990940094	7.421999931335449	N	P
10	10	12.131999969482422	-1.3600000143051147	11.182000160217285	10.677000045776367	-2.9590001106262207	13.027999877929688	C	P
11	11	11.85099983215332	1.5750000476837158	13.567000389099121	14.700857298714775	3.0842857360839844	10.959714344569615	Y	P
12	12	9.95300006866455	2.111999988555908	16.75200080871582	10.369000434875488	1.5269999504089355	18.1299991607666	S	P
13	13	8.526000022888184	5.479000091552734	17.92300033569336	7.258999824523926	5.609000205993652	18.759000778198242	S	P
14	14	11.467000007629395	5.511000156402588	20.48699951171875	11.947999954223633	4.571000099182129	21.61400032043457	S	P
15	15	13.979999542236328	5.289000034332275	17.617000579833984	14.428999900817871	2.8289999961853027	16.95800018310547	D	A
16	16	12.329999923706055	8.27400016784668	15.850000381469727	10.946000099182129	8.0600004196167	15.21399974822998	V	N
17	17	12.027000427246094	10.420000076293945	19.040000915527344	11.298999786376953	9.95199966430664	20.336000442504883	S	P
18	18	15.781999588012695	9.788999557495117	19.785999298095703	17.976999282836914	8.494000434875488	20.222000122070312	T	P
19	19	16.864999771118164	10.734999656677246	16.18400001525879	16.527000427246094	9.961000442504883	14.91100025177002	A	N
20	20	14.654000282287598	13.800000190734863	16.100000381469727	11.041000366210938	15.178000450134277	16.332000732421875	Q	P
21	21	15.975000381469727	15.105999946594238	19.39900016784668	15.868000030517578	14.38599967956543	20.731000900268555	A	N
22	22	19.573999404907227	14.77400016784668	18.290000915527344	20.195999145507812	13.45199966430664	17.91699981689453	A	N
23	23	18.851999282836914	16.459999084472656	14.847999572753906	18.851999282836914	16.459999084472656	14.847999572753906	G	G
24	24	16.788000106811523	19.29400062561035	16.444000244140625	14.252428599766322	22.30928557259696	16.983428410121373	Y	P
25	25	19.586999893188477	20.086000442504883	18.976999282836914	20.304000854492188	23.07900047302246	22.184999465942383	K	B
26	26	22.10099983215332	20.44700050354004	16.094999313354492	23.749000549316406	18.59000015258789	15.340999603271484	L	N
27	27	19.57699966430664	22.82200050354004	14.32699966430664	16.92480010986328	24.4007999420166	12.75979995727539	H	B
28	28	19.393999099731445	24.992000579833984	17.472999572753906	17.069000244140625	23.740999221801758	20.332000732421875	E	A
29	29	23.222999572753906	24.97100067138672	17.749000549316406	23.618000030517578	23.444000244140625	19.72800064086914	D	A
30	30	23.67099952697754	25.95599937438965	14.116000175476074	23.67099952697754	25.95599937438965	14.116000175476074	G	G
31	31	25.822999954223633	22.81800079345703	13.62600040435791	28.583999633789062	22.98699951171875	15.340999603271484	E	A
32	32	25.950000762939453	19.98900032043457	11.166999816894531	24.714000701904297	21.35300064086914	9.354999542236328	T	P
33	33	27.684999465942383	16.593000411987305	10.911999702453613	27.48699951171875	15.616000175476074	12.069999694824219	V	N
34	34	28.621999740600586	14.402999877929688	8.026000022888184	28.621999740600586	14.402999877929688	8.026000022888184	G	G
35	35	30.006000518798828	15.13700008392334	4.559000015258789	30.472000122070312	14.029999732971191	3.5950000286102295	S	P
36	36	26.524999618530273	16.083999633789062	3.3929998874664307	26.33799934387207	14.626999855041504	1.3509999513626099	N	P
37	37	25.96500015258789	18.36199951171875	6.385000228881836	26.076000213623047	19.740999221801758	5.551000118255615	S	P
38	38	22.981000900268555	17.1560001373291	8.246000289916992	22.224000113351003	14.158857209341866	5.49957139151437	Y	P
39	39	20.496000289916992	18.33799934387207	9.366000175476074	20.226999282836914	19.347000122070312	11.550999641418457	P	N
40	40	19.659000396728516	20.45800018310547	6.314000129699707	20.694400024414062	18.09799995422363	3.7709999561309813	H	B
41	41	16.520000457763672	21.781999588012695	4.699999809265137	13.098999977111816	25.878999710083008	3.622999906539917	K	B
42	42	14.050000190734863	19.35700035095215	3.184999942779541	11.208142825535365	16.5091427394322	2.320285746029445	Y	P
43	43	11.944999694824219	20.618999481201172	0.2070000022649765	13.458000183105469	22.440000534057617	-0.4580000042915344	N	P
44	44	8.621999740600586	18.777000427246094	-0.1979999989271164	6.519000053405762	17.777000427246094	1.059999942779541	N	P
45	45	8.510000228881836	18.5	-3.9690001010894775	12.201571328299385	16.77071394239153	-4.819571495056152	Y	P
46	46	7.057000160217285	14.972999572753906	-3.7660000324249268	9.015999794006348	12.699000358581543	-4.705999851226807	E	A
47	47	4.025000095367432	16.461999893188477	-2.003999948501587	4.025000095367432	16.461999893188477	-2.003999948501587	G	G
48	48	3.8340001106262207	14.152999877929688	1.0369999408721924	7.025333325068156	12.05733331044515	0.4438333287835121	F	N
49	49	0.7850000262260437	15.072999954223633	3.052999973297119	-1.7910000085830688	15.055999755859375	3.4000000953674316	D	A
50	50	2.4739999771118164	16.31100082397461	6.176000118255615	6.1964999834696455	15.462666511535645	5.28766671816508	F	N
51	51	0.13699999451637268	17.861000061035156	8.741000175476074	-0.6579999923706055	16.979999542236328	9.689000129699707	S	P
52	52	2.8350000381469727	20.200000762939453	10.274999618530273	3.7009999752044678	19.2189998626709	11.093000411987305	V	N
53	53	4.079999923706055	23.323999404907227	8.496000289916992	3.7179999351501465	24.777000427246094	8.878000259399414	S	P
54	54	7.520999908447266	23.981000900268555	6.914000034332275	7.624000072479248	24.054000854492188	5.414999961853027	S	P
55	55	10.321999549865723	24.881000518798828	6.934000015258789	11.010000228881836	27.069000244140625	7.7270002365112305	P	N
56	56	11.345000267028809	21.19099998474121	7.150000095367432	7.378142833709717	20.448285784040177	5.8922856875828336	Y	P
57	57	14.715999603271484	19.639999389648438	7.859000205993652	15.202000073024205	23.47342872619629	9.173428535461426	Y	P
58	58	15.89900016784668	16.13800048828125	7.168000221252441	17.51099967956543	15.222000122070312	3.6989998817443848	E	A
59	59	18.216999053955078	14.16100025177002	9.498000144958496	20.52144432067871	13.903999964396158	12.833666589525011	T	N
60	60	19.36400032043457	10.506999969482422	9.175000190734863	21.461000442504883	11.482999801635742	8.331000328063965	P	N
61	61	17.825000762939453	7.770999908447266	11.239999771118164	14.682999610900879	6.635000228881836	13.145000457763672	I	N
62	62	20.149999618530273	4.664999961853027	11.378999710083008	22.356000900268555	6.040999889373779	11.501999855041504	L	N
63	63	18.968000411987305	1.1130000352859497	11.241000175476074	19.14900016784668	0.15399999916553497	10.067999839782715	S	P
64	64	21.38599967956543	0.25	14.010000228881836	22.825000762939453	0.6129999756813049	14.038000106811523	S	P
65	65	19.64299964904785	2.4679999351501465	16.5310001373291	19.64299964904785	2.4679999351501465	16.5310001373291	G	G
66	66	22.73900032043457	4.656000137329102	16.96500015258789	24.798999786376953	3.194999933242798	16.944000244140625	D	A
67	67	22.36400032043457	8.428000450134277	16.56800079345703	22.33300018310547	9.48799991607666	17.711000442504883	V	N
68	68	24.03499984741211	9.72700023651123	13.418999671936035	25.296285356794083	11.034142766680036	9.661142826080322	Y	P
69	69	27.429000854492188	11.258000373840332	14.045000076293945	27.961999893188477	10.677000045776367	15.348999977111816	S	P
70	70	29.135000228881836	11.24899959564209	10.654000282287598	29.135000228881836	11.24899959564209	10.654000282287598	G	G
71	71	30.003999710083008	8.515000343322754	8.20300006866455	30.003999710083008	8.515000343322754	8.20300006866455	G	G
72	72	27.422000885009766	7.0229997634887695	5.947999954223633	27.547000885009766	5.539999961853027	5.416999816894531	S	P
73	73	23.93899917602539	8.335000038146973	6.583000183105469	24.180999755859375	9.598999977111816	4.611000061035156	P	N
74	74	22.131999969482422	5.395999908447266	5.031000137329102	22.131999969482422	5.395999908447266	5.031000137329102	G	G
75	75	18.927000045776367	6.044000148773193	3.115999937057495	18.4060001373291	4.7769999504089355	2.384999990463257	A	N
76	76	16.363000869750977	6.76200008392334	5.881999969482422	15.88599967956543	4.308000087738037	6.263999938964844	D	A
77	77	15.5	10.154999732971191	7.3460001945495605	19.732999801635742	10.255000114440918	4.432000160217285	R	B
78	78	13.260000228881836	11.805999755859375	9.965999603271484	13.569999694824219	11.833999633789062	11.494999885559082	V	N
79	79	11.840999603271484	15.13599967956543	8.817000389099121	10.967000007629395	15.159000396728516	7.5879998207092285	V	N
80	80	11.012999534606934	17.690000534057617	11.531000137329102	14.642333189646402	18.268999735514324	12.705499966939291	F	N
81	81	10.032999992370605	21.37299919128418	11.288000106811523	7.77400016784668	21.874000549316406	12.241999626159668	N	P
82	82	11.21500015258789	24.604999542236328	12.777000427246094	13.239999771118164	26.922000885009766	11.88599967956543	E	A
83	83	9.036999702453613	24.006999969482422	15.892000198364258	7.425000190734863	25.85700035095215	15.404000282287598	N	P
84	84	10.50100040435791	20.538999557495117	16.51099967956543	11.942999839782715	19.514999389648438	18.465999603271484	N	P
85	85	7.340000152587891	18.76099967956543	15.342000007629395	4.486000061035156	21.27899932861328	15.196999549865723	Q	P
86	86	7.755000114440918	15.491999626159668	13.559000015258789	7.6519999504089355	12.829000473022461	13.288999557495117	L	N
87	87	6.554999828338623	15.694999694824219	9.944000244140625	7.201000213623047	16.566999435424805	8.866000175476074	A	N
88	88	7.320000171661377	12.097999572753906	8.83899974822998	7.320000171661377	12.097999572753906	8.83899974822998	G	G
89	89	9.798999786376953	9.279000282287598	8.211999893188477	9.854999542236328	8.119999885559082	9.246999740600586	V	N
90	90	11.015999794006348	8.949000358581543	4.61899995803833	12.039999961853027	12.614999771118164	3.453000068664551	I	N
91	91	13.630000114440918	7.046999931335449	2.6740000247955322	12.187999725341797	4.876999855041504	2.2750000953674316	T	P
92	92	15.58899974822998	7.004000186920166	-0.5239999890327454	17.48660011291504	9.967599868774414	-0.36440000832080843	H	B
93	93	15.095000267028809	3.1740000247955322	-0.5879999995231628	14.756999969482422	0.7049999833106995	0.27799999713897705	T	P
94	94	12.899999618530273	2.246999979019165	-3.553999900817871	12.899999618530273	2.246999979019165	-3.553999900817871	G	G
95	95	13.031999588012695	5.761000156402588	-5.124000072479248	12.776000022888184	6.968999862670898	-4.176000118255615	A	N
96	96	15.343999862670898	6.8520002365112305	-7.9679999351501465	14.980999946594238	6.964000225067139	-9.442999839782715	S	P
97	97	18.18000030517578	9.24899959564209	-7.4730000495910645	18.18000030517578	9.24899959564209	-7.4730000495910645	G	G
98	98	17.773000717163086	11.753000259399414	-4.672999858856201	19.007999420166016	13.855999946594238	-5.679999828338623	N	P
99	99	13.935999870300293	11.253000259399414	-4.553999900817871	13.326000213623047	11.78499984741211	-6.934000015258789	N	P
100	100	12.0649995803833	9.821000099182129	-1.6019999980926514	14.229166666666666	12.096333344777426	0.7109999892612299	F	N
101	101	9.130000114440918	7.617000102996826	-0.7129999995231628	8.975000381469727	6.176000118255615	-1.1759999990463257	V	N
102	102	7.501999855041504	7.579999923706055	2.7290000915527344	4.330999851226807	9.793000221252441	2.8519999980926514	E	A
103	103	8.17300033569336	4.822999954223633	5.2210001945495605	10.725000381469727	5.326000213623047	5.797999858856201	C	P
104	104	4.964000225067139	2.8959999084472656	6.004000186920166	4.39300012588501	2.50600004196167	3.50600004196167	T	P
