185
33.605	43.008	21.659
36.471	43.168	24.125
36.725	40.233	26.477
37.264	41.188	30.109
37.669	37.814	31.729
40.501	35.27	31.677
39.664	31.763	32.895
42.614	29.549	33.788
41.747	26.71	36.124
43.458	23.359	36.604
43.068	20.669	39.247
46.88	20.537	39.289
47.483	17.434	37.219
50.066	17.359	34.463
51.137	20.311	32.366
48.815	23.124	31.29
50.698	25.94	29.564
48.026	28.608	29.107
48.945	31.876	27.417
46.846	35.012	27.872
47.443	36.653	24.482
46.565	40.073	23.065
42.921	41.053	22.799
40.677	38.015	22.812
43.403	35.561	21.831
44.701	32.733	24.005
46.525	29.451	23.525
46.996	26.283	25.523
49.477	23.412	25.28
48.593	20.572	27.616
50.09	17.225	28.479
48.921	14.294	30.66
46.506	16.412	32.611
43.796	15.997	35.182
40.855	18.353	34.442
41.378	21.971	33.361
39.395	24.776	31.749
41.022	27.728	30.005
39.337	30.478	28.03
38.492	34.112	27.424
35.18	35.858	27.663
33.101	37.988	29.979
32.924	38.414	33.749
29.131	38.466	33.67
27.373	36.154	31.277
24.232	37.11	29.41
21.496	34.983	27.796
21.467	37.572	24.952
25.156	37.506	24.026
26.318	36.431	20.574
29.787	34.913	20.877
32.261	34.993	17.992
35.413	32.93	17.815
38.007	31.531	15.461
40.024	28.527	16.603
43.237	28.828	14.596
44.472	25.578	16.144
42.259	22.794	17.519
44.452	19.746	18.043
43.35	17.578	20.962
45.155	14.223	21.293
42.47	12.729	23.488
39.525	14.036	25.517
39.109	17.791	25.048
36.205	20.174	24.253
36.082	23.442	22.281
33.022	24.911	23.96
31.142	27.951	25.227
31.316	27.528	28.996
29.78	29.295	31.932
27.946	29.213	35.224
24.911	30.589	36.964
24.154	30.54	40.692
20.682	30.197	42.262
20.634	27.494	41.193
24.204	26.398	40.548
24.449	25.287	36.907
27.506	24.631	34.705
26.545	24.983	31.034
28.108	24.127	27.688
27.628	24.707	23.956
30.111	22.237	22.47
31.231	22.909	18.879
34.077	20.416	18.647
35.782	17.731	20.693
38.608	15.223	20.604
38.171	11.5	21.009
35.029	11.65	23.156
31.707	13.287	22.286
29.987	14.331	25.526
26.455	12.991	25.983
23.909	12.671	28.793
20.134	12.435	29.182
18.694	13.365	25.779
16.153	16.207	25.799
15.806	17.235	22.157
17.656	19.255	19.497
18.182	22.869	18.498
19.387	24.225	15.161
21.574	27.296	15.493
24.349	28.998	13.53
24.321	26.432	10.736
24.515	23.385	12.969
22.205	20.951	14.761
22.874	20.37	18.445
21.632	17.62	20.746
20.455	18.862	24.149
21.508	16.883	27.23
21.464	17.139	30.997
23.872	15.481	33.399
24.609	15.775	37.109
27.998	16.011	38.821
28.369	14.521	42.306
30.849	15.844	44.894
32.735	17.749	42.204
34.581	21.085	42.282
32.343	24.018	41.419
32.835	27.699	40.728
32.665	28.478	44.48
35.541	26.155	45.333
35.169	23.05	47.511
32.882	20.255	46.247
29.16	19.877	45.681
26.456	18.292	43.532
25.169	20.312	40.564
23.427	20.017	37.212
25.079	20.57	33.832
23.19	21.731	30.722
24.629	20.83	27.316
24.102	21.648	23.654
26.498	19.332	21.758
26.879	19.677	17.982
25.941	16.461	16.143
29.085	16.668	13.987
32.278	18.63	14.724
32.231	22.226	13.551
35.185	22.867	11.198
37.8	25.106	12.816
39.959	27.894	11.414
36.949	29.97	10.38
34.993	32.807	11.984
32.256	31.037	13.953
29.242	32.363	15.781
27.304	30.986	18.727
23.924	32.744	19.1
23.491	31.852	22.752
19.918	33.072	22.955
18.827	30.18	20.665
20.266	27.685	23.156
18.811	29.389	26.227
15.377	29.387	24.586
15.562	25.759	23.458
16.726	24.743	26.929
13.832	26.648	28.519
11.382	24.731	26.301
12.622	21.473	27.856
12.389	22.725	31.435
16.116	23.55	31.662
16.052	26.936	33.35
19.223	28.816	34.16
19.932	30.459	37.518
19.238	34.119	38.228
22.786	35.101	39.206
25.115	35.031	36.198
28.801	34.235	36.609
31.481	34.218	33.881
30.89	33.137	30.271
33.864	32.123	28.103
34.824	30.336	24.875
36.931	27.587	26.368
39.232	24.675	25.89
38.475	21.975	28.515
40.504	18.793	28.818
40.395	15.627	30.875
43.367	13.253	31.193
44.69	14.125	27.758
47.229	16.165	25.777
46.879	18.632	22.933
47.027	22.212	21.692
44.568	24.983	20.905
44.752	28.616	19.849
41.481	30.538	19.933
40.451	34.165	19.411
37.184	35.353	21.007
35.144	38.526	20.39
