0.0 3.84152 6.443887 10.193761 13.442049 15.778037 18.731623 21.045789 22.023901 21.500246 17.922701 15.042224 11.222215 11.345733 11.725493 15.357943 16.377737 14.958638 11.298486 11.71353 10.545034 13.724156 13.278272 15.100963 18.858318 18.484215 18.665372 18.706341 22.135894 22.125136 25.293992 28.418738 30.798159 29.28894 27.135586 23.556565 20.396157 21.151329 18.981806 21.557244 21.880243 23.457802 21.615751 20.1817 19.138642 15.561788 14.602792 15.399227 13.836523 15.978187 19.104992 
3.84152 0.0 3.826442 7.031703 10.399401 13.264544 16.072687 18.795842 20.066827 20.170881 16.685873 14.333745 10.750845 9.59194 9.331175 13.089286 14.304969 12.384551 8.944935 10.371195 9.52704 12.908805 13.554394 15.809576 19.345757 18.254641 17.746046 17.040202 20.154434 19.594941 22.616118 25.689596 27.902166 26.213439 24.351484 20.767638 17.844117 19.179806 17.600595 20.6497 21.614597 23.326799 21.578986 19.723265 18.635259 15.240892 13.486427 14.487244 12.758706 14.070883 17.094037 
6.443887 3.826442 0.0 3.83715 7.077343 9.544843 12.432205 15.004376 16.297766 16.474913 12.988219 10.959126 7.657825 6.003944 6.469409 10.294523 12.319074 11.029283 8.297996 9.240549 7.426293 10.219594 11.429434 13.510413 16.796239 15.435038 14.424537 13.600391 16.640552 16.103303 19.325705 22.26828 24.705709 23.336586 21.437711 18.026577 14.866129 16.242293 14.704822 17.792112 18.905223 20.367988 18.484948 16.321285 15.178458 11.978247 9.97627 11.474792 10.389047 11.528388 14.065628 
10.193761 7.031703 3.83715 0.0 3.845544 6.730696 9.170187 12.221745 13.989608 14.962284 11.766772 10.827519 8.560706 5.532671 5.654804 8.969436 11.613101 10.27638 8.733529 10.22541 8.605621 10.654684 12.882419 14.916216 17.674549 15.724558 13.821621 12.167366 14.588153 13.346698 16.49254 19.196243 21.592965 20.251444 18.743789 15.532659 12.617866 14.703025 13.946998 17.328926 19.027338 20.360933 18.522115 15.87764 14.622763 11.96211 9.119195 10.775686 9.896281 9.799077 11.761472 
13.442049 10.399401 7.077343 3.845544 0.0 3.847241 6.655207 9.478936 10.937144 12.487712 9.950223 9.806562 8.840104 5.083158 4.444219 6.282757 9.42944 8.76203 8.718194 9.853262 8.457994 9.496351 12.584991 14.727564 16.803466 14.208643 11.727463 9.280641 11.177649 9.608139 12.653888 15.425265 17.783605 16.516339 14.957667 11.874976 8.990105 11.420918 11.324575 14.860252 17.102175 18.512035 17.070324 14.402598 13.697024 11.950689 9.235957 11.741607 11.890431 11.205078 11.958922 
15.778037 13.264544 9.544843 6.730696 3.847241 0.0 3.854399 5.799748 7.331238 8.981024 6.679045 7.75583 8.232688 5.318422 6.503604 6.981431 10.711366 11.282758 11.721686 11.837114 9.657269 9.170557 12.234094 13.588999 15.040508 12.466054 9.322939 6.966528 8.49706 7.247157 10.858411 13.204517 16.12874 15.682777 14.013929 11.578083 8.402084 10.361052 10.169852 13.210054 15.311998 16.089273 14.412056 11.382077 10.613817 9.672076 7.144778 10.127909 11.42708 10.73977 10.371642 
18.731623 16.072687 12.432205 9.170187 6.655207 3.854399 0.0 3.872049 7.114446 9.683395 8.148938 10.469072 11.42113 8.959537 10.218283 10.395696 14.01534 14.437444 15.159421 15.609809 13.503717 12.816403 15.75046 16.608221 17.701896 15.277802 11.732571 9.378144 9.57756 7.474808 10.766763 12.054246 15.153117 15.207213 14.34215 12.707811 10.29052 12.628373 13.073511 15.769146 17.905562 18.123285 16.232333 12.789143 11.436081 11.103061 8.164458 10.160785 11.51959 9.798169 8.254728 
21.045789 18.795842 15.004376 12.221745 9.478936 5.799748 3.872049 0.0 3.823913 6.625291 6.419411 9.76577 11.948096 10.338667 11.993713 11.292228 14.852521 16.178569 17.233085 16.913572 14.558294 12.837981 15.577106 15.85533 16.138428 13.762336 9.964171 8.044498 7.418887 6.279363 9.586419 10.348426 13.91424 14.842579 13.657362 12.7285 10.303573 11.73686 12.100359 14.020872 15.962637 15.629999 13.835735 10.427996 9.547697 10.533476 8.705355 11.119785 13.508483 12.318855 10.05406 
22.023901 20.066827 16.297766 13.989608 10.937144 7.331238 7.114446 3.823913 0.0 3.802901 5.540039 8.8635 11.88622 10.755588 12.166567 10.517704 13.688341 15.845136 17.26584 16.237823 14.005874 11.477418 14.165909 14.365438 13.897642 11.222972 7.396183 5.643095 4.249791 5.006597 8.100265 9.217808 12.828979 14.064584 12.1265 11.472644 8.948439 9.233981 9.509081 10.777906 12.789262 12.45525 11.296916 8.513054 9.080141 10.914863 10.287229 13.386854 16.166596 15.579754 13.567013 
21.500246 20.170881 16.474913 14.962284 12.487712 8.981024 9.683395 6.625291 3.802901 0.0 3.830973 6.858973 10.516681 10.647586 12.7276 11.35996 14.354434 16.934193 17.870185 16.113013 13.410041 10.277403 12.115273 11.534011 10.573634 8.452478 4.966758 5.503135 5.718017 8.162092 11.12854 12.457964 15.961612 17.253944 14.819206 13.938992 10.961885 10.044428 8.928053 9.174918 10.151723 9.137821 7.565288 4.870452 6.379584 8.92723 9.667018 12.968416 16.210505 16.481375 14.768235 
17.922701 16.685873 12.988219 11.766772 9.950223 6.679045 8.148938 6.419411 5.540039 3.830973 0.0 3.828383 7.070077 7.424655 10.227379 9.974459 13.343233 15.3739 15.593283 14.032165 10.870016 8.319735 10.027016 9.590641 9.917389 8.144792 4.912109 5.563397 7.568761 9.1183 12.730461 14.575091 18.040459 18.715754 16.352308 14.66476 11.176384 10.869599 9.132529 10.332205 11.083262 10.562674 8.16951 4.763656 4.622848 5.648555 6.072941 9.68394 12.748327 13.41369 12.357101 
15.042224 14.333745 10.959126 10.827519 9.806562 7.75583 10.469072 9.76577 8.8635 6.858973 3.828383 0.0 3.831798 5.589092 8.624955 9.058458 11.989333 13.984545 13.525551 11.4451 7.934873 5.434604 6.39018 6.18976 7.574899 6.136074 4.507274 6.215669 9.516522 11.321334 14.850855 17.32001 20.510034 20.669205 17.936349 15.636323 11.855655 11.106988 8.341415 9.644898 9.823364 10.017102 7.716697 5.503932 5.930291 5.133069 6.419857 10.164209 12.742061 14.205902 14.154448 
11.222215 10.750845 7.657825 8.560706 8.840104 8.232688 11.42113 11.948096 11.88622 10.516681 7.070077 3.831798 0.0 3.838784 7.142084 9.10216 11.764972 12.895971 11.450471 9.690664 5.901476 5.393354 5.744343 6.520828 9.446917 8.533877 7.881956 8.819912 12.371694 13.486933 17.050049 19.815411 22.811944 22.433546 19.818265 16.982651 13.181022 12.975254 10.221527 12.159608 12.34427 13.111347 10.912323 9.062459 8.62434 6.011415 6.394182 9.588604 11.160454 13.092642 14.08387 
11.345733 9.59194 6.003944 5.532671 5.083158 5.318422 8.959537 10.338667 10.755588 10.647586 7.424655 5.589092 3.838784 0.0 3.821721 6.259148 9.363024 9.935605 8.914964 8.146413 5.048158 5.55085 7.879984 9.766478 12.225539 10.20919 8.55409 7.717596 10.938558 11.109844 14.57536 17.511465 20.26305 19.485202 17.139898 14.080196 10.428649 11.17876 9.383976 12.316666 13.620933 14.891672 13.17575 10.933372 10.510696 8.320629 6.944219 10.202297 11.17373 12.073768 13.03719 
11.725493 9.331175 6.469409 5.654804 4.444219 6.503604 10.218283 11.993713 12.166567 12.7276 10.227379 8.624955 7.142084 3.821721 0.0 3.835011 6.261069 6.145553 5.50643 5.5226 4.278259 6.081489 9.136074 12.035762 14.302291 11.667453 10.221562 8.370954 11.220295 10.874972 13.708845 17.072223 19.250932 17.811323 15.448067 11.955352 8.675396 9.909272 8.881176 12.42691 14.451614 16.511259 15.574481 13.768933 13.935276 12.089212 10.565163 13.65491 14.098799 14.441084 15.509696 
15.357943 13.089286 10.294523 8.969436 6.282757 6.981431 10.395696 11.292228 10.517704 11.35996 9.974459 9.058458 9.10216 6.259148 3.835011 0.0 3.772535 5.576218 7.127577 6.368392 6.053349 5.949681 9.688669 12.597472 13.913877 10.561779 8.82658 6.136757 8.427716 8.342232 10.649402 14.271563 16.219472 14.81688 12.054666 8.602378 5.208021 6.180654 5.951325 9.764474 12.530915 14.898241 14.703513 13.258346 14.261902 13.414033 12.309323 15.82037 16.887024 16.900174 17.211001 
16.377737 14.304969 12.319074 11.613101 9.42944 10.711366 14.01534 14.852521 13.688341 14.354434 13.343233 11.989333 11.764972 9.363024 6.261069 3.772535 0.0 3.808196 6.325921 5.300183 7.077263 7.542952 10.748751 14.163928 15.343011 11.963966 11.170862 8.867448 10.788472 10.939999 12.263545 16.084146 17.352602 15.436601 12.444351 8.843513 6.569924 6.733112 6.835306 10.280734 13.156324 16.216106 16.749809 16.011089 17.488951 16.654121 15.852238 19.351314 20.222662 20.344892 20.876146 
14.958638 12.384551 11.029283 10.27638 8.76203 11.282758 14.437444 16.178569 15.845136 16.934193 15.3739 13.984545 12.895971 9.935605 6.145553 5.576218 3.808196 0.0 3.825501 5.408514 7.936344 9.85984 12.864724 16.415081 18.205772 15.090405 14.12299 11.644869 13.523813 12.779228 14.118798 17.819317 18.870731 16.440633 14.111582 10.313254 8.610201 10.034796 10.406792 13.990409 16.720024 19.649997 19.769991 18.614835 19.482368 18.059306 16.62055 19.677681 19.825007 19.699587 20.717835 
11.298486 8.944935 8.297996 8.733529 8.718194 11.721686 15.159421 17.233085 17.26584 17.870185 15.593283 13.525551 11.450471 8.914964 5.50643 7.127577 6.325921 3.825501 0.0 3.849165 6.31522 9.477639 11.711916 15.283428 17.757422 15.244353 14.72191 12.950522 15.553682 15.065857 17.057212 20.685515 22.124884 19.89329 17.594273 13.79322 11.507275 12.643026 11.97463 15.40475 17.463124 20.240013 19.890953 18.700437 19.159222 17.070123 15.683345 18.403821 18.120208 18.503672 20.159107 
11.71353 10.371195 9.240549 10.22541 9.853262 11.837114 15.609809 16.913572 16.237823 16.113013 14.032165 11.4451 9.690664 8.146413 5.5226 6.368392 5.300183 5.408514 3.849165 0.0 3.804612 6.571849 8.39387 12.146525 14.426875 12.031979 12.225824 11.192441 14.218781 14.688445 16.831113 20.546744 22.23326 20.436645 17.575461 13.932216 11.156188 11.098735 9.486833 12.457286 14.098543 17.036575 16.960123 16.344851 17.347252 15.53958 14.998894 18.134841 18.513767 19.427752 20.81449 
10.545034 9.52704 7.426293 8.605621 8.457994 9.657269 13.503717 14.558294 14.005874 13.410041 10.870016 7.934873 5.901476 5.048158 4.278259 6.053349 7.077263 7.936344 6.31522 3.804612 0.0 3.813563 5.563597 8.98788 11.625335 9.569288 9.60133 9.235223 12.746958 13.56445 16.377662 19.842006 22.098709 20.864367 17.997479 14.583931 11.153618 10.934813 8.537674 11.310986 12.431515 14.753908 14.009795 13.086977 13.783404 11.795755 11.52671 14.729792 15.467507 16.748628 18.038382 
13.724156 12.908805 10.219594 10.654684 9.496351 9.170557 12.816403 12.837981 11.477418 10.277403 8.319735 5.434604 5.393354 5.55085 6.081489 5.949681 7.542952 9.85984 9.477639 6.571849 3.813563 0.0 3.813129 6.753327 8.493504 5.891575 5.964695 6.359966 10.045668 11.765822 14.62435 17.914901 20.413991 19.748837 16.596953 13.656139 10.002228 8.804801 5.618813 7.862348 8.838726 11.016197 10.461121 9.841851 11.291928 10.235925 10.769709 14.443122 16.093971 17.368225 17.920515 
13.278272 13.554394 11.429434 12.882419 12.584991 12.234094 15.75046 15.577106 14.165909 12.115273 10.027016 6.39018 5.744343 7.879984 9.136074 9.688669 10.748751 12.864724 11.711916 8.39387 5.563597 3.813129 0.0 3.812633 6.433056 5.614635 7.55742 9.441774 13.108922 15.251025 18.159396 21.305984 23.919466 23.432236 20.177623 17.349361 13.741802 12.107904 8.48201 9.351916 8.723569 10.565743 9.798349 10.058435 11.558604 10.238457 11.796542 15.112706 16.827878 18.823661 19.656909 
15.100963 15.809576 13.510413 14.916216 14.727564 13.588999 16.608221 15.85533 14.365438 11.534011 9.590641 6.18976 6.520828 9.766478 12.035762 12.597472 14.163928 16.415081 15.283428 12.146525 8.98788 6.753327 3.812633 0.0 3.816569 5.310098 7.633366 10.657827 14.075908 16.606885 19.704686 22.42478 25.366601 25.404582 22.197189 19.760594 16.077251 14.244127 10.523791 10.381193 8.580518 9.032573 7.393189 8.093398 9.567118 8.664926 11.32724 14.330592 16.594526 18.968673 19.510033 
18.858318 19.345757 16.796239 17.674549 16.803466 15.040508 17.701896 16.138428 13.897642 10.573634 9.917389 7.574899 9.446917 12.225539 14.302291 13.913877 15.343011 18.205772 17.757422 14.426875 11.625335 8.493504 6.433056 3.816569 0.0 3.859081 6.921846 10.568197 13.355502 16.50425 19.238278 21.669485 24.587905 25.058718 21.709798 19.799932 16.354162 13.865159 10.212326 8.731683 5.929721 5.51145 4.54063 6.92379 9.635189 10.232601 13.233926 16.390462 19.17277 21.275056 21.198262 
18.484215 18.254641 15.435038 15.724558 14.208643 12.466054 15.277802 13.762336 11.222972 8.452478 8.144792 6.136074 8.533877 10.20919 11.667453 10.561779 11.963966 15.090405 15.244353 12.031979 9.569288 5.891575 5.614635 5.310098 3.859081 0.0 3.855826 7.097685 9.927314 13.090332 15.642181 18.307166 21.053184 21.33441 17.927811 15.975888 12.600594 10.007362 6.37274 5.248368 3.88011 5.204209 5.306339 6.597016 9.666527 10.377515 12.495036 16.142346 18.805686 20.328818 20.085237 
18.665372 17.746046 14.424537 13.821621 11.727463 9.322939 11.732571 9.964171 7.396183 4.966758 4.912109 4.507274 7.881956 8.55409 10.221562 8.82658 11.170862 14.12299 14.72191 12.225824 9.60133 5.964695 7.55742 7.633366 6.921846 3.855826 0.0 3.819114 6.581811 9.588475 12.46568 14.937016 17.940459 18.406446 15.292283 13.518527 10.052556 8.138132 5.339162 5.591455 6.329899 6.822146 6.021685 5.088833 7.770662 8.913829 10.246642 14.04695 16.844618 17.789655 17.098945 
18.706341 17.040202 13.600391 12.167366 9.280641 6.966528 9.378144 8.044498 5.643095 5.503135 5.563397 6.215669 8.819912 7.717596 8.370954 6.136757 8.867448 11.644869 12.950522 11.192441 9.235223 6.359966 9.441774 10.657827 10.568197 7.097685 3.819114 0.0 3.767544 6.090961 9.054975 11.913079 14.76228 14.86857 11.877546 9.901835 6.371265 5.32224 4.130059 6.399956 8.883101 10.074534 9.708787 8.100851 9.859347 10.601211 10.563022 14.390051 16.751454 16.952484 16.157573 
22.135894 20.154434 16.640552 14.588153 11.177649 8.49706 9.57756 7.418887 4.249791 5.718017 7.568761 9.516522 12.371694 10.938558 11.220295 8.427716 10.788472 13.523813 15.553682 14.218781 12.746958 10.045668 13.108922 14.075908 13.355502 9.927314 6.581811 3.767544 0.0 3.797721 5.999746 8.418463 11.367431 12.070433 9.250048 8.385629 5.913427 5.216437 6.292084 7.723219 10.65221 11.408897 11.505231 9.881219 11.651868 13.171385 12.851884 16.409114 18.896102 18.488861 17.01679 
22.125136 19.594941 16.103303 13.346698 9.608139 7.247157 7.474808 6.279363 5.006597 8.162092 9.1183 11.321334 13.486933 11.109844 10.874972 8.342232 10.939999 12.779228 15.065857 14.688445 13.56445 11.765822 15.251025 16.606885 16.50425 13.090332 9.588475 6.090961 3.797721 0.0 3.831453 6.43032 9.364114 9.605207 7.615354 6.663808 4.853808 6.66199 8.7638 11.098691 14.22284 15.107835 14.82293 12.5924 13.446727 14.426278 13.075469 16.257033 18.225035 17.112612 15.564788 
25.293992 22.616118 19.325705 16.49254 12.653888 10.858411 10.766763 9.586419 8.100265 11.12854 12.730461 14.850855 17.050049 14.57536 13.708845 10.649402 12.263545 14.118798 17.057212 16.831113 16.377662 14.62435 18.159396 19.704686 19.238278 15.642181 12.46568 9.054975 5.999746 3.831453 0.0 3.832134 5.827677 6.143305 4.191917 5.065929 5.735494 7.381738 10.588277 12.509377 15.97478 17.083133 17.469683 15.699624 16.933069 18.173824 16.901643 20.018888 21.899432 20.531507 18.836702 
28.418738 25.689596 22.26828 19.196243 15.425265 13.204517 12.054246 10.348426 9.217808 12.457964 14.575091 17.32001 19.815411 17.511465 17.072223 14.271563 16.084146 17.819317 20.685515 20.546744 19.842006 17.914901 21.305984 22.42478 21.669485 18.307166 14.937016 11.913079 8.418463 6.43032 3.832134 0.0 3.755298 6.25581 6.234338 8.501683 9.531986 10.935325 13.911663 15.304497 18.491321 18.988682 19.236061 17.293109 18.275628 19.973126 18.657873 21.402571 23.441795 21.729671 19.453481 
30.798159 27.902166 24.705709 21.592965 17.783605 16.12874 15.153117 13.91424 12.828979 15.961612 18.040459 20.510034 22.811944 20.26305 19.250932 16.219472 17.352602 18.870731 22.124884 22.23326 22.098709 20.413991 23.919466 25.366601 24.587905 21.053184 17.940459 14.76228 11.367431 9.364114 5.827677 3.755298 0.0 3.837948 5.408437 8.764095 11.109207 12.585391 16.047915 17.446646 20.865676 21.733446 22.395641 20.72666 21.898585 23.47894 22.074275 24.844319 26.652526 24.778584 22.647772 
29.28894 26.213439 23.336586 20.251444 16.516339 15.682777 15.207213 14.842579 14.064584 17.253944 18.715754 20.669205 22.433546 19.485202 17.811323 14.81688 15.436601 16.440633 19.89329 20.436645 20.864367 19.748837 23.432236 25.404582 25.058718 21.33441 18.406446 14.86857 12.070433 9.605207 6.143305 6.25581 3.837948 0.0 3.837777 6.624809 9.816898 11.932131 15.651319 17.652868 21.335763 22.79401 23.504079 21.840343 22.970397 23.994799 22.307762 25.148837 26.52028 24.614655 22.993647 
27.135586 24.351484 21.437711 18.743789 14.957667 14.013929 14.34215 13.657362 12.1265 14.819206 16.352308 17.936349 19.818265 17.139898 15.448067 12.054666 12.444351 14.111582 17.594273 17.575461 17.997479 16.596953 20.177623 22.197189 21.709798 17.927811 15.292283 11.877546 9.250048 7.615354 4.191917 6.234338 5.408437 3.837777 0.0 3.808216 6.902477 8.322221 12.112038 13.982374 17.715349 19.423102 20.415182 19.125897 20.689055 21.745738 20.490622 23.704233 25.316599 23.916437 22.515126 
23.556565 20.767638 18.026577 15.532659 11.874976 11.578083 12.707811 12.7285 11.472644 13.938992 14.66476 15.636323 16.982651 14.080196 11.955352 8.602378 8.843513 10.313254 13.79322 13.932216 14.583931 13.656139 17.349361 19.760594 19.799932 15.975888 13.518527 9.901835 8.385629 6.663808 5.065929 8.501683 8.764095 6.624809 3.808216 0.0 3.825734 6.196 9.829889 12.500878 16.279057 18.405305 19.162898 17.799727 19.224717 19.691984 18.309447 21.613784 22.935261 21.77431 20.914768 
20.396157 17.844117 14.866129 12.617866 8.990105 8.402084 10.29052 10.303573 8.948439 10.961885 11.176384 11.855655 13.181022 10.428649 8.675396 5.208021 6.569924 8.610201 11.507275 11.156188 11.153618 10.002228 13.741802 16.077251 16.354162 12.600594 10.052556 6.371265 5.913427 4.853808 5.735494 9.531986 11.109207 9.816898 6.902477 3.825734 0.0 3.853741 6.716904 9.915138 13.493265 15.554334 15.918112 14.420167 15.770281 16.0229 14.811097 18.283957 19.751695 19.007944 18.355177 
21.151329 19.179806 16.242293 14.703025 11.420918 10.361052 12.628373 11.73686 9.233981 10.044428 10.869599 11.106988 12.975254 11.17876 9.909272 6.180654 6.733112 10.034796 12.643026 11.098735 10.934813 8.804801 12.107904 14.244127 13.865159 10.007362 8.138132 5.32224 5.216437 6.66199 7.381738 10.935325 12.585391 11.932131 8.322221 6.196 3.853741 0.0 3.834589 6.357839 10.111792 12.489809 13.561681 12.921551 15.121851 15.818611 15.530406 19.30464 21.238042 21.062967 20.373098 
18.981806 17.600595 14.704822 13.946998 11.324575 10.169852 13.073511 12.100359 9.509081 8.928053 9.132529 8.341415 10.221527 9.383976 8.881176 5.951325 6.835306 10.406792 11.97463 9.486833 8.537674 5.618813 8.48201 10.523791 10.212326 6.37274 5.339162 4.130059 6.292084 8.7638 10.588277 13.911663 16.047915 15.651319 12.112038 9.829889 6.716904 3.834589 0.0 3.830433 7.026697 9.681764 10.604624 10.417011 12.899663 13.37744 13.786801 17.680938 19.786892 20.285039 19.922249 
21.557244 20.6497 17.792112 17.328926 14.860252 13.210054 15.769146 14.020872 10.777906 9.174918 10.332205 9.644898 12.159608 12.316666 12.42691 9.764474 10.280734 13.990409 15.40475 12.457286 11.310986 7.862348 9.351916 10.381193 8.731683 5.248368 5.591455 6.399956 7.723219 11.098691 12.509377 15.304497 17.446646 17.652868 13.982374 12.500878 9.915138 6.357839 3.830433 0.0 3.821707 6.692104 8.788537 9.861995 13.158166 14.384994 15.651189 19.514415 22.068487 22.855382 22.221274 
21.880243 21.614597 18.905223 19.027338 17.102175 15.311998 17.905562 15.962637 12.789262 10.151723 11.083262 9.823364 12.34427 13.620933 14.451614 12.530915 13.156324 16.720024 17.463124 14.098543 12.431515 8.838726 8.723569 8.580518 5.929721 3.88011 6.329899 8.883101 10.65221 14.22284 15.97478 18.491321 20.865676 21.335763 17.715349 16.279057 13.493265 10.111792 7.026697 3.821707 0.0 3.843661 6.587331 9.013422 12.618559 13.975192 16.09952 19.777126 22.556494 23.88682 23.361494 
23.457802 23.326799 20.367988 20.360933 18.512035 16.089273 18.123285 15.629999 12.45525 9.137821 10.562674 10.017102 13.111347 14.891672 16.511259 14.898241 16.216106 19.649997 20.240013 17.036575 14.753908 11.016197 10.565743 9.032573 5.51145 5.204209 6.822146 10.074534 11.408897 15.107835 17.083133 18.988682 21.733446 22.79401 19.423102 18.405305 15.554334 12.489809 9.681764 6.692104 3.843661 0.0 3.845535 7.101875 10.866708 13.020944 15.656421 19.028224 22.227999 23.658437 22.751662 
21.615751 21.578986 18.484948 18.522115 17.070324 14.412056 16.232333 13.835735 11.296916 7.565288 8.16951 7.716697 10.912323 13.17575 15.574481 14.703513 16.749809 19.769991 19.890953 16.960123 14.009795 10.461121 9.798349 7.393189 4.54063 5.306339 6.021685 9.708787 11.505231 14.82293 17.469683 19.236061 22.395641 23.504079 20.415182 19.162898 15.918112 13.561681 10.604624 8.788537 6.587331 3.845535 0.0 3.849462 7.330354 9.593901 12.582673 15.661765 19.00559 20.6428 19.757609 
20.1817 19.723265 16.321285 15.87764 14.402598 11.382077 12.789143 10.427996 8.513054 4.870452 4.763656 5.503932 9.062459 10.933372 13.768933 13.258346 16.011089 18.614835 18.700437 16.344851 13.086977 9.841851 10.058435 8.093398 6.92379 6.597016 5.088833 8.100851 9.881219 12.5924 15.699624 17.293109 20.72666 21.840343 19.125897 17.799727 14.420167 12.921551 10.417011 9.861995 9.013422 7.101875 3.849462 0.0 3.814813 6.58282 9.172799 12.242662 15.710773 17.063379 15.965469 
19.138642 18.635259 15.178458 14.622763 13.697024 10.613817 11.436081 9.547697 9.080141 6.379584 4.622848 5.930291 8.62434 10.510696 13.935276 14.261902 17.488951 19.482368 19.159222 17.347252 13.783404 11.291928 11.558604 9.567118 9.635189 9.666527 7.770662 9.859347 11.651868 13.446727 16.933069 18.275628 21.898585 22.970397 20.689055 19.224717 15.770281 15.121851 12.899663 13.158166 12.618559 10.866708 7.330354 3.814813 0.0 3.847012 6.403991 8.811935 12.486159 13.939487 12.807177 
15.561788 15.240892 11.978247 11.96211 11.950689 9.672076 11.103061 10.533476 10.914863 8.92723 5.648555 5.133069 6.011415 8.320629 12.089212 13.414033 16.654121 18.059306 17.070123 15.53958 11.795755 10.235925 10.238457 8.664926 10.232601 10.377515 8.913829 10.601211 13.171385 14.426278 18.173824 19.973126 23.47894 23.994799 21.745738 19.691984 16.0229 15.818611 13.37744 14.384994 13.975192 13.020944 9.593901 6.58282 3.847012 0.0 3.811067 6.242301 9.48311 11.585599 11.483538 
14.602792 13.486427 9.97627 9.119195 9.235957 7.144778 8.164458 8.705355 10.287229 9.667018 6.072941 6.419857 6.394182 6.944219 10.565163 12.309323 15.852238 16.62055 15.683345 14.998894 11.52671 10.769709 11.796542 11.32724 13.233926 12.495036 10.246642 10.563022 12.851884 13.075469 16.901643 18.657873 22.074275 22.307762 20.490622 18.309447 14.811097 15.530406 13.786801 15.651189 16.09952 15.656421 12.582673 9.172799 6.403991 3.811067 0.0 3.901899 6.736821 8.128278 8.191424 
15.399227 14.487244 11.474792 10.775686 11.741607 10.127909 10.160785 11.119785 13.386854 12.968416 9.68394 10.164209 9.588604 10.202297 13.65491 15.82037 19.351314 19.677681 18.403821 18.134841 14.729792 14.443122 15.112706 14.330592 16.390462 16.142346 14.04695 14.390051 16.409114 16.257033 20.018888 21.402571 24.844319 25.148837 23.704233 21.613784 18.283957 19.30464 17.680938 19.514415 19.777126 19.028224 15.661765 12.242662 8.811935 6.242301 3.901899 0.0 3.840777 5.851581 6.359055 
13.836523 12.758706 10.389047 9.896281 11.890431 11.42708 11.51959 13.508483 16.166596 16.210505 12.748327 12.742061 11.160454 11.17373 14.098799 16.887024 20.222662 19.825007 18.120208 18.513767 15.467507 16.093971 16.827878 16.594526 19.17277 18.805686 16.844618 16.751454 18.896102 18.225035 21.899432 23.441795 26.652526 26.52028 25.316599 22.935261 19.751695 21.238042 19.786892 22.068487 22.556494 22.227999 19.00559 15.710773 12.486159 9.48311 6.736821 3.840777 0.0 3.791727 6.535655 
15.978187 14.070883 11.528388 9.799077 11.205078 10.73977 9.798169 12.318855 15.579754 16.481375 13.41369 14.205902 13.092642 12.073768 14.441084 16.900174 20.344892 19.699587 18.503672 19.427752 16.748628 17.368225 18.823661 18.968673 21.275056 20.328818 17.789655 16.952484 18.488861 17.112612 20.531507 21.729671 24.778584 24.614655 23.916437 21.77431 19.007944 21.062967 20.285039 22.855382 23.88682 23.658437 20.6428 17.063379 13.939487 11.585599 8.128278 5.851581 3.791727 0.0 3.856808 
19.104992 17.094037 14.065628 11.761472 11.958922 10.371642 8.254728 10.05406 13.567013 14.768235 12.357101 14.154448 14.08387 13.03719 15.509696 17.211001 20.876146 20.717835 20.159107 20.81449 18.038382 17.920515 19.656909 19.510033 21.198262 20.085237 17.098945 16.157573 17.01679 15.564788 18.836702 19.453481 22.647772 22.993647 22.515126 20.914768 18.355177 20.373098 19.922249 22.221274 23.361494 22.751662 19.757609 15.965469 12.807177 11.483538 8.191424 6.359055 6.535655 3.856808 0.0 

