75
6.677	-0.515	29.352
3.052	-1.055	28.49
1.16	1.814	26.742
-1.08	2.261	29.785
2.066	2.751	31.83
3.588	4.969	29.169
0.421	7.162	29.122
0.608	7.815	32.86
4.297	8.903	32.605
3.605	11.102	29.523
0.685	12.856	31.296
2.632	13.554	34.432
5.274	15.572	32.539
2.965	17.169	29.975
0.915	18.508	32.884
3.888	20.609	34.035
2.958	23.432	31.605
1.339	24.325	28.291
-0.921	21.816	26.575
-1.604	18.777	28.81
-1.741	16.612	25.675
1.72	17.506	24.299
5.308	17.25	25.509
7.958	19.873	24.511
11.534	18.824	24.024
12.651	19.958	27.543
9.795	18.107	29.25
10.861	15.032	27.239
14.475	15.473	28.381
13.454	15.547	32.117
11.121	12.589	31.551
13.964	10.446	29.962
16.491	11.482	32.524
14.355	10.315	35.403
12.255	7.548	33.835
14.509	5.973	31.205
18.002	7.197	32.152
19.567	4.4	30.044
17.948	5.841	26.911
19.94	9.042	27.283
23.323	7.243	26.897
26.071	7.425	24.26
25.627	9.381	21.013
21.986	10.517	20.853
19.401	10.413	18.179
16.905	12.395	20.316
16.987	15.547	18.207
16.752	13.676	14.901
13.764	11.583	16.053
12.164	14.642	17.671
12.459	16.733	14.451
11.003	13.927	12.322
8.052	13.211	14.645
6.932	16.776	15.429
5.184	16.9	12.072
3.404	20.235	12.611
6.718	21.798	13.708
5.428	23.299	16.939
8.214	22.065	19.223
5.891	19.495	20.763
4.913	15.832	20.251
1.64	13.973	20.973
1.368	10.746	23.03
1.584	8.466	19.947
4.701	10.393	18.722
6.289	9.909	22.137
5.561	6.162	22.007
7.253	5.883	18.643
10.188	7.988	19.953
10.809	5.677	22.997
10.553	2.607	20.757
12.998	3.829	18.143
15.527	5.465	20.398
15.795	2.025	22.121
17.147	0.105	19.188
