104
5.998	-4.687	15.275
7.485	-1.668	13.502
6.023	1.776	14.014
7.716	2.782	10.707
9.128	0.477	8.01
11.571	1.938	5.466
12.389	-0.787	2.923
13.363	-3.544	5.241
14.421	-1.329	8.165
12.132	-1.36	11.182
11.851	1.575	13.567
9.953	2.112	16.752
8.526	5.479	17.923
11.467	5.511	20.487
13.98	5.289	17.617
12.33	8.274	15.85
12.027	10.42	19.04
15.782	9.789	19.786
16.865	10.735	16.184
14.654	13.8	16.1
15.975	15.106	19.399
19.574	14.774	18.29
18.852	16.46	14.848
16.788	19.294	16.444
19.587	20.086	18.977
22.101	20.447	16.095
19.577	22.822	14.327
19.394	24.992	17.473
23.223	24.971	17.749
23.671	25.956	14.116
25.823	22.818	13.626
25.95	19.989	11.167
27.685	16.593	10.912
28.622	14.403	8.026
30.006	15.137	4.559
26.525	16.084	3.393
25.965	18.362	6.385
22.981	17.156	8.246
20.496	18.338	9.366
19.659	20.458	6.314
16.52	21.782	4.7
14.05	19.357	3.185
11.945	20.619	0.207
8.622	18.777	-0.198
8.51	18.5	-3.969
7.057	14.973	-3.766
4.025	16.462	-2.004
3.834	14.153	1.037
0.785	15.073	3.053
2.474	16.311	6.176
0.137	17.861	8.741
2.835	20.2	10.275
4.08	23.324	8.496
7.521	23.981	6.914
10.322	24.881	6.934
11.345	21.191	7.15
14.716	19.64	7.859
15.899	16.138	7.168
18.217	14.161	9.498
19.364	10.507	9.175
17.825	7.771	11.24
20.15	4.665	11.379
18.968	1.113	11.241
21.386	0.25	14.01
19.643	2.468	16.531
22.739	4.656	16.965
22.364	8.428	16.568
24.035	9.727	13.419
27.429	11.258	14.045
29.135	11.249	10.654
30.004	8.515	8.203
27.422	7.023	5.948
23.939	8.335	6.583
22.132	5.396	5.031
18.927	6.044	3.116
16.363	6.762	5.882
15.5	10.155	7.346
13.26	11.806	9.966
11.841	15.136	8.817
11.013	17.69	11.531
10.033	21.373	11.288
11.215	24.605	12.777
9.037	24.007	15.892
10.501	20.539	16.511
7.34	18.761	15.342
7.755	15.492	13.559
6.555	15.695	9.944
7.32	12.098	8.839
9.799	9.279	8.212
11.016	8.949	4.619
13.63	7.047	2.674
15.589	7.004	-0.524
15.095	3.174	-0.588
12.9	2.247	-3.554
13.032	5.761	-5.124
15.344	6.852	-7.968
18.18	9.249	-7.473
17.773	11.753	-4.673
13.936	11.253	-4.554
12.065	9.821	-1.602
9.13	7.617	-0.713
7.502	7.58	2.729
8.173	4.823	5.221
4.964	2.896	6.004
