45
-17.28	9.942	-4.17
-14.248	7.658	-4.427
-11.423	8.586	-2.055
-7.772	8.238	-3.066
-6.555	4.637	-2.95
-3.102	5.829	-1.893
-2.713	6.907	1.734
-0.117	9.282	3.275
1.419	6.516	5.386
1.203	3.948	2.59
2.96	6.369	0.245
5.876	6.876	2.626
6.022	3.138	3.281
5.873	2.359	-0.437
8.555	4.903	-1.319
10.655	3.453	1.496
10.651	-0.045	0.005
10.752	1.374	-3.532
7.344	-0.253	-4.001
4.29	0.938	-5.922
0.685	0.785	-4.711
-0.191	-0.215	-8.279
1.34	-3.625	-7.582
-0.446	-3.789	-4.226
-4.171	-4.477	-3.884
-6.3	-2.207	-1.723
-8.832	-3.808	0.607
-9.942	-0.652	2.398
-13.212	1.275	2.287
-13.809	1.009	-1.448
-10.719	-1.026	-2.269
-8.155	1.504	-1.058
-4.637	0.481	-0.033
-3.917	-0.299	3.62
-0.816	-0.831	5.762
-1.793	-4.508	5.772
-1.674	-4.698	1.975
1.679	-2.912	1.856
3.32	-4.989	4.587
1.845	-8.144	3.056
3.142	-7.29	-0.417
6.65	-7.054	1.034
6.299	-10.289	3.006
6.142	-12.186	-0.288
8.453	-9.88	-2.239
