96
44.452	12.952	7.124
47.376	11.711	5.14
49.167	14.256	2.94
49.48	12.224	-0.174
52.171	9.793	-1.24
55.863	10.399	-1.672
58.558	8.393	-3.414
61.261	6.983	-1.172
63.871	8.569	-3.449
62.336	12.029	-2.733
62.87	11.629	1.045
66.163	12.163	2.904
68.565	9.233	2.481
68.172	8.439	6.198
64.593	7.333	5.424
65.987	4.592	3.184
68.322	3.602	6.041
65.416	3.391	8.496
63.418	1.204	6.101
66.406	-1.096	5.657
66.676	-1.526	9.441
62.92	-2.224	9.647
63.406	-4.891	6.977
66.029	-6.668	9.161
64.107	-6.136	12.379
67.001	-4.16	13.5
68.717	-3.123	15.688
68.174	-0.177	15.665
70.225	2.795	16.848
67.691	3.438	19.681
66.172	0.719	21.907
62.743	2.411	21.72
62.796	2.088	17.857
60.01	-0.409	17.24
57.56	0.684	20.044
53.914	0.874	19.259
52.726	4.16	17.802
49.303	4.931	19.283
48.088	7.313	16.54
46.63	9.213	19.48
45.515	12.264	17.451
43.955	10.046	14.709
46.011	11.793	11.772
46.409	8.282	10.291
43.484	5.923	9.621
41.871	4.465	12.719
43.331	1.062	13.636
43.605	-0.993	16.786
46.439	-0.466	19.237
49.616	-1.991	17.894
48.812	-1.658	14.227
51.313	1.24	13.992
54.943	1.424	15.201
57.407	4.328	15.012
61.07	4.541	14.032
63.574	7.395	13.997
64.786	8.839	10.733
68.096	10.337	11.831
68.637	14.052	11.316
72.297	14.789	10.437
74.025	16.558	13.331
71.164	16.273	15.783
71.867	15.431	19.444
68.235	14.325	19.789
65.869	12.254	17.649
64.862	15.409	15.719
61.57	15.66	13.939
61.719	12.883	11.363
60.072	9.487	11.69
58.708	6.474	9.828
55.455	5.04	11.146
54.801	1.487	9.903
51.318	0.149	9.497
50.739	-3.581	9.691
49.495	-3.844	6.136
51.954	-4.769	3.49
53.986	-1.878	2.139
52.273	0.59	4.471
54.708	3.204	5.819
54.331	6.88	6.577
56.992	9.599	6.764
56.665	12.783	8.807
59.246	15.505	8.633
57.43	17.83	11.068
57.299	15.959	14.3
54.026	13.962	13.756
52.02	16.978	12.487
51.702	15.628	8.973
52.414	12.316	7.226
52.845	11.071	3.68
52.577	7.474	2.555
56.005	6.248	1.347
56.226	4.576	-2.052
59.288	2.295	-2.033
58.852	1.649	-5.783
60.155	5.09	-6.799
