56
-12.204	-2.845	5.703
-8.564	-2.527	6.825
-5.895	-2.614	4.076
-2.168	-3.04	4.864
0.769	-1.531	2.912
4.358	-2.866	3.076
7.092	-0.393	2.014
10.342	-1.921	0.647
12.182	1.281	-0.369
15.958	1.115	-0.952
16.427	3.238	2.192
12.785	3.558	3.309
11.428	0.405	4.996
8.194	0.309	6.979
4.519	-0.656	6.994
1.218	1.089	7.746
-2.557	0.428	7.694
-5.637	2.46	6.727
-9.447	2.116	6.499
-11.122	2.177	3.062
-14.611	1.194	1.861
-12.901	-0.938	-0.811
-9.53	-1.685	-2.449
-10.168	0.938	-5.159
-9.982	3.688	-2.496
-6.858	2.07	-1.001
-5.087	2.501	-4.336
-5.659	6.301	-4.245
-4.767	6.684	-0.538
-1.613	4.517	-0.514
-0.525	5.832	-3.92
-0.749	9.439	-2.685
0.873	8.487	0.646
3.71	6.711	-1.182
4.096	9.765	-3.438
4.335	12.081	-0.404
7.183	9.835	0.832
8.927	9.929	-2.573
8.27	6.192	-3.188
7.795	4.964	-6.777
7.965	1.33	-7.892
5.865	-1.634	-9.006
2.504	-1.843	-7.219
1.013	-5.257	-6.363
-2.234	-6.076	-4.495
-3.355	-9.317	-2.794
-7.152	-9.637	-2.495
-6.766	-12.669	-0.199
-4.723	-10.683	2.381
-5.993	-7.219	1.341
-2.331	-6.141	1.441
-0.737	-3.706	-1.012
3.033	-4.103	-1.596
5.313	-1.647	-3.424
8.951	-2.457	-4.338
11.486	0.13	-5.58
