108
21.628	26.691	-3.983
19.395	26.125	-0.949
22.31	25.875	1.488
24.287	28.908	0.332
24.075	32.125	2.372
23.209	35.26	0.397
25.574	38.061	1.494
25.457	41.807	1.037
27.926	44.559	1.745
25.97	45.537	4.868
25.473	42.022	6.151
29.099	40.933	5.759
30.284	41.748	9.265
27.293	40.14	10.978
27.199	37.02	8.811
30.879	36.363	8.141
33.084	38.203	10.586
31.081	37.133	13.628
30.364	33.655	12.255
30.66	30.591	14.43
32.919	28.079	12.606
34.544	28.218	9.195
32.783	30.04	6.369
33.785	29.852	2.683
32.859	32.997	0.714
32.52	32.871	-3.108
32.981	36.242	-4.921
31.164	35.958	-8.285
29.211	37.767	-11.005
26.743	36.601	-13.583
28.977	37.467	-16.522
31.749	35.264	-15.067
31.923	31.972	-16.915
34.309	30.133	-14.577
32.187	31.344	-11.645
29.144	29.598	-13.084
31.237	26.464	-13.698
32.052	26.055	-9.983
28.531	26.837	-8.702
27.44	23.173	-8.654
30.634	22.13	-6.925
29.875	24.631	-4.15
26.436	23.023	-3.719
28.024	19.586	-3.382
30.54	20.89	-0.844
27.741	22.632	1.117
25.998	19.256	1.488
29.133	17.236	2.16
30.521	19.621	4.781
27.179	20.532	6.346
27.738	21.106	10.023
31.51	21.764	9.59
31.45	24.605	7.068
29.052	27.341	5.928
29.222	28.36	2.267
28.23	31.88	1.209
28.14	34.021	-1.952
28.691	37.69	-2.664
27.741	38.998	-6.102
30.23	41.784	-6.828
27.982	43.6	-9.348
25.316	44.023	-6.688
27.725	44.603	-3.75
30.824	46.384	-4.999
32.139	47.479	-1.593
33.471	44.241	-0.136
35.904	42.817	-2.726
38.199	45.868	-2.643
38.624	45.544	1.106
40.164	42.083	0.661
42.279	43.098	-2.325
40.344	40.806	-4.673
41.505	41.354	-8.233
39.693	38.627	-10.211
36.772	36.178	-9.88
36.002	33.584	-8.873
37.919	34.083	-5.649
37.209	31.885	-2.606
37.98	33.3	0.873
37.997	30.904	3.86
37.268	32.831	7.107
37.779	31.529	10.629
37.409	33.656	13.781
36.897	36.914	11.872
39.942	36.663	9.678
40.964	35.221	6.333
42.602	31.835	6.921
43.226	30.914	3.248
42.279	31.994	-0.245
42.043	30.413	-3.677
41.773	32.339	-6.936
40.292	30.805	-10.092
38.185	27.789	-10.91
39.082	24.368	-9.525
37.643	20.852	-9.439
35.701	19.325	-6.58
38.72	17.18	-5.608
41.003	20.249	-5.49
38.435	22.146	-3.424
38.195	19.291	-0.926
41.969	19.195	-0.546
42.101	22.95	-0.063
39.41	22.7	2.656
40.924	19.71	4.407
44.278	21.547	4.617
42.587	24.329	6.538
39.812	22.787	8.605
42.151	20.619	10.674
