105
38.989	16.442	23.757
38.473	16.48	19.925
41.074	18.867	18.401
39.922	20.768	15.264
42.683	20.697	12.61
42.78	23.728	10.274
46.167	23.391	8.498
48.824	20.964	7.374
51.129	22.603	10.026
48.744	21.748	12.904
48.24	18.196	11.527
51.996	17.641	11.381
52.676	19.193	14.767
49.824	17.447	16.605
51.194	14.102	15.377
54.533	15.311	16.656
53.218	16.393	20.084
51.256	13.072	20.517
54.542	11.332	21.477
53.775	7.663	21.758
49.965	8.078	22.069
47.485	6.744	19.517
46.067	9.474	17.328
42.68	8.829	15.707
41.743	11.347	12.972
38.231	11.734	11.702
38.045	12.869	8.055
34.621	14.329	7.787
32.646	16.686	5.552
29.443	18.834	5.861
27.446	16.861	3.227
28.067	13.585	4.972
25.026	12.475	6.957
26.726	9.377	8.565
29.646	11.712	9.61
26.969	13.834	11.421
25.402	10.743	12.974
28.729	9.667	14.547
30.151	13.032	15.781
28.693	12.643	19.373
30.014	9.077	19.707
33.384	10.382	18.403
33.38	13.129	21.04
32.282	10.601	23.781
35.322	8.472	22.913
37.736	11.298	23.504
36.462	11.632	27.056
36.411	7.958	27.688
40.009	7.549	26.495
42.269	10.239	27.926
45.359	8.433	26.72
44.423	8.599	22.947
44.385	11.916	20.898
41.314	12.602	18.736
41.535	14.941	15.766
38.941	16.073	13.21
39.808	17.261	9.671
36.961	18.651	7.572
38.111	17.705	3.97
36.499	20.825	2.524
38.765	23.128	4.734
41.879	21.036	4.462
41.749	19.793	0.87
45.631	19.432	0.891
45.737	17.197	4.002
42.664	15.321	2.508
44.532	14.621	-0.868
47.77	13.665	1.015
46.133	11.073	3.28
44.212	9.818	0.204
40.783	10.009	1.66
38.179	8.217	-0.454
34.958	7.752	1.525
33.253	9.794	4.253
34.005	9.378	7.089
37.464	7.855	7.175
39.332	7.17	10.406
43.098	6.86	10.15
45.117	5.777	13.118
48.704	6.956	13.818
51.359	5.886	16.3
54.567	7.931	16.192
53.705	9.444	12.817
53.304	5.973	11.188
49.764	5.216	9.909
48.876	2.0	11.701
45.196	1.619	10.611
42.366	3.162	8.565
38.791	2.326	7.631
35.795	4.057	6.109
32.196	4.125	7.361
30.339	5.206	10.48
30.613	1.911	12.367
30.852	2.659	16.107
31.816	-0.838	17.29
34.689	-1.168	14.817
35.853	2.388	15.739
36.228	1.563	19.351
37.324	-2.002	18.553
40.388	-0.74	16.506
41.26	1.876	19.205
41.411	-0.892	21.811
43.58	-2.882	19.316
46.199	-0.181	18.671
46.408	1.411	22.153
