63
9.178	18.624	-0.288
10.438	18.781	3.304
9.391	20.36	6.601
12.107	21.852	8.787
11.56	22.312	12.517
13.241	22.133	15.879
12.077	19.63	18.436
13.478	19.154	21.925
16.7	20.979	21.065
17.262	19.021	17.841
16.972	20.154	14.229
14.629	17.999	12.14
13.88	17.966	8.411
11.142	15.572	7.367
9.957	14.708	3.853
6.315	15.72	3.538
5.457	12.225	2.234
6.134	10.96	5.745
3.671	13.307	7.484
1.036	11.142	9.064
-1.473	13.479	10.715
-1.648	17.302	10.797
-3.824	19.676	12.838
-4.018	23.372	13.753
-3.545	24.778	17.288
-4.052	28.518	16.807
-1.122	29.712	14.702
0.745	26.444	15.286
0.638	23.677	12.687
1.132	20.449	14.647
1.798	17.017	13.126
2.994	13.41	13.485
5.243	11.619	10.997
6.623	8.152	10.274
10.096	7.4	11.524
12.321	4.369	11.463
11.6	1.351	13.638
7.863	1.575	13.058
7.745	4.652	15.265
5.852	7.943	15.06
7.573	11.316	15.582
5.892	14.649	16.519
6.575	18.106	15.121
5.169	21.635	14.915
5.863	24.764	12.918
4.538	28.253	12.678
1.751	28.715	10.05
3.905	31.563	8.742
6.639	28.977	8.09
4.299	26.217	6.874
4.921	24.732	3.408
1.724	24.853	1.304
1.923	21.056	0.845
1.537	20.637	4.649
-1.164	23.274	4.922
-3.114	21.582	2.08
-3.035	18.332	4.006
-4.822	20.124	6.835
-7.696	21.249	4.62
-7.648	17.908	2.804
-7.505	15.852	5.998
-8.646	17.54	9.237
-8.896	13.976	10.589
