129
0.231	-0.535	30.105
0.637	-3.947	31.703
1.919	-5.454	34.888
4.967	-7.765	35.028
6.304	-9.845	37.909
9.198	-9.009	40.13
10.383	-9.984	43.619
11.658	-7.821	46.471
15.37	-7.812	47.011
15.48	-4.855	49.475
13.745	-1.702	50.583
15.922	1.397	50.106
13.852	4.526	50.823
10.496	6.244	50.097
10.716	6.057	46.312
13.503	3.551	45.464
13.441	-0.207	45.909
15.718	-3.015	44.871
13.745	-5.656	42.997
14.563	-8.728	40.822
13.145	-8.179	37.327
13.513	-10.763	34.572
15.891	-12.476	37.004
18.27	-9.472	37.29
18.681	-7.224	40.336
17.783	-3.623	39.562
17.06	-0.509	41.596
13.681	0.903	40.656
12.734	4.575	40.946
8.941	5.205	41.289
7.54	7.109	38.389
5.806	10.456	38.819
6.484	10.901	42.549
9.053	12.298	45.005
9.6	11.379	48.603
11.768	13.294	51.005
15.282	11.917	51.423
15.765	9.975	54.635
17.733	12.96	56.072
14.652	15.198	55.567
11.359	15.764	57.314
9.086	12.764	56.673
11.977	10.868	54.999
11.985	8.196	57.711
8.15	7.914	57.625
8.253	7.605	53.765
10.936	4.929	54.014
9.011	2.918	56.639
5.791	3.248	54.576
7.23	1.854	51.284
9.274	-0.699	53.232
6.253	-2.113	55.036
4.166	-2.101	51.868
6.834	-3.946	49.814
7.901	-6.379	52.574
4.312	-7.346	53.455
3.381	-7.923	49.801
2.849	-11.433	48.523
2.984	-10.258	44.933
5.135	-7.416	43.635
4.54	-6.212	40.114
6.158	-3.653	37.885
4.495	-1.547	35.234
6.543	0.4	32.707
4.997	3.423	31.053
5.148	4.252	27.307
8.524	6.075	27.529
11.976	5.607	28.946
12.378	2.445	31.094
15.746	3.387	32.583
16.965	6.746	33.888
20.373	8.279	33.517
21.547	6.516	36.717
20.49	3.032	35.411
17.393	2.894	37.668
14.307	1.231	36.311
11.375	3.599	36.025
8.038	2.023	36.858
4.81	1.985	38.823
5.262	-0.652	41.504
2.273	-2.635	42.85
2.052	-4.516	46.145
-0.762	-7.059	46.003
-2.545	-4.991	43.382
-2.126	-1.586	45.187
0.173	1.017	43.555
2.88	2.105	45.974
3.327	5.347	43.946
-0.334	6.253	44.529
-0.393	5.1	48.178
2.523	7.419	49.151
0.83	10.398	47.514
-2.537	9.565	49.162
-0.902	9.56	52.605
1.009	12.757	52.038
4.363	10.91	52.16
5.157	11.911	48.498
4.485	14.694	46.005
3.494	14.25	42.376
6.774	15.155	40.582
9.009	14.468	37.63
6.046	14.137	35.312
7.711	13.837	31.883
5.768	13.619	28.607
6.829	10.072	27.716
5.822	8.572	30.993
2.636	10.243	32.304
-0.118	7.612	31.976
-1.115	7.853	35.705
-0.709	11.583	36.199
-4.326	12.394	36.826
-4.842	9.451	39.239
-1.863	10.572	41.239
-2.926	14.245	41.288
-6.351	13.156	42.537
-4.695	11.339	45.424
-2.518	14.38	46.216
-5.552	16.707	46.179
-7.169	14.465	48.841
-3.949	14.224	50.968
-3.743	17.978	50.923
-7.432	18.293	51.767
-6.894	16.069	54.834
-3.697	18.019	55.707
-1.627	14.804	55.792
1.998	14.585	56.822
3.819	16.774	54.22
0.689	18.923	53.925
0.441	19.524	57.741
