105
38.666	15.939	23.789
38.58	16.38	19.924
41.205	18.74	18.406
39.903	20.619	15.302
42.707	20.744	12.637
42.694	23.793	10.369
46.058	23.425	8.487
48.701	20.94	7.285
51.141	22.626	9.748
48.72	22.044	12.679
48.259	18.365	11.561
52.004	17.685	11.451
52.511	19.468	14.776
49.787	17.399	16.442
51.246	14.111	15.209
54.667	15.214	16.571
53.327	16.302	20.051
51.325	13.063	20.524
54.591	11.321	21.407
53.886	7.647	22.088
50.042	7.929	22.075
47.619	6.595	19.464
46.148	9.348	17.291
42.686	8.73	15.704
41.827	11.21	12.876
38.237	11.545	11.692
38.167	12.905	8.124
34.626	14.243	7.591
32.478	16.467	5.357
29.534	18.616	6.494
27.323	17.325	3.712
27.783	13.654	4.495
24.978	12.153	6.605
27.01	9.267	8.259
29.574	11.917	9.375
26.902	13.808	11.385
25.521	10.547	12.751
28.859	9.457	14.314
30.128	12.89	15.58
28.668	12.65	19.207
29.991	9.066	19.574
33.467	10.246	18.325
33.398	13.07	20.883
32.256	10.549	23.633
35.296	8.319	22.8
37.578	11.288	23.436
36.235	11.714	26.991
36.35	7.973	27.712
39.91	7.393	26.457
42.148	10.105	27.878
45.292	8.235	26.731
44.405	8.576	22.971
44.446	11.867	20.917
41.343	12.556	18.761
41.639	14.859	15.707
38.948	16.111	13.285
39.852	17.243	9.75
37.025	18.65	7.663
38.006	17.682	4.078
36.496	20.931	2.761
38.768	23.161	4.978
41.876	21.054	4.622
41.701	19.864	1.022
45.511	19.518	0.957
45.549	17.256	4.136
42.625	15.271	2.609
44.495	14.706	-0.785
47.802	13.816	0.855
46.171	11.328	3.205
44.382	9.804	0.139
40.921	10.069	1.677
38.154	8.948	-0.653
35.115	8.019	1.507
33.504	9.948	4.455
34.01	9.353	7.341
37.461	7.777	7.107
39.339	7.113	10.377
43.124	6.916	10.156
45.197	5.725	13.126
48.8	6.872	13.7
51.434	5.943	16.197
54.778	7.784	16.198
53.956	9.505	12.941
53.314	6.202	11.073
49.771	5.223	9.835
48.957	1.909	11.557
45.243	1.443	10.642
42.431	2.866	8.516
38.86	2.12	7.657
35.854	4.04	6.243
32.226	4.13	7.376
30.282	5.196	10.422
30.688	1.914	12.327
30.722	2.582	16.124
31.728	-0.893	17.201
34.577	-1.173	14.793
35.86	2.379	15.754
36.109	1.502	19.428
37.346	-2.056	18.675
40.236	-0.808	16.493
41.188	1.789	19.217
41.4	-1.098	21.794
43.601	-3.175	19.417
46.021	-0.333	18.726
46.343	1.506	22.019
