129
2.305	-1.003	-7.91
2.982	-4.451	-6.481
4.147	-5.809	-3.131
7.227	-8.095	-2.997
8.526	-10.268	-0.174
11.432	-9.331	2.126
12.705	-10.173	5.596
13.936	-7.892	8.403
17.737	-7.895	9.013
17.897	-4.871	11.32
15.909	-1.776	12.296
18.082	1.326	11.649
16.191	4.584	12.255
12.796	6.246	11.634
12.994	6.036	7.847
15.742	3.462	6.979
15.7	-0.27	7.651
17.923	-3.131	6.587
16.002	-5.881	4.769
16.879	-9.01	2.817
15.364	-8.517	-0.632
15.624	-11.129	-3.428
18.187	-12.768	-1.126
20.5	-9.72	-0.798
20.994	-7.456	2.22
19.982	-3.912	1.345
19.284	-0.713	3.265
15.877	0.715	2.35
14.996	4.415	2.513
11.315	4.993	2.914
9.7	6.825	0.051
7.972	10.171	0.461
8.758	10.761	4.178
11.378	12.301	6.462
11.825	11.366	10.065
14.046	13.468	12.373
17.53	12.126	12.766
18.038	10.228	16.039
19.983	13.246	17.453
17.02	15.59	16.734
13.716	15.971	18.637
11.265	13.068	17.927
14.189	11.159	16.311
14.288	8.615	19.145
10.461	8.323	18.921
10.532	7.763	15.163
13.269	5.089	15.428
11.304	3.313	18.19
8.097	3.435	16.191
9.557	1.981	12.956
11.637	-0.537	15.001
8.542	-1.936	16.761
6.577	-2.049	13.529
9.161	-3.985	11.497
10.345	-6.151	14.43
6.804	-7.126	15.425
5.739	-7.95	11.821
5.369	-11.564	10.787
5.42	-10.426	7.116
7.478	-7.502	5.572
6.819	-6.432	2.018
8.581	-4.021	-0.282
6.634	-2.002	-2.89
8.675	-0.034	-5.396
7.179	2.939	-7.22
7.394	3.71	-10.988
10.731	5.607	-11.024
14.209	4.851	-9.699
14.477	1.978	-7.168
17.813	3.028	-5.683
18.979	6.422	-4.576
22.479	7.928	-5.048
23.658	6.28	-1.785
22.69	2.765	-3.021
19.643	2.64	-0.725
16.487	1.022	-2.025
13.543	3.366	-2.391
10.234	1.804	-1.524
7.037	1.745	0.428
7.526	-0.773	3.21
4.613	-2.778	4.672
4.391	-4.673	7.984
1.546	-7.201	8.069
-0.21	-5.193	5.425
0.134	-1.771	7.095
2.361	0.779	5.29
5.167	1.96	7.588
5.532	5.172	5.519
1.858	6.129	6.024
1.914	5.028	9.666
4.84	7.342	10.605
3.137	10.327	8.896
-0.25	9.609	10.565
1.457	9.624	13.96
3.267	12.923	13.253
6.601	11.131	13.427
7.453	11.864	9.748
6.728	14.754	7.413
5.754	14.174	3.845
9.012	15.022	2.04
11.262	14.272	-0.898
8.342	14.156	-3.33
10.083	13.511	-6.635
8.317	13.377	-10.023
8.898	9.694	-10.882
8.146	8.12	-7.513
5.002	9.805	-6.092
2.183	7.243	-6.231
1.111	7.402	-2.586
1.661	11.16	-2.242
-1.996	12.11	-1.692
-2.499	9.206	0.732
0.385	10.395	2.866
-0.63	14.084	2.743
-4.091	13.031	4.009
-2.424	11.276	6.911
-0.239	14.337	7.562
-3.307	16.619	7.551
-4.882	14.405	10.239
-1.714	14.245	12.417
-1.4	18.017	12.078
-5.142	18.476	12.823
-4.56	16.398	15.976
-1.29	18.214	16.992
0.626	14.921	17.129
4.289	14.728	18.01
6.164	16.867	15.436
3.001	18.985	15.116
2.608	19.426	18.899
