108
16.593	24.779	39.365
18.597	22.374	41.491
17.672	19.107	43.2
16.351	20.309	46.562
18.0	19.543	49.959
15.945	20.711	52.949
15.434	18.854	56.253
13.926	19.283	59.781
15.517	17.311	62.571
13.796	16.867	65.941
15.049	15.199	69.147
13.103	14.251	72.247
13.579	11.895	75.19
11.581	8.79	74.445
11.644	5.642	72.369
9.182	6.212	69.494
7.544	9.205	67.79
4.332	8.391	69.642
6.09	8.457	73.055
8.788	11.122	72.59
7.738	14.744	72.491
9.814	16.992	70.152
11.853	19.095	72.565
14.268	20.659	70.1
13.956	21.06	66.304
16.342	22.509	63.691
15.93	23.099	59.937
18.867	22.347	57.601
19.383	23.416	53.983
22.266	22.173	51.822
21.382	23.411	48.306
22.419	25.69	46.821
24.267	26.364	50.049
24.274	25.338	53.748
21.905	27.367	55.899
19.121	26.947	58.484
18.589	27.027	62.272
21.029	24.158	62.679
24.044	25.266	64.858
26.468	23.876	62.282
24.7	24.077	58.9
27.969	23.849	56.988
29.554	20.805	58.646
26.187	19.064	58.984
25.709	19.557	55.194
29.189	18.142	54.643
28.449	15.183	56.884
25.393	14.275	54.881
27.01	14.815	51.477
29.908	12.578	52.336
27.57	9.753	53.281
25.423	10.374	50.236
22.459	11.575	52.263
22.282	8.114	53.795
21.622	8.901	57.457
21.965	5.237	58.382
25.587	5.192	57.194
26.818	7.991	59.463
29.564	6.43	61.614
30.165	6.445	65.354
33.481	8.092	66.252
35.677	5.234	67.512
37.528	7.501	69.933
34.403	9.327	71.219
33.68	7.98	74.71
30.255	8.238	76.334
29.154	7.398	79.91
27.044	4.236	80.193
23.682	5.868	80.895
20.406	4.529	79.524
18.369	7.681	78.93
16.919	7.168	75.361
16.487	9.976	72.871
14.485	9.758	69.631
15.985	11.469	66.599
13.788	12.193	63.571
14.751	13.666	60.154
12.268	14.59	57.417
12.325	16.455	54.123
14.282	16.143	50.883
17.9	15.199	50.22
18.995	15.973	46.638
15.52	15.651	45.167
14.725	12.489	47.081
12.215	12.373	49.972
13.691	11.557	53.384
11.856	10.122	56.414
14.125	8.684	59.118
14.039	8.193	62.873
16.349	6.387	65.252
16.456	5.943	69.037
19.825	6.439	70.678
20.788	5.108	74.147
21.571	8.666	75.215
22.287	12.133	73.694
26.066	11.634	73.964
25.596	8.64	71.731
23.398	10.517	69.279
25.9	13.366	69.085
28.609	10.762	68.411
27.169	9.665	65.075
28.632	12.01	62.495
30.593	14.993	63.728
27.845	17.663	63.547
24.677	16.37	61.82
22.925	15.47	65.08
24.892	17.748	67.383
22.14	20.319	67.925
