#PosInSeq(1 to N+2)		Letter		AcidOrBase(-1 or 1)		InitialCharge	(N+1,Nter,letter X. N+2,Cter,letter Z)
4				E		-1				0
6				E		-1				0
12				H		1				0
16				K		1				0
18				E		-1				-1
20				D		-1				0
24				H		1				1
27				D		-1				0
31				R		1				1
34				K		1				0
36				H		1				1
38				E		-1				0
41				E		-1				-1
42				K		1				0
44				D		-1				0
45				R		1				1
47				K		1				1
48				H		1				0
50				K		1				1
52				E		-1				-1
54				E		-1				-1
56				K		1				0
59				E		-1				-1
60				D		-1				-1
62				K		1				0
63				K		1				0
64				H		1				0
77				K		1				1
78				K		1				1
79				K		1				0
81				H		1				1
82				H		1				1
83				E		-1				0
85				E		-1				-1
87				K		1				1
93				H		1				0
96				K		1				0
97				H		1				1
98				K		1				0
102				K		1				0
105				E		-1				0
109				E		-1				0
113				H		1				1
116				H		1				0
118				R		1				0
119				H		1				0
122				D		-1				0
126				D		-1				0
133				K		1				0
136				E		-1				-1
139				R		1				0
140				K		1				0
141				D		-1				0
145				K		1				0
147				K		1				1
148				E		-1				-1
154				X		1				0
155				Z		-1				-1
