	PDB	Nidx	pKaExp	pKaComp	ShiftComp	ShiftExp	Elec	Unp	Up	Nnp	Np	Ni	Npi	pKaWat	Let
0	3BDC	12	2.2	0.0	0.0	-1.7999999999999998	0.015684304035557595	0.9295407931687112	-1.0	8.088657728635374	3.405644773295002	1.8594785077591447	5.265123281054146	4.0	D
1	3BDC	14	3.0	0.0	0.0	-1.0	-0.0029373289675104965	1.0	-1.0	13.37750494567527	3.356065451728419	2.6211396911694127	5.977205142897832	4.0	D
2	3BDC	33	3.9	0.0	0.0	-0.10000000000000009	-0.03816387682128129	0.9944585895764445	-0.9939305849326971	9.472893701634392	1.8470432031101183	2.101236358814195	3.948279561924313	4.0	D
3	3BDC	82	2.2	0.0	0.0	-1.7999999999999998	-0.2826404467639871	0.5869838037074865	-0.991955625201471	4.838808029270694	0.8860624890865736	2.97844929868573	3.8645117877723036	4.0	D
4	3BDC	3	2.8	0.0	0.0	-1.7000000000000002	-0.19913176145380385	0.8002226359126631	-0.9997718048458856	6.661847104009306	0.759085895298297	3.6340915428081173	4.393177438106414	4.5	E
5	3BDC	36	4.3	0.0	0.0	-0.20000000000000018	0.158847222272408	0.4253128434850676	-0.9879583051692234	3.4619181768260687	1.7463121802810622	1.9753953499335695	3.7217075302146316	4.5	E
6	3BDC	39	3.9	0.0	0.0	-0.6000000000000001	0.06251584710617512	0.4706375518607378	-0.9938965471108868	3.8613233911403673	1.8092699128397765	2.137460031255372	3.946729944095148	4.5	E
7	3BDC	44	3.5	0.0	0.0	-1.0	-0.03205924213698211	0.9310437911219309	-0.976167327269293	8.10990785726701	2.9693674281618887	0.432423452652525	3.4017908808144135	4.5	E
8	3BDC	54	3.8	0.0	0.0	-0.7000000000000002	-0.2605921222901625	0.8827113632670558	-0.9695174915764495	7.502431044665828	1.1901785191527934	2.065700051700962	3.2558785708537554	4.5	E
9	3BDC	60	3.3	0.0	0.0	-1.2000000000000002	-0.21453629802346372	0.9996571465220541	-1.0	9.869058741101783	1.407288668880012	3.8828417488294673	5.290130417709479	4.5	E
10	3BDC	62	3.3	0.0	0.0	-1.2000000000000002	-0.21803022096642047	0.9763042285008121	-1.0	8.904987862833334	2.1788997578809126	4.5708117308258185	6.7497114887067315	4.5	E
11	3BDC	88	3.8	0.0	0.0	-0.7000000000000002	-0.23834390068468803	1.0	-0.9967303897870916	12.375840580367091	1.6511174160591746	2.4442242670783174	4.095341683137492	4.5	E
12	3BDC	109	3.9	0.0	0.0	-0.6000000000000001	-0.22886658527053283	0.7956807167625312	-1.0	6.619487589147649	2.9843997000681024	2.0361711181841455	5.0205708182522475	4.5	E
13	3BDC	116	3.8	0.0	0.0	-0.7000000000000002	-0.33967796684964	1.0	-1.0	11.325188414840326	0.7076698223621194	4.032670132081735	4.740339954443854	4.5	E
14	3BDC	122	3.8	0.0	0.0	-0.7000000000000002	-0.28931910496114827	0.4830005153113156	-0.9969794840475674	3.9678463280806593	1.319964669640298	2.7911210134779987	4.111085683118297	4.5	E
15	5ISR	14	6.6	0.0	0.0	2.5999999999999996	0.029610191482858022	1.0	-1.0	12.842303449443047	3.3142398687036105	2.7480436832096595	6.06228355191327	4.0	D
16	5ISR	33	3.9	0.0	0.0	-0.10000000000000009	0.004339199596836324	0.9692898964324507	-0.9979316977153369	8.751169725121038	1.8569952879938747	2.321256038681079	4.178251326674954	4.0	D
17	5ISR	82	2.3	0.0	0.0	-1.7000000000000002	-0.2927138192815772	0.5929297828420247	-0.9956005649629779	4.8878610296539735	0.9333170499698391	3.097154408349247	4.030471458319086	4.0	D
18	5ISR	3	3.1	0.0	0.0	-1.4	-0.18985805382185222	0.7861972043613943	-0.9991767163772648	6.531948516183673	0.7393995979931349	3.5576690457779683	4.297068643771103	4.5	E
19	5ISR	36	4.4	0.0	0.0	-0.09999999999999964	0.16778423308231574	0.428159790991456	-0.9886865065055587	3.4874781780109205	1.7724317867679487	1.9733143472894967	3.7457461340574456	4.5	E
20	5ISR	39	4.0	0.0	0.0	-0.5	0.06740946164165185	0.4820017023953163	-0.996282457959472	3.9592730859718395	1.9151477938577506	2.1533160388598795	4.06846383271763	4.5	E
21	5ISR	44	3.6	0.0	0.0	-0.8999999999999999	-0.02363800261066677	0.9204071778991681	-0.9727247441936684	7.963592351986589	2.8994353897529193	0.42467918298474644	3.3241145727376655	4.5	E
22	5ISR	54	3.8	0.0	0.0	-0.7000000000000002	-0.2487116969524801	0.8695793861088931	-0.9666795206347831	7.356653177478617	1.1700190948924094	2.028284808553328	3.1983039034457375	4.5	E
23	5ISR	60	3.4	0.0	0.0	-1.1	-0.2090866061039058	0.9990422433904947	-1.0	9.781114693112285	1.413720244512084	3.940696057935048	5.354416302447132	4.5	E
24	5ISR	62	3.3	0.0	0.0	-1.2000000000000002	-0.1845471655333699	0.9708366051766859	-1.0	8.783507097371833	2.1372226600112327	4.508772018561697	6.645994678572929	4.5	E
25	5ISR	88	3.9	0.0	0.0	-0.6000000000000001	-0.19517552882689818	1.0	-0.9984683723038826	11.898585165183713	1.6655220655768155	2.5576384649767285	4.223160530553544	4.5	E
26	5ISR	109	3.8	0.0	0.0	-0.7000000000000002	-0.15440694345998715	0.6646888112314576	-1.0	5.480949763026106	2.8771431131075667	2.9469499862122968	5.824093099319864	4.5	E
27	5ISR	116	3.9	0.0	0.0	-0.6000000000000001	-0.2979938887053072	1.0	-1.0	10.835355083187116	0.7007986672422987	3.9797140089369742	4.680512676179273	4.5	E
28	5ISR	122	3.8	0.0	0.0	-0.7000000000000002	-0.28569787778714395	0.4658957462073062	-0.9948636623052588	3.8202209162832768	1.252005477835318	2.740570930832346	3.992576408667664	4.5	E
29	2TRX	25	7.5	0.0	0.0	3.5	-0.13131145472301986	1.0	-0.9062252554186679	19.057158826014888	1.1367495448128593	1.144383880203064	2.2811334250159234	4.0	D
30	2SNM	59	5.7	0.0	0.0	-4.8999999999999995	-0.1463478258141825	-1.0	1.0	13.183422250017905	1.6755785337382532	2.914443692875956	4.590022226614209	10.6	K
31	1U9R	53	8.8	0.0	0.0	4.300000000000001	-0.10830796505154194	1.0	-0.9999816565306197	12.710849642957228	1.6138435366990163	2.855871452467377	4.469714989166393	4.5	E
32	1L98	104	6.0	0.0	0.0	1.5	-0.011990976552972685	1.0	-0.9409041311929549	10.691886472114588	1.1480430877056642	1.6067631652166856	2.75480625292235	4.5	E
33	1L54	101	6.7	0.0	0.0	-3.8999999999999995	-0.13857876801010172	-1.0	0.9280129038938743	16.42870979417615	2.2638943505516447	0.30336612697569776	2.567260477527342	10.6	K
34	1L54	30	9.0	0.0	0.0	2.5999999999999996	0.08858999920173785	-1.0	0.9652015831581002	11.68231484299443	1.433430741383622	1.7358118616012588	3.169242602984881	6.4	H
35	1L54	69	0.6	0.0	0.0	-3.4	-0.08166048405597438	1.0	-0.9754231875143231	10.95019633324312	1.5889174883707273	1.7956484329963556	3.384565921367083	4.0	D
36	3EBX	5	2.65	0.0	0.0	-3.7500000000000004	-0.10351262562351315	-0.3871144944375187	1.0	3.111477740298828	6.323848943111041	1.4281277970742365	7.7519767401852775	6.4	H
37	3SSI	37	3.05	0.0	0.0	-3.3500000000000005	0.08035051411008556	-1.0	0.982098800138475	12.856698140638288	3.1115123684642856	0.4381359979375024	3.549648366401788	6.4	H
38	9RNT	75	0.6	0.0	0.0	-3.4	0.010449708422671698	1.0	-1.0	10.17967191054842	5.966513316203152	1.6236438166616003	7.590157132864752	4.0	D
39	9RNT	39	7.8	0.0	0.0	1.3999999999999995	-0.004094372948580792	-0.42487758718711355	1.0	3.458004197133958	4.535650753128628	1.9844947689630628	6.520145522091691	6.4	H
40	9RNT	2	3.51	0.0	0.0	-0.4900000000000002	0.10819154382282317	0.3870690958808378	-1.0	3.1110521138515157	5.931846462740393	1.2049538555751376	7.13680031831553	4.0	D
41	9RNT	14	3.49	0.0	0.0	-0.5099999999999998	0.11949863046855895	0.7293202227592865	-1.0	6.027328478360197	6.416895580595684	0.5957397926236733	7.012635373219357	4.0	D
42	9RNT	28	4.44	0.0	0.0	0.4400000000000004	0.12567791247211044	0.2623857064029768	-0.9871929500669743	1.8209423038301114	0.2502907749208579	3.446908901252627	3.6971996761734847	4.0	D
43	9RNT	48	4.37	0.0	0.0	0.3700000000000001	0.10401080593216118	0.3583391011114897	-0.7781077817399992	2.83663650547825	0.7048499740284522	0.2533268552145136	0.9581768292429658	4.0	D
44	9RNT	65	3.89	0.0	0.0	-0.10999999999999988	0.05616854376100274	0.4935137994436675	-0.9296945206582065	4.05775943729545	2.5121061979389365	0.07871571706945317	2.5908219150083895	4.0	D
45	9RNT	27	5.39	0.0	0.0	0.8899999999999997	-0.010518138492743707	0.27201964120037025	-0.9994615723044672	1.931911611175487	1.072073592566481	3.2638269406799165	4.335900533246398	4.5	E
46	9RNT	30	4.78	0.0	0.0	0.28000000000000025	0.08950956171133113	0.3779809545456604	-0.9670790348613612	3.0253621261324746	1.2175854836410316	1.9886785531352416	3.206264036776273	4.5	E
47	9RNT	45	3.58	0.0	0.0	-0.9199999999999999	0.07829535286443699	0.6206039705366376	-0.9642866475393327	5.116035784895181	2.7475434097316547	0.404000503612647	3.1515439133443017	4.5	E
48	9RNT	57	3.93	0.0	0.0	-0.5699999999999998	-0.17480475525734707	1.0	-1.0	10.314007101666434	3.6609051122835594	2.397828949803654	6.058734062087213	4.5	E
49	9RNT	81	3.24	0.0	0.0	-1.2599999999999998	-0.018597912706085063	0.3595711348776393	-1.0	2.8486251332666224	4.546905309116669	0.4301380777569944	4.977043386873663	4.5	E
50	9RNT	101	5.16	0.0	0.0	0.6600000000000001	0.17042538193053408	0.8179610271360932	-0.9956125719400847	6.830295064187274	2.8580770869690784	1.1730369424934755	4.031114029462554	4.5	E
51	9RNT	26	7.08	0.0	0.0	0.6799999999999997	0.18691167370690845	-0.6318363529624338	1.0	5.208732664780614	2.7975870466993547	3.143661900948006	5.9412489476473604	6.4	H
52	9RNT	91	7.31	0.0	0.0	0.9099999999999993	0.10925217343480328	-0.6917544399599088	1.0	5.707423606446466	3.6281552353540034	0.8934575567906894	4.521612792144693	6.4	H
53	1LNI	0	3.44	0.0	0.0	-0.56	-0.25529412987234446	0.5266177930044522	-0.8996823487212846	4.337490644475473	1.1761589915435011	1.0247811590493878	2.200940150592889	4.0	D
54	1LNI	16	3.72	0.0	0.0	-0.2799999999999998	0.14639975228582483	0.9870963844755384	-0.9978603787951521	9.194159124291522	3.138084299470017	1.034660947730781	4.1727452472007975	4.0	D
55	1LNI	24	4.78	0.0	0.0	0.7800000000000002	0.0694278649265108	0.542083986849871	-0.7948246209739358	4.466762555883101	1.0240396793186468	0.08749613160811702	1.111535810926764	4.0	D
56	1LNI	32	2.39	0.0	0.0	-1.6099999999999999	0.020234661510539747	0.8353760549505693	-1.0	7.001056100016278	4.829641396745264	0.9941230055923502	5.8237644023376145	4.0	D
57	1LNI	78	7.37	0.0	0.0	3.37	0.19296610880219872	0.9998446170265407	-1.0	9.911853801374034	4.319131159233792	1.344162866278118	5.6632940255119095	4.0	D
58	1LNI	83	3.01	0.0	0.0	-0.9900000000000002	-0.13872828213748178	0.28274153951811004	-1.0	2.0526039278192405	3.5108957074458145	1.3558860947237221	4.866781802169537	4.0	D
59	1LNI	92	3.09	0.0	0.0	-0.9100000000000001	0.18365113553992807	0.6676109390775518	-1.0	5.50528253584099	5.5821365744853075	1.1128511156801377	6.694987690165445	4.0	D
60	1LNI	13	5.02	0.0	0.0	0.5199999999999996	0.06895407286855461	0.977367119056693	-0.9967012915674834	8.930118325533504	2.4135284747439925	1.6800135836557601	4.093542058399753	4.5	E
61	1LNI	40	4.14	0.0	0.0	-0.3600000000000003	-0.11256954364267088	0.36529863232473087	-0.984923631585368	2.9040853684454526	2.379801965120177	1.2486714374321433	3.6284734025523204	4.5	E
62	1LNI	53	3.42	0.0	0.0	-1.08	-0.12481254239493805	0.7735063169228633	-1.0	6.416555830435714	3.800102770238704	2.570737068380712	6.370839838619416	4.5	E
63	1LNI	73	3.47	0.0	0.0	-1.0299999999999998	0.09236955280852255	0.2720564049986936	-0.9944016106094735	1.9323303771601017	3.0508780460598	0.9193050465435182	3.9701830926033184	4.5	E
64	1LNI	77	3.13	0.0	0.0	-1.37	0.19962548242141875	0.6582204385389421	-1.0	5.42717051059182	3.333053113155715	1.5961274042393732	4.929180517395088	4.5	E
65	1LNI	52	8.27	0.0	0.0	1.8699999999999992	0.24748206806789128	-0.7249033056270088	1.0	5.989283077982244	3.211896792701419	1.7085586874470569	4.920455480148476	6.4	H
66	1LNI	84	6.35	0.0	0.0	-0.05000000000000071	0.032590645886788436	-0.2439760315790184	1.0	1.6015320154582064	2.8794829492479757	1.8744211334347922	4.753904082682768	6.4	H
67	3A5E	32	2.12	0.0	0.0	-1.88	-0.13932850417605705	0.8298482939618922	-1.0	6.946212407053665	4.9522264343953895	1.0905990120605336	6.0428254464559235	4.0	D
68	3A5E	78	6.06	0.0	0.0	2.0599999999999996	0.01877985589111842	0.9992378187941225	-1.0	9.804747367028515	4.4103891341332355	1.29869375411179	5.7090828882450255	4.0	D
69	3A5E	83	2.98	0.0	0.0	-1.02	-0.25374170782109395	0.2786294100483033	-1.0	2.006650703545593	3.454701437951879	1.4486614399688789	4.903362877920758	4.0	D
70	3A5E	92	3.0	0.0	0.0	-1.0	0.10217251843656587	0.6500317496456298	-1.0	5.359234590734515	5.707401184052864	1.0752126056596758	6.782613789712539	4.0	D
71	3A5E	13	2.83	0.0	0.0	-1.67	-0.20774728468495923	0.9737305168756811	-0.9962431680426976	8.846295307700451	2.3912489962318952	1.6749361483974954	4.06618514462939	4.5	E
72	3A5E	53	2.26	0.0	0.0	-2.24	-0.2709175269594029	0.772418863129154	-1.0	6.406754202156103	4.217536530642892	2.5949292681138783	6.8124657987567705	4.5	E
73	3A5E	77	3.02	0.0	0.0	-1.48	-0.028449884083844898	0.644998160797231	-1.0	5.317544374649178	3.2394323333155977	1.7431588523326593	4.982591185648257	4.5	E
74	3A5E	52	7.39	0.0	0.0	0.9899999999999993	0.04331670167513087	-0.727606893944815	1.0	6.012554969202425	3.19158131024397	1.5644698717352261	4.7560511819791955	6.4	H
75	3A5E	84	6.09	0.0	0.0	-0.3100000000000005	-0.0758041742150473	-0.2574672806635423	1.0	1.7633057834585792	2.937644035104436	1.9703894361805392	4.908033471284975	6.4	H
76	1A2P	5	2.9	0.0	0.0	-1.1	-0.0008463709330257564	0.7048458569348195	-0.9080850054516946	5.818037884429712	1.1987930128461597	1.1055603122093467	2.3043533250555064	4.0	D
77	1A2P	9	3.8	0.0	0.0	-0.20000000000000018	-0.01970300939457202	0.7155123469801759	-0.999708805583266	5.908811763691277	3.0342568921500566	1.345070654062748	4.379327546212805	4.0	D
78	1A2P	19	3.3	0.0	0.0	-0.7000000000000002	-0.10567543856072266	0.4868801240296136	-0.9043581651700467	4.0010945244577885	1.7218180401967835	0.5361985003718803	2.258016540568664	4.0	D
79	1A2P	41	3.35	0.0	0.0	-0.6499999999999999	-0.08278605845930574	0.795711129803295	-0.8462389125071882	6.619770264760982	1.327176992885399	0.2835881884019959	1.6107651812873949	4.0	D
80	1A2P	51	2.2	0.0	0.0	-1.7999999999999998	-0.14708047776323108	0.666189312518113	-0.9999896718457437	5.493441469348331	1.6114821587665142	2.8657931766682445	4.477275335434759	4.0	D
81	1A2P	72	3.1	0.0	0.0	-0.8999999999999999	-0.14446504674000313	0.855133370310021	-1.0	7.202699215818465	4.300574054012966	3.1980171309329535	7.498591184945919	4.0	D
82	1A2P	83	4.2	0.0	0.0	0.20000000000000018	-0.127361670431418	0.5157082182446391	-1.0	4.245809605355702	5.360631194348542	2.7872418321019885	8.147873026450531	4.0	D
83	1A2P	98	2.1	0.0	0.0	-1.9	-0.15919948770649991	0.1792214808114439	-1.0	0.7287193036084877	5.407340028997034	1.393732535868069	6.801072564865103	4.0	D
84	1A2P	26	3.75	0.0	0.0	-0.75	-0.08957123602215676	0.8184783123230138	-0.9874259382324988	6.835285325827752	2.749420089085216	0.9551622760312547	3.7045823651164707	4.5	E
85	1A2P	57	3.0	0.0	0.0	-1.5	-0.28481052975829363	0.2473098123655452	-0.978153311462411	1.642029471045305	1.4465490869238604	2.00252605737999	3.4490751443038503	4.5	E
86	1A2P	70	2.1	0.0	0.0	-2.4	-0.209501217127941	0.9639090240702449	-1.0	8.644301615473534	1.4869081580240797	3.509076188765082	4.995984346789162	4.5	E
87	1A2P	15	7.9	0.0	0.0	1.5	-0.08656742284781299	-0.35539491204552714	0.9762344985968764	2.807901281617003	2.34826709433997	1.055091294370575	3.403358388710545	6.4	H
88	1A2P	99	6.3	0.0	0.0	-0.10000000000000053	0.046163146062951146	-0.16087488204830133	1.0	0.4419448990534505	4.148143904803464	1.762020263624869	5.9101641684283335	6.4	H
89	1FS3	37	3.1	0.0	0.0	-0.8999999999999999	-0.3774985649006888	0.20312379544365863	-0.9606471636534137	1.0726833369728472	1.0047512109815797	2.0784197090413836	3.0831709200229636	4.0	D
90	1FS3	52	3.9	0.0	0.0	-0.10000000000000009	0.06768269196465188	0.928106314805438	-0.9897734383517637	8.068562848681207	2.6781310867444077	1.1049584518510174	3.783089538595425	4.0	D
91	1FS3	82	3.5	0.0	0.0	-0.5	-0.2439684123160436	0.7643033476412209	-1.0	6.334004113931365	6.310445616097449	1.485788422563411	7.79623403866086	4.0	D
92	1FS3	120	3.1	0.0	0.0	-0.8999999999999999	-0.2607502265422707	0.9786858894914862	-1.0	8.96210462334189	3.575069235561246	1.914480824025854	5.4895500595871	4.0	D
93	1FS3	1	2.8	0.0	0.0	-1.7000000000000002	-0.42954341582574757	0.40990538914453784	-1.0	3.3223173776503723	1.0882357473245345	3.569966151440928	4.658201898765463	4.5	E
94	1FS3	8	4.0	0.0	0.0	-0.5	-0.26283596502640705	0.9867013150340848	-0.9776686587953215	9.181834235618654	0.9221969699224252	2.5151539572643524	3.4373509271867775	4.5	E
95	1FS3	48	4.7	0.0	0.0	0.20000000000000018	0.004949195918373672	0.9853138160599132	-1.0	9.139910075458094	3.5011003937332603	2.240201611575013	5.741302005308274	4.5	E
96	1FS3	85	4.1	0.0	0.0	-0.40000000000000036	-0.3316683809247357	0.4776020698867947	-1.0	3.9214418527939072	5.714450658882968	2.1489457730261265	7.863396431909095	4.5	E
97	1FS3	110	3.5	0.0	0.0	-1.0	-0.0991276888171917	0.8152170802642209	-0.9862522934754833	6.803902027038609	3.3375065144508795	0.3305355126222935	3.668042027073173	4.5	E
98	1FS3	11	6.2	0.0	0.0	-0.20000000000000018	-0.08044520702466311	-1.0	1.0	12.037188308426172	2.7438365467503463	2.1740070139827865	4.917843560733132	6.4	H
99	1FS3	47	6.0	0.0	0.0	-0.40000000000000036	0.13493315867194108	-0.9273221664023665	1.0	8.057653001894412	5.471165097490714	2.0814748188265466	7.552639916317261	6.4	H
100	1FS3	104	6.7	0.0	0.0	0.2999999999999998	0.008239137636840227	-0.8615017932612926	1.0	7.269815560631551	5.2321914508715075	2.318604488874994	7.550795939746502	6.4	H
101	1FS3	118	6.1	0.0	0.0	-0.3000000000000007	-0.028310980665366532	-0.9779586745158537	0.9835335318084791	8.944351740958297	1.9080464646807869	1.6808128390293118	3.5888593037100986	6.4	H
102	2RN2	9	6.1	0.0	0.0	2.0999999999999996	0.19613179624629168	0.9877300164998664	-1.0	9.214319364204895	5.759213225102143	3.477758867944893	9.236972093047036	4.0	D
103	2RN2	69	2.6	0.0	0.0	-1.4	-0.01011956052673761	0.5541483226808046	-1.0	4.567123701033247	4.0086018496753315	2.71889874814754	6.727500597822871	4.0	D
104	2RN2	93	3.2	0.0	0.0	-0.7999999999999998	-0.27897164500776145	0.24810377245924684	-0.9716653894382488	1.651622364189644	0.9887880829406792	2.3123836695963442	3.3011717525370234	4.0	D
105	2RN2	107	3.2	0.0	0.0	-0.7999999999999998	-0.22217440367086883	1.0	-0.9089974677722441	10.59398682711944	1.031746756605445	1.2840718116260905	2.3158185682315358	4.0	D
106	2RN2	133	4.1	0.0	0.0	0.09999999999999964	0.20759256518774924	0.545661293185595	-1.0	4.496560903035447	2.5363190102780173	4.8810942231840215	7.417413233462039	4.0	D
107	2RN2	5	4.5	0.0	0.0	0.0	-0.1970687029834697	1.0	-0.9957951203736846	10.098696170899279	1.8034592596199297	2.2375339325195327	4.040993192139462	4.5	E
108	2RN2	31	3.6	0.0	0.0	-0.8999999999999999	-0.2982313769699458	0.4670223607454741	-0.9999310462192096	3.8299994295884643	1.0581019959919051	3.383179966655154	4.441281962647059	4.5	E
109	2RN2	47	4.4	0.0	0.0	-0.09999999999999964	0.001918008022708609	0.9862957260983731	-1.0	9.169366377427208	6.7600280058475715	1.4559889283134269	8.216016934160999	4.5	E
110	2RN2	56	3.2	0.0	0.0	-1.2999999999999998	-0.11590363564797371	1.0	-0.7476050416028086	11.034519362881925	0.17217579210736592	0.514161534644674	0.6863373267520398	4.5	E
111	2RN2	60	3.9	0.0	0.0	-0.6000000000000001	-0.3017442694909963	0.27535843693259965	-0.9842219529595875	1.9698019234097197	1.3184475118928667	2.28981694955449	3.608264461447357	4.5	E
112	2RN2	63	4.4	0.0	0.0	-0.09999999999999964	-0.23775242503785035	0.5910948778367653	-1.0	4.872726179215769	3.0181697939251624	2.075707728090308	5.09387752201547	4.5	E
113	2RN2	118	4.1	0.0	0.0	-0.40000000000000036	-0.09160321880601081	0.8762734115879643	-0.9549841631841035	7.430203091115969	1.7147778460054692	1.2676497225731844	2.982427568578654	4.5	E
114	2RN2	128	3.6	0.0	0.0	-0.8999999999999999	-0.07861206542299652	0.7195845054604403	-1.0	5.943638888771606	2.645698793035021	3.809668753374855	6.455367546409876	4.5	E
115	2RN2	130	4.3	0.0	0.0	-0.20000000000000018	0.07016770057853353	0.40736394907466594	-1.0	3.299073685867197	1.6423350795412552	4.411136316897142	6.053471396438398	4.5	E
116	2RN2	134	4.3	0.0	0.0	-0.20000000000000018	0.054659929525819044	0.5405315832378649	-1.0	4.453820187563857	1.0104540584640225	3.942629157740804	4.953083216204827	4.5	E
117	2RN2	146	4.2	0.0	0.0	-0.2999999999999998	0.037970372694930865	0.29151977118785716	-1.0	2.149371204150854	3.2729649739875737	1.3839822661809644	4.656947240168538	4.5	E
118	2RN2	153	4.4	0.0	0.0	-0.09999999999999964	0.03815718408666682	0.3532614684205883	-0.9160464317793255	2.7870020362770527	1.191739557612162	1.214361855095869	2.406101412708031	4.5	E
119	2RN2	61	7.0	0.0	0.0	0.5999999999999996	-0.023352090899907713	-0.3198153765495908	1.0	2.4501278223747462	2.469425614237713	2.39468840871789	4.864114022955603	6.4	H
120	2RN2	82	5.5	0.0	0.0	-0.9000000000000004	-0.2072584193757288	-0.48771888949026865	0.9654144233501328	4.008272013710059	1.568315304154947	1.6050759444908402	3.173391248645787	6.4	H
121	2RN2	123	7.1	0.0	0.0	0.6999999999999993	0.017766758736992027	-0.2435371266960749	0.822242422259865	1.5961738563589083	0.06559514669130798	1.3061464735187094	1.3717416202100174	6.4	H
122	2RN2	126	7.9	0.0	0.0	1.5	0.21561404637574516	-0.5514113884989652	0.997142032149281	4.544387629159986	1.8843438816481155	2.2373665705958676	4.121710452243983	6.4	H
123	3GB1	21	2.9	0.0	0.0	-1.1	-0.020381308601391996	0.7532536981283484	-0.8813879299059518	6.236004839132006	1.1667376683807282	0.8207195867320674	1.9874572551127956	4.0	D
124	3GB1	35	3.8	0.0	0.0	-0.20000000000000018	0.007542880561274786	0.3310494166020683	-0.9920182072070316	2.5653257641032203	3.7594591006536113	0.10753940541642805	3.8669985060700394	4.0	D
125	3GB1	39	4.0	0.0	0.0	0.0	0.13498166053689634	0.44952214638273574	-0.8845594137644451	3.6771440101919675	0.628373113612825	1.3950809501004504	2.0234540637132756	4.0	D
126	3GB1	45	3.6	0.0	0.0	-0.3999999999999999	0.04001618605690326	0.4096533819018186	-1.0	3.320015393580926	4.196353993929431	1.7631622218020395	5.959516215731471	4.0	D
127	3GB1	46	3.4	0.0	0.0	-0.6000000000000001	0.04898366074785556	0.349172470942372	-0.9572926440384422	2.7467617825961996	1.3760258758400954	1.6467107568018864	3.0227366326419816	4.0	D
128	3GB1	14	4.4	0.0	0.0	-0.09999999999999964	-0.06908994695787349	0.4919731746195861	-0.9490543541008191	4.044619713623691	1.87162461900302	1.011446086318541	2.883070705321561	4.5	E
129	3GB1	26	4.5	0.0	0.0	0.0	-0.10320142228114904	0.9512314454860086	-0.9838083543076652	8.41889476316675	1.4913058887844146	2.105251728412564	3.5965576171969786	4.5	E
130	3GB1	55	4.0	0.0	0.0	-0.5	0.30665999551977796	0.5214289266014793	-1.0	4.293940500189192	1.9535947790271893	3.0465748805242963	5.000169659551485	4.5	E
131	3GB1	9	11.0	0.0	0.0	0.40000000000000036	0.20666825725699015	-0.25970727132067856	0.9763414781724411	1.7896401973453357	1.390615925279177	2.015243348296427	3.4058592735756044	10.6	K
132	3GB1	27	10.9	0.0	0.0	0.3000000000000007	0.10402353415617895	-0.6869868594313978	0.9953012898108259	5.667332724475982	2.0395586651534936	1.975169048939118	4.014727714092611	10.6	K
133	1BPI	2	3.55	0.0	0.0	-0.4500000000000002	-0.142496783430343	0.4199584913826395	-0.9127926302335116	3.413652747424913	0.7900783881313714	1.5739610051521873	2.3640393932835586	4.0	D
134	1BPI	49	3.2	0.0	0.0	-0.7999999999999998	-0.1752393260696946	0.4090118127619346	-1.0	3.314152105761401	4.135490160246717	2.9031468121957893	7.038636972442506	4.0	D
135	1BPI	6	3.85	0.0	0.0	-0.6499999999999999	-0.2043367585387034	0.7415478223984593	-1.0	6.133375985744334	2.4686716704439964	2.035797483979089	4.504469154423085	4.5	E
136	1BPI	48	3.85	0.0	0.0	-0.6499999999999999	-0.069871782135755	0.359406275220246	-0.9976976177396831	2.847022142780984	2.1593019527487596	2.0012104320372957	4.160512384786055	4.5	E
137	1BPI	14	10.19	0.0	0.0	-0.41000000000000014	-0.10976646930518955	-0.31747346496586715	0.8523841610088985	2.4258299495831803	1.2756264947194502	0.3984403799953538	1.674066874714804	10.6	K
138	1BPI	25	10.1	0.0	0.0	-0.5	-0.0368244623163956	-0.46480295986580056	0.7958421875894095	3.810728211562479	1.1050547164839404	0.015933818675676472	1.120988535159617	10.6	K
139	1BPI	40	10.6	0.0	0.0	0.0	-0.15510370536744944	-0.6047114438247642	1.0	4.985003055409647	3.170450389317254	2.320672827173652	5.491123216490906	10.6	K
140	1BPI	45	9.89	0.0	0.0	-0.7099999999999991	-0.04188134766354954	-0.40374394856885937	0.9967098959385585	3.2658542018221137	2.2752337791111605	1.8188396046922435	4.094073383803404	10.6	K
141	1XNB	3	3.0	0.0	0.0	-1.0	-0.06944058872148867	0.3818591717196233	-0.9998931030379709	3.0620485776875217	4.162226588541208	0.2646629895216478	4.426889578062856	4.0	D
142	1XNB	10	2.5	0.0	0.0	-1.5	0.006125484528033862	0.5318243564146917	-0.9227457923887707	4.381094406961471	2.463107489225248	0.03188008010413184	2.4949875693293797	4.0	D
143	1XNB	105	2.7	0.0	0.0	-1.2999999999999998	-0.24370167112855765	0.6526555950859941	-1.0	5.380986532221273	6.2093882172687875	1.0007614528804192	7.210149670149207	4.0	D
144	1XNB	118	3.2	0.0	0.0	-0.7999999999999998	-0.0023017555142629247	0.5304412219480112	-0.9465799913275783	4.369519893803146	1.545127075265199	1.2980718029415137	2.843198878206713	4.0	D
145	1XNB	120	3.6	0.0	0.0	-0.3999999999999999	-0.03988874723429573	0.2662988860222598	-0.9660009987595527	1.8663170416490225	1.395062188160678	1.789825442922257	3.184887631082935	4.0	D
146	1XNB	77	4.6	0.0	0.0	0.09999999999999964	-0.09791617747817702	0.9602536084225448	-1.0	8.575959025022602	5.129054814586864	0.688992594858637	5.818047409445501	4.5	E
147	1XNB	171	6.7	0.0	0.0	2.2	-0.027522305440181187	0.9978781145500157	-1.0	9.674105857791494	5.546522079412211	0.06396403528488084	5.610486114697093	4.5	E
148	1XNB	155	6.5	0.0	0.0	0.09999999999999964	-0.24468196336096176	-0.5946454231159278	0.9788985971699286	4.902010304992013	1.8925921888076793	1.5747602482846905	3.46735243709237	6.4	H
149	1TUR	6	2.5	0.0	0.0	-1.5	-0.02921499441549534	0.3255862458685576	-0.9953749971788972	2.5095798243208596	3.185620817876768	0.8329370132836558	4.0185578311604235	4.0	D
150	1TUR	26	2.2	0.0	0.0	-1.7999999999999998	-0.1309438288946992	0.35154110355685986	-0.9999999518042569	2.7701015325413323	3.4774434831785412	1.0210041678872301	4.498447651065772	4.0	D
151	1TUR	9	4.1	0.0	0.0	-0.40000000000000036	-0.02689408261311476	0.28509404056920085	-0.9991358434091339	2.0787116381515376	3.2049940057635613	1.0870961352325657	4.292090140996127	4.5	E
152	1TUR	18	3.2	0.0	0.0	-1.2999999999999998	-0.15498855329168026	0.23977423179848772	-1.0	1.549977812998086	3.3759749670894807	1.1476921417305879	4.523667108820069	4.5	E
153	1TUR	42	4.8	0.0	0.0	0.2999999999999998	-0.017976780312202352	0.6217055473824268	-0.969845844170794	5.125122079365844	3.2419790119135907	0.020722647958701983	3.2627016598722927	4.5	E
154	1TUR	51	7.5	0.0	0.0	1.0999999999999996	-0.016675214037695098	-0.5934578217285628	0.9651660653733644	4.892216065310306	2.564222857325994	0.6043286085791706	3.168551465905165	6.4	H
155	1TUR	12	9.9	0.0	0.0	-0.6999999999999993	0.06539475951468117	-0.48610862870484967	1.0	3.9944893464252775	4.368269495429914	0.6205953709883818	4.988864866418296	10.6	K
156	1TUR	28	11.1	0.0	0.0	0.5	0.11184644421848278	-0.3047459192386119	1.0	2.291962307980773	4.122073749591213	1.293145812931237	5.41521956252245	10.6	K
157	1TUR	33	10.1	0.0	0.0	-0.5	-0.0016069915273308356	-0.6654400862755163	1.0	5.4872033430714495	4.9921517652773995	1.4852932319368606	6.47744499721426	10.6	K
158	1TUR	54	11.1	0.0	0.0	0.5	0.03149766213096397	-0.35602908233374564	1.0	2.8141011017479927	3.390292644032635	1.4672590396553349	4.857551683687969	10.6	K
159	1W4H	3	3.9	0.0	0.0	-0.10000000000000009	-0.15059157167374204	0.5155732359616536	-0.93526518967476	4.244672390754202	1.9105252229002876	0.760196714763252	2.6707219376635396	4.0	D
160	1W4H	15	4.5	0.0	0.0	0.0	-0.23144543345295504	0.6870132350453022	-0.9253874260299073	5.66755425908488	0.4928397129747181	2.0381149573412465	2.5309546703159644	4.5	E
161	1W4H	16	6.5	0.0	0.0	0.09999999999999964	0.07838689144490874	-0.916558402505856	0.9404305692838872	7.912783069228515	0.968834594387927	1.7787748075659295	2.7476094019538566	6.4	H
162	1W4H	19	3.7	0.0	0.0	-0.2999999999999998	-0.11329559922882462	0.8814616162952759	-0.8508429024018727	7.488289211349622	1.3320258348349787	0.32607540752819775	1.6581012423631765	4.0	D
163	1W4H	35	3.7	0.0	0.0	-0.7999999999999998	-0.1260949480777199	0.4125702583815298	-1.0	3.34662204454905	1.6249109731002278	3.9859054081759457	5.610816381276173	4.5	E
164	1W4H	36	3.2	0.0	0.0	-0.7999999999999998	-0.2384698301026735	0.8947685775645544	-1.0	7.642139034034251	1.9964800962867595	5.0572052541599515	7.053685350446711	4.0	D
165	1W4H	38	4.5	0.0	0.0	0.0	-0.18963967117617295	0.7368236335574396	-0.9992253409656693	6.092272280411013	0.20667668420905028	4.096478295827618	4.303154980036668	4.5	E
166	1W4H	40	5.4	0.0	0.0	-1.0	-0.05699165326445218	-0.9980414412578525	1.0	9.686912214681112	0.09548873584621904	4.513931110335744	4.609419846181963	6.4	H
167	1DE3	8	3.9	0.0	0.0	-0.10000000000000009	-0.2510940080733366	0.28561426730993483	-1.0	2.084467503075214	5.01587614015768	4.056149667332783	9.072025807490462	4.0	D
168	1DE3	56	4.3	0.0	0.0	0.2999999999999998	-0.1759412913297515	0.42269008194500846	-0.9938841895914302	3.4383080106423103	1.6894514197230242	2.2567169913133305	3.9461684110363544	4.0	D
169	1DE3	58	4.0	0.0	0.0	0.0	-0.20343731332389345	0.3596243576328424	-0.9946751711787473	2.8491425572667324	0.9252690924422818	3.0580561428137027	3.9833252352559847	4.0	D
170	1DE3	74	3.8	0.0	0.0	-0.20000000000000018	-0.3448066318602204	0.4738604504798921	-1.0	3.8891800513190002	4.362051296224455	3.2951917948737726	7.657243091098227	4.0	D
171	1DE3	84	3.8	0.0	0.0	-0.20000000000000018	-0.25227894662493877	0.21861414366004178	-1.0	1.2809203345919642	2.7233066893233198	3.421802863148229	6.145109552471549	4.0	D
172	1DE3	108	3.7	0.0	0.0	-0.2999999999999998	-0.27882620676771963	0.387383188865893	-1.0	3.113996355935609	3.142137577890256	1.7881516709151544	4.93028924880541	4.0	D
173	1DE3	18	4.6	0.0	0.0	0.09999999999999964	-0.2572736497530283	0.17451065144254368	-1.0	0.6571698628917692	4.54975595741171	3.0143580658674205	7.564114023279131	4.5	E
174	1DE3	30	4.6	0.0	0.0	0.09999999999999964	-0.3209393498107299	0.8018047617188108	-1.0	6.67667230020029	5.194146339690089	1.9092126072106446	7.103358946900734	4.5	E
175	1DE3	95	5.2	0.0	0.0	0.7000000000000002	-0.34289827371647863	1.0	-0.9956131638118979	13.738952705573324	1.9837619725652622	2.0473837543678357	4.031145726933098	4.5	E
176	1DE3	114	4.8	0.0	0.0	0.2999999999999998	-0.24758016613322373	0.3701283406360676	-0.9913350513074619	2.950512547340032	2.2783640415686066	1.5619880357391718	3.840352077307778	4.5	E
177	1DE3	139	4.2	0.0	0.0	-0.2999999999999998	-0.28374812059215604	0.3162606695975868	-1.0	2.413207193907515	4.355488825828899	3.645454303533521	8.000943129362419	4.5	E
178	1DE3	143	4.3	0.0	0.0	-0.20000000000000018	-0.2824315388731195	0.4296014161778187	-0.9929222105130985	3.5003944762408343	1.7999691561092765	2.1040880673845055	3.904057223493782	4.5	E
179	1DE3	34	6.3	0.0	0.0	-0.10000000000000053	-0.1545867746736455	-0.5185154526679815	1.0	4.269443966252924	2.8939178548678597	2.6991441427005682	5.593061997568428	6.4	H
180	1DE3	35	6.8	0.0	0.0	0.39999999999999947	-0.09720817972268181	-0.537669282263601	1.0	4.429938847649624	2.530265032458867	2.2508964838896603	4.7811615163485275	6.4	H
181	1DE3	49	7.7	0.0	0.0	1.2999999999999998	-0.02316276147900725	-0.9176335692936178	1.0	7.926872772385611	2.9503943237833683	2.27195292449141	5.222347248274778	6.4	H
182	1DE3	81	7.3	0.0	0.0	0.8999999999999995	-0.020918159577720453	-0.5775952196820611	1.0	4.761288480878694	3.1015112221662915	3.9673876946705846	7.068898916836876	6.4	H
183	1DE3	91	6.9	0.0	0.0	0.5	-0.117568362083888	-0.561537972644236	1.0	4.628427232452665	4.102482538732553	3.588325173877759	7.690807712610312	6.4	H
184	1DE3	103	6.5	0.0	0.0	0.09999999999999964	0.062238167455898726	-0.3001937287139627	0.9925888522294386	2.2433020867096207	1.3447749353022849	2.545358408332164	3.8901333436344485	6.4	H
185	1DE3	136	5.8	0.0	0.0	-0.6000000000000005	-0.10038711621420579	-0.7681417295137802	1.0	6.368326699558366	4.163474802912342	3.615649266634897	7.779124069547239	6.4	H
186	1DE3	149	7.6	0.0	0.0	1.1999999999999993	0.155849351474128	-0.6540698350581025	1.0	5.39271689717648	4.5224005412707955	1.149763761883464	5.6721643031542595	6.4	H
187	1QH6	3	3.84	0.0	0.0	-0.16000000000000014	-0.0660632066233693	0.4806681219905347	-0.984579444417215	3.9478176576941406	3.1126861701270965	0.5058182551268683	3.6185044252539647	4.0	D
188	1QH6	10	3.94	0.0	0.0	-0.06000000000000005	-0.24132349969688727	0.2930127260892631	-1.0	2.1656549822064375	2.3224889529918427	2.612132793086477	4.934621746078319	4.0	D
189	1QH6	13	3.35	0.0	0.0	-0.6499999999999999	-0.2679474094824879	0.6445279942801885	-1.0	5.313652691645889	2.9197821081596715	4.618866738325807	7.538648846485479	4.0	D
190	1QH6	19	3.46	0.0	0.0	-0.54	-0.08925834522934999	0.5258662915536704	-0.9995893591344476	4.331189290840954	3.36325196046604	0.9934432591528987	4.356695219618938	4.0	D
191	1QH6	88	3.88	0.0	0.0	-0.1200000000000001	-0.09954347587379604	0.5862424975174835	-0.9146281944648382	4.832690464491809	0.8905969394245262	1.4970863095385232	2.3876832489630493	4.0	D
192	1QH6	15	4.31	0.0	0.0	-0.1900000000000004	-0.1412698008418807	0.9885656909886239	-1.0	9.241706410556583	2.4662693662777326	2.864927047142272	5.331196413420004	4.5	E
193	1QH6	54	4.55	0.0	0.0	0.04999999999999982	-0.14041375915666898	0.5718058174026005	-1.0	4.713432941387555	3.594869671079902	1.8244064571195768	5.419276128199479	4.5	E
194	1QH6	92	3.94	0.0	0.0	-0.56	-0.13286450937064503	0.9512456738752845	-1.0	8.419131288688336	4.970845036703749	1.467428697960215	6.438273734663964	4.5	E
195	1QH6	124	4.51	0.0	0.0	0.009999999999999787	-0.2029568836952639	0.9766026231172732	-1.0	8.911987100507584	3.839055112959663	1.9287249328935823	5.767780045853245	4.5	E
196	1QH6	165	3.58	0.0	0.0	-0.9199999999999999	-0.2009391954849762	0.7946210931939578	-0.9751096518330065	6.609646845251883	2.053913851312062	1.323469765203405	3.377383616515467	4.5	E
197	1QH6	176	4.1	0.0	0.0	-0.40000000000000036	-0.18926873089776824	0.9782962026579681	-1.0	8.95255575092431	2.090486227456109	3.3596246993378287	5.450110926793938	4.5	E
198	1QH6	182	6.5	0.0	0.0	2.0	-0.09151439270729089	1.0	-1.0	11.936756070277445	5.2148898526877705	0.38002791612482245	5.594917768812593	4.5	E
199	1QH6	9	6.52	0.0	0.0	0.11999999999999922	0.02542085603106746	-0.5152517146943759	1.0	4.241963306260791	3.2508325899170063	2.452445432860598	5.703278022777605	6.4	H
200	1QH6	30	6.68	0.0	0.0	0.27999999999999936	0.01252173180625575	-0.25728525125029267	0.979499548859638	1.7611594184721904	2.3290047068461703	1.1533140518030125	3.482318758649183	6.4	H
201	1QH6	58	4.01	0.0	0.0	-2.3900000000000006	-0.07184046843851008	-0.969028274620741	1.0	8.745777365419055	4.758189344779282	0.924224964135836	5.682414308915118	6.4	H
202	1HIC	4	4.28	0.0	0.0	0.28000000000000025	-0.01977206046185773	0.3158011318248861	-1.0	2.4084171835698687	5.634103638262412	0.3088423037546497	5.942945942017062	4.0	D
203	1HIC	32	4.18	0.0	0.0	0.17999999999999972	0.0976071062800626	0.17054236595288064	-0.8890736676719976	0.5958213211819613	1.0270779986507834	1.048306762505791	2.0753847611565743	4.0	D
204	1HIC	7	4.28	0.0	0.0	-0.21999999999999975	-0.04071392262689068	0.2814371400497656	-1.0	2.038071339519635	4.656167413749542	0.8834186634976996	5.539586077247241	4.5	E
205	1HIC	16	3.79	0.0	0.0	-0.71	-0.016090995958589326	0.2838728866765061	-1.0	2.06517573244156	5.2695876118573794	0.2583610107267617	5.527948622584141	4.5	E
206	1HIC	34	4.0	0.0	0.0	-0.5	0.04077336003048428	0.2647231718403263	-0.9921449422710404	1.8480964383412395	1.9048007562219391	1.967263291226484	3.872064047448423	4.5	E
207	1HIC	42	4.25	0.0	0.0	-0.25	-0.06402116750004441	0.17780436646179285	-0.9209471159394708	0.7073378466499648	1.7102361558282937	0.7605686263994315	2.470804782227725	4.5	E
208	1UBQ	20	3.1	0.0	0.0	-0.8999999999999999	0.08200620998766402	0.9078630757136689	-1.0	7.801572045481968	4.037129746262331	2.0707948882311182	6.1079246344934495	4.0	D
209	1UBQ	31	3.8	0.0	0.0	-0.20000000000000018	-0.16141343560320837	0.4836371959463973	-0.981002529539736	3.9733083349797154	1.0617624353605493	2.4589459612786984	3.5207083966392476	4.0	D
210	1UBQ	38	3.6	0.0	0.0	-0.3999999999999999	-0.12451634066112649	0.4443631626751315	-0.9542102879832715	3.631667734317731	1.6097084032710027	1.359422494404507	2.9691308976755098	4.0	D
211	1UBQ	51	3.4	0.0	0.0	-0.6000000000000001	0.11569446077191615	0.5381982533610202	-0.9995716840750399	4.434354098449092	1.107816978755649	3.2458259786351187	4.353642957390768	4.0	D
212	1UBQ	57	3.6	0.0	0.0	-0.3999999999999999	-0.10007192942633615	0.5254991270511348	-1.0	4.328109883627063	3.669672911497942	1.3956357450883818	5.065308656586324	4.0	D
213	1UBQ	15	3.9	0.0	0.0	-0.6000000000000001	-0.10724115682512023	0.591326421087623	-0.9726150427984561	4.874636139241706	1.4383550696056955	1.8833640948285117	3.3217191644342074	4.5	E
214	1UBQ	17	4.3	0.0	0.0	-0.20000000000000018	0.03760784574118692	0.649454192134543	-0.9974940219526045	5.3544485082496385	1.824333982136135	2.3214681024234123	4.145802084559548	4.5	E
215	1UBQ	23	4.3	0.0	0.0	-0.20000000000000018	0.08521129677489353	0.6257072457604423	-1.0	5.158137363586	2.1962001568113516	2.649320373457878	4.84552053026923	4.5	E
216	1UBQ	33	4.5	0.0	0.0	0.0	-0.19464800939414414	0.7049088267732448	-0.9604549490185902	5.818571964873745	1.1870737862420986	1.8925705971925542	3.079644383434653	4.5	E
217	1UBQ	50	3.8	0.0	0.0	-0.7000000000000002	-0.04325327624009565	0.4039861390425126	-0.9890400852935538	3.2680808423218717	1.034936767970106	2.722755443954795	3.757692211924901	4.5	E
218	1UBQ	63	4.5	0.0	0.0	0.0	-0.17561652553931745	0.4845505102195449	-0.9948005200610319	3.981139639325055	2.8455168230139365	1.1439420780753662	3.9894589010893027	4.5	E
219	2CI2	23	2.4	0.0	0.0	-1.6	-0.22888994915291083	0.9265250345655829	-0.976161866603404	8.046615590267743	1.1426629510007111	2.2590005934810105	3.4016635444817216	4.0	D
220	2CI2	45	3.6	0.0	0.0	-0.3999999999999999	-0.1397285326080609	0.627365575741947	-0.9995719730621381	5.171823051864315	1.0384759969228152	3.315216353321732	4.353692350244547	4.0	D
221	2CI2	52	2.5	0.0	0.0	-1.5	-0.03814017281794492	0.9270457971878268	-0.9461558780511186	8.053820268038063	1.0512721850403048	1.7851781831216733	2.8364503681619784	4.0	D
222	2CI2	55	4.95	0.0	0.0	0.9500000000000002	0.017300266715432312	0.8794388559162271	-0.9702864846289543	7.46552531443465	1.7502324182179207	1.521681548310734	3.271913966528655	4.0	D
223	2CI2	4	2.9	0.0	0.0	-1.6	-0.16172286129746594	0.8876785984597623	-0.9517432723888694	7.559246630884066	1.0008795390693028	1.926543715280462	2.927423254349765	4.5	E
224	2CI2	7	2.9	0.0	0.0	-1.6	-0.01677770937344523	0.8844641253884297	-0.7475620524021788	7.522366800715796	0.011665891758920582	0.6742944917999852	0.6859603835589059	4.5	E
225	2CI2	14	3.5	0.0	0.0	-1.0	-0.0394477711880409	0.48379216010590503	-0.9988916590272449	3.974637414387357	1.0591569885472003	3.2053694846154253	4.264526473162626	4.5	E
226	2CI2	15	2.8	0.0	0.0	-1.7000000000000002	-0.12665151643521658	0.7529214460758152	-1.0	6.23307567168821	1.1905248258647032	3.6318860675269016	4.822410893391605	4.5	E
227	2CI2	26	3.65	0.0	0.0	-0.8500000000000001	-0.03988857277659915	0.570763772687263	-0.9280002512730586	4.704814153378219	0.5193507206872979	2.047733406497863	2.567084127185161	4.5	E
228	2CI2	41	3.14	0.0	0.0	-1.3599999999999999	-0.13017572541792938	0.30156085725175946	-0.9550365871538276	2.2579607501673866	1.9351454753575572	1.0481866625279328	2.98333213788549	4.5	E
229	1EGF	10	3.9	0.0	0.0	-0.10000000000000009	-0.02101195991597861	0.19700706219775826	-0.9403415170343387	0.987465111947933	2.69001728547659	0.05624166027132195	2.746258945747912	4.0	D
230	1EGF	26	4.0	0.0	0.0	0.0	-0.007465319004164476	0.28849074155412446	-0.9756670500093856	2.116180223978531	2.017923918917389	1.3722587975834195	3.3901827165008083	4.0	D
231	1EGF	39	3.6	0.0	0.0	-0.3999999999999999	-0.12382611409595118	0.19448156805339165	-1.0	0.9517463391919423	4.9384477217815395	1.0133943932138956	5.951842114995435	4.0	D
232	1EGF	45	3.8	0.0	0.0	-0.20000000000000018	-0.17599176907070796	0.33794400482556364	-0.9992245503937803	2.6349641432650324	2.3972398187753594	1.9058147036442152	4.303054522419575	4.0	D
233	1EGF	23	4.1	0.0	0.0	-0.40000000000000036	-0.1765781547716009	0.3232062532402252	-1.0	2.4851327203149203	4.101605371602007	2.3497768722951062	6.451382243897113	4.5	E
234	1EGF	50	4.0	0.0	0.0	-0.5	-0.014699721581694206	0.5467477062736649	-0.846484787013399	4.505603697241142	0.20578025067865374	1.4074997317012428	1.6132799823798964	4.5	E
235	1EGF	21	6.8	0.0	0.0	0.39999999999999947	0.10052341825095394	-0.5136899595243012	1.0	4.228798274591469	5.359898679787494	1.1190002660847571	6.478898945872251	6.4	H
236	135L	17	2.68	0.0	0.0	-1.3199999999999998	-0.25275057031589593	0.8950770112769119	-0.9980386579110694	7.645796118752859	2.8952075109224356	1.291482096731922	4.186689607654357	4.0	D
237	135L	51	3.78	0.0	0.0	-0.2200000000000002	-0.14008272615734194	0.6943213470186348	-1.0	5.729049347080104	8.040587602234856	1.1083873499927586	9.148974952227615	4.0	D
238	135L	86	2.13	0.0	0.0	-1.87	-0.15293694726340012	0.6544186545222835	-0.9902624204006496	5.395610855930162	3.556630453445728	0.24389474833512628	3.800525201780854	4.0	D
239	135L	118	3.35	0.0	0.0	-0.6499999999999999	-0.23989691253358994	0.37458859110827525	-0.9122096350710173	2.993121430930084	1.2357017591025214	1.120872801258922	2.3565745603614436	4.0	D
240	135L	6	2.68	0.0	0.0	-1.8199999999999998	-0.23953491195650362	0.8475305538574615	-0.9673817966818862	7.123992449347852	2.317221885727789	0.8951051062018688	3.2123269919296575	4.5	E
241	135L	34	6.06	0.0	0.0	1.5599999999999996	-0.21789103336747784	1.0	-0.9991561362904712	12.584706965764768	3.1614043559166722	1.1331424909142127	4.294546846830885	4.5	E
242	135L	40	5.56	0.0	0.0	-0.8400000000000007	-0.1595358357143872	-0.5368342321720331	1.0	4.422967076725946	3.5159597292963776	1.461942257353716	4.977901986650093	6.4	H
243	135L	120	5.25	0.0	0.0	-1.1500000000000004	-0.05359684235190122	-0.6880118413809629	0.9493567474728153	5.675943860867628	1.1918811149667563	1.6961227365886442	2.8880038515554007	6.4	H
244	1IGV	46	3.04	0.0	0.0	-0.96	0.22610314901273437	0.5184693810090549	-0.9856603185491492	4.269056333916734	1.143446171720492	2.5067453719535604	3.6501915436740524	4.0	D
245	1IGV	3	3.77	0.0	0.0	-0.73	-0.010750302104247893	0.3500983293340615	-0.971278747487324	2.7558947308838184	1.01298288128921	2.279917717340757	3.2929005986299673	4.5	E
246	1IGV	4	3.4	0.0	0.0	-1.1	-0.13054479421386858	0.4848062819614788	-1.0	3.9833319583441766	1.0277553109295257	3.566673985751758	4.594429296681284	4.5	E
247	1IGV	10	4.74	0.0	0.0	0.2400000000000002	-0.051858168767156654	0.8727031761302553	-0.9446736038835416	7.390787615104469	0.8266873821714006	1.9863656141259693	2.81305299629737	4.5	E
248	1IGV	16	3.62	0.0	0.0	-0.8799999999999999	0.054961047081086734	0.3451005358632404	-0.9116512427236022	2.7064429250787336	0.5084411410564607	1.841003449994704	2.3494445910511645	4.5	E
249	1IGV	25	4.08	0.0	0.0	-0.41999999999999993	0.04274035185346169	0.4849614624515137	-0.9999710944077654	3.9846618961834954	1.1647122145719828	3.297270677430907	4.46198289200289	4.5	E
250	1IGV	63	3.84	0.0	0.0	-0.6600000000000001	0.13249302009773073	0.7828315227941857	-0.9628887001609766	6.50115894195878	2.0087735792008967	1.1161364233757332	3.12491000257663	4.5	E
251	1IGV	0	10.59	0.0	0.0	-0.009999999999999787	-0.08613065654795762	-0.6354745197207613	0.989399688048862	5.238785428014739	1.1118090168466406	2.6582288100983114	3.770037826944952	10.6	K
252	1IGV	6	11.36	0.0	0.0	0.7599999999999998	0.24771789536245925	-0.7599530652087777	0.9645916128094418	6.295282710428506	0.48124032598748084	2.6761788314114305	3.157419157398911	10.6	K
253	1IGV	11	11.06	0.0	0.0	0.46000000000000085	0.1923755359786041	-0.7541376126642012	0.9448682084721726	6.243802338385187	1.0505382046204839	1.7655701250467266	2.8161083296672107	10.6	K
254	1IGV	15	11.06	0.0	0.0	0.46000000000000085	0.31057604712355946	-0.6069106045962659	0.9880377932520226	5.003132116466444	1.1617382838139263	2.5625578523793373	3.7242961361932636	10.6	K
255	1IGV	28	11.28	0.0	0.0	0.6799999999999997	0.21174905703050614	-0.9013950357601529	0.9891230472323388	7.721714723789347	1.3152684207908962	2.4452540848854967	3.760522505676393	10.6	K
256	1IGV	40	10.93	0.0	0.0	0.33000000000000007	0.042656997401161856	-0.589946760110588	0.8184387278869072	4.863255003143127	1.3272246012311626	0.00767868619112205	1.3349032874222846	10.6	K
257	1IGV	54	12.12	0.0	0.0	1.5199999999999996	0.35242033911844695	-0.2913813054748942	0.9615369764005688	2.1478584403715417	1.1547938488275225	1.9448087486848369	3.0996025975123596	10.6	K
258	1IGV	70	10.72	0.0	0.0	0.120000000000001	0.003839975965089594	-0.7747330857150413	0.988661908729416	6.427628837319854	2.3071131382135226	1.4378088048074313	3.744921943020954	10.6	K
259	1IGV	71	11.33	0.0	0.0	0.7300000000000004	0.10458439617112213	-0.8237476078986982	0.9950695952985997	6.886391987691453	2.063600030085664	1.9392782923611893	4.002878322446853	10.6	K
260	1HRC	17	2.4	0.0	0.0	-4.0	-0.3242747189345451	-0.934130527890487	1.0	8.154206146005466	4.574573034875975	1.4358219555483331	6.010394990424308	6.4	H
261	1HRC	25	2.9	0.0	0.0	-3.5000000000000004	-0.3565136496815933	-0.4986682479147425	1.0	4.101634810522377	2.294865757828443	2.2158560948332737	4.5107218526617165	6.4	H
262	1HRC	32	6.35	0.0	0.0	-0.05000000000000071	-0.18402105599307178	-0.7499169633844339	1.0	6.2066321423528255	2.8829384113029812	2.83394119620746	5.716879607510441	6.4	H
263	1HRC	78	9.5	0.0	0.0	-1.0999999999999996	-0.17136661776917844	-0.5653142661479164	0.9783509342997981	4.659712183786942	3.291601884928822	0.1622899757404887	3.453891860669311	10.6	K
264	2HBB	7	2.99	0.0	0.0	-1.0099999999999998	-0.44839898230585096	0.4631583188545206	-0.9977618020151114	3.7964270699294795	0.004291747770106351	4.16099146943259	4.165283217202696	4.0	D
265	2HBB	22	3.05	0.0	0.0	-0.9500000000000002	-0.1929754759644049	0.639505510580285	-0.9485747319598807	5.272103845331263	1.783628431487158	1.0916453902722039	2.875273821759362	4.0	D
266	2HBB	16	3.57	0.0	0.0	-0.9300000000000002	-0.3852243966056505	0.7652866149166674	-0.9561837025525174	6.342782100411883	0.04894144699882769	2.9543082914527217	3.0032497384515495	4.5	E
267	2HBB	37	4.04	0.0	0.0	-0.45999999999999996	-0.15629343106495333	1.0	-0.9416218861642882	11.180853991015821	2.065680023679281	0.7000841256323322	2.7657641493116136	4.5	E
268	2HBB	47	4.21	0.0	0.0	-0.29000000000000004	-0.15957322669866972	0.6004669897469392	-0.9557831421000138	4.950011830448954	0.6190134414558132	2.377254027971239	2.996267469427052	4.5	E
269	1BF4	14	2.11	0.0	0.0	-1.8900000000000001	-0.19208583176683738	0.6373749273142939	-1.0	5.254490471793475	2.2748904986495786	2.5544337426563493	4.829324241305928	4.0	D
270	1BF4	33	2.16	0.0	0.0	-1.8399999999999999	-0.23656248118626658	0.27408351572582457	-1.0	1.9553669533108382	2.339297961181496	3.5102945987186214	5.849592559900117	4.0	D
271	1BF4	48	2.96	0.0	0.0	-1.04	-0.20884403464907994	0.9076785323191096	-0.9676431733475821	7.799261460739982	1.0123737215683863	2.205208986003476	3.2175827075718626	4.0	D
272	1BF4	9	3.78	0.0	0.0	-0.7200000000000002	-0.17224755319577753	0.17024675292438254	-0.9997859555197415	0.5912104749559806	0.9206423485289177	3.4759005610790585	4.396542909607977	4.5	E
273	1BF4	10	3.9	0.0	0.0	-0.6000000000000001	-0.13247591338641818	0.21843036861450274	-0.9998076946705607	1.2785093179396867	0.32575391487369537	4.076183905240253	4.4019378201139485	4.5	E
274	1BF4	34	4.33	0.0	0.0	-0.16999999999999993	-0.195300842743531	0.19321476249342487	-0.9992386616651633	0.9337081734002377	1.6344015129525484	2.67045388680823	4.304855399760779	4.5	E
275	1BF4	46	3.45	0.0	0.0	-1.0499999999999998	-0.2888019260870991	0.8694713071576277	-0.9978631764499389	7.355477878935801	1.0092948999264442	3.1636645968495496	4.172959496775993	4.5	E
276	1BF4	52	3.01	0.0	0.0	-1.4900000000000002	-0.22822901679921798	0.9882824812963766	-0.9643700707216741	9.232318104417935	1.2240704465242755	1.929078276446787	3.1531487229710624	4.5	E
277	1BF4	58	3.82	0.0	0.0	-0.6800000000000002	-0.26958698214740984	0.4937204124552851	-0.9711332132771507	4.0595206897779565	1.3989068115919652	1.8908942737616437	3.289801085353609	4.5	E
278	1LYS	17	2.66	0.0	0.0	-1.3399999999999999	-0.2559673506987248	0.8369145383144191	-0.9998932731132906	7.0164340256376665	3.033476720635672	1.3934710437966071	4.426947764432279	4.0	D
279	1LYS	47	1.6	0.0	0.0	-2.4	-0.11811041587644613	0.20359603214281613	-0.9927242024311556	1.079188705648132	3.2602672103073256	0.6354813819358028	3.8957485922431285	4.0	D
280	1LYS	51	3.68	0.0	0.0	-0.31999999999999984	-0.1070803749509873	0.7274897197572098	-1.0	6.0115453434051895	7.934938529030515	0.9505787509020088	8.885517279932523	4.0	D
281	1LYS	65	0.9	0.0	0.0	-3.1	-0.1725340930524708	0.42202278805479804	-1.0	3.432291243233198	7.618517202032644	1.1344260283773333	8.752943230409977	4.0	D
282	1LYS	86	2.07	0.0	0.0	-1.9300000000000002	-0.17954220179837754	0.5816909614591077	-0.998008859930991	4.7951178383440585	3.59878265089659	0.5855335655702822	4.184316216466872	4.0	D
283	1LYS	100	4.09	0.0	0.0	0.08999999999999986	-0.21540800305757202	0.6491676636738029	-0.9170776935038608	5.352074365480971	1.426318126077793	0.993260227063225	2.419578353141018	4.0	D
284	1LYS	118	3.2	0.0	0.0	-0.7999999999999998	-0.1312480028556011	0.3767451296992028	-0.9086257701973152	3.0136333881579844	2.2362674424927085	0.07487482427942407	2.3111422667721326	4.0	D
285	1LYS	6	2.85	0.0	0.0	-1.65	-0.23277263173870544	0.9385127680115345	-0.8969006458648593	8.218724918106501	1.317684518263735	0.8498255487414242	2.1675100670051592	4.5	E
286	1LYS	34	6.2	0.0	0.0	1.7000000000000002	-0.1880645035364922	1.0	-0.9997489173785471	12.72184759692779	3.204094882743045	1.1838528642738944	4.3879477470169395	4.5	E
287	1LYS	14	5.36	0.0	0.0	-1.04	-0.20320118347505675	-0.9393338358665505	0.9813546738666084	8.231040698566897	1.45141756455233	2.078496316317027	3.529913880869357	6.4	H
288	1LYS	0	10.8	0.0	0.0	0.20000000000000107	-0.29273725172645787	-0.6996870107489165	1.0	5.7743511064477415	3.414693589142055	1.4717776731489902	4.886471262291045	10.6	K
289	1LYS	12	10.5	0.0	0.0	-0.09999999999999964	-0.08178446774694498	-1.0	0.98748197896721	10.021254540325675	0.4378690410543682	3.268499069449408	3.7063681105037762	10.6	K
290	1LYS	32	10.6	0.0	0.0	0.0	-0.124908871267403	-1.0	0.9965469617772172	11.06802645679116	2.635172316349552	1.4489542823023451	4.084126598651897	10.6	K
291	1LYS	95	10.8	0.0	0.0	0.20000000000000107	-0.20521628694429564	-0.7965981466005173	1.0	6.628020352412675	3.494864994741232	1.743063486306827	5.237928481048058	10.6	K
292	1LYS	96	10.3	0.0	0.0	-0.29999999999999893	-0.1188644211169112	-0.8780669356494144	1.0	7.450172047469428	3.8668617020015876	1.846428636268084	5.713290338269672	10.6	K
293	1LYS	115	10.4	0.0	0.0	-0.1999999999999993	-0.18468323240774298	-0.6132448103022327	1.0	5.055351081760661	3.2225294835202734	1.506820729912314	4.729350213432587	10.6	K
294	1ERT	15	4.0	0.0	0.0	0.0	0.05137893575760291	0.6667373694718077	-0.8782658020361712	5.498005666797199	0.864055616471986	1.08833770903956	1.952393325511546	4.0	D
295	1ERT	19	3.8	0.0	0.0	-0.20000000000000018	-0.15064125959439298	0.39012494141889614	-0.9140602226403308	3.139649321823864	0.12017534898163569	2.2601687757007216	2.3803441246823573	4.0	D
296	1ERT	57	2.8	0.0	0.0	-1.2000000000000002	0.3478008281686754	0.9076446451488142	-1.0	7.798837387306325	3.1349807692048257	3.2490227119291717	6.384003481133997	4.0	D
297	1ERT	59	4.2	0.0	0.0	0.20000000000000018	0.26144704472961156	0.6128863216740156	-0.9969822333173526	5.052395498194814	2.102314904808453	2.008948081121879	4.111262985930332	4.0	D
298	1ERT	60	5.3	0.0	0.0	1.2999999999999998	0.3800820350122192	0.6291525320660339	-1.0	5.186573193815908	2.108327322383333	3.12802194728891	5.2363492696722425	4.0	D
299	1ERT	63	3.2	0.0	0.0	-0.7999999999999998	0.11800436014323021	0.44729950209605757	-1.0	3.657575851159308	3.2230234958421895	1.9587891918353493	5.181812687677539	4.0	D
300	1ERT	5	4.8	0.0	0.0	0.2999999999999998	0.19170806739451157	0.5272723360013767	-0.9984915899188942	4.342977385087511	2.62194487167824	1.6033235432321458	4.225268414910386	4.5	E
301	1ERT	12	4.4	0.0	0.0	-0.09999999999999964	0.0871884402609607	0.7810073832611475	-0.9655120021464713	6.4845293658763445	2.03592179850725	1.1393754768354327	3.175297275342683	4.5	E
302	1ERT	46	4.1	0.0	0.0	-0.40000000000000036	-0.24173611848558071	0.5026995643923289	-1.0	4.135860784309301	2.8137490138772048	2.4138027403825095	5.227551754259714	4.5	E
303	1ERT	55	3.3	0.0	0.0	-1.2000000000000002	0.10273912590292786	1.0	-1.0	11.293935714120137	2.099738559813803	3.094180041474066	5.193918601287869	4.5	E
304	1ERT	67	4.9	0.0	0.0	0.40000000000000036	0.1312315977322227	0.4836475308781182	-0.9989249772678668	3.973396978604494	2.320910160531031	1.9471845804158487	4.26809474094688	4.5	E
305	1ERT	69	4.6	0.0	0.0	0.09999999999999964	0.045400963359864294	0.33582375727301117	-0.9779395524808999	2.613631512849195	1.8987869132653503	1.5451018677640385	3.443888781029389	4.5	E
306	1ERT	87	3.7	0.0	0.0	-0.7999999999999998	-0.02462371321764797	0.7893853019986821	-0.9840183099952955	6.5612448827165775	2.6147097860690085	0.9877721254166465	3.602481911485655	4.5	E
307	1ERT	94	4.1	0.0	0.0	-0.40000000000000036	-0.13815310765465844	0.4076647797550123	-0.9929794987668586	3.301828381794177	1.0632328694630135	2.843249611692505	3.9064824811555185	4.5	E
308	1ERT	97	3.9	0.0	0.0	-0.6000000000000001	-0.055615566382153786	0.829011398321856	-0.9993316208477692	6.937963304777164	1.8210804326690258	2.4960804827299437	4.317160915398969	4.5	E
309	1ERT	102	4.4	0.0	0.0	-0.09999999999999964	0.03394705835863834	0.7275678992400372	-0.9258747325230591	6.012218962863146	1.9357653573059395	0.6018848836078947	2.537650240913834	4.5	E
310	1ERT	42	5.5	0.0	0.0	-0.9000000000000004	-0.02331626296661348	-0.9079419203756528	0.9976661351238477	7.802559821398494	1.9494188607901444	2.2087776442250906	4.158196505015235	6.4	H
311	1ERU	15	4.2	0.0	0.0	0.20000000000000018	0.06899050787307735	0.6878499743320845	-0.8848879354371577	5.6745836882949305	0.8776960017832928	1.1495093381537662	2.027205339937059	4.0	D
312	1ERU	19	3.8	0.0	0.0	-0.20000000000000018	-0.16005084835067093	0.4149829453072234	-0.9333297569150925	3.368567819689578	0.1125117386197	2.530115070944682	2.642626809564382	4.0	D
313	1ERU	25	8.1	0.0	0.0	4.1	0.08241125980129524	1.0	-0.9963324193836604	15.68044932036066	2.361937438489936	1.7094413604546217	4.071378798944558	4.0	D
314	1ERU	57	2.7	0.0	0.0	-1.2999999999999998	0.32874916811142496	0.8886038440160862	-1.0	7.569940715068216	3.112259747115191	3.20512268819546	6.317382435310651	4.0	D
315	1ERU	59	3.9	0.0	0.0	-0.10000000000000009	0.2563899855424888	0.6165829670524527	-0.9982593832030257	5.082874885189338	2.2245158847398345	1.9803457214035372	4.204861606143371	4.0	D
316	1ERU	60	5.2	0.0	0.0	1.2000000000000002	0.361503692155032	0.6322300958810748	-1.0	5.211984360230308	2.0842498879658433	3.0946501103994573	5.178899998365301	4.0	D
317	1ERU	63	3.2	0.0	0.0	-0.7999999999999998	0.12458169635903663	0.46376303674810276	-1.0	3.8016875124377196	3.2017777425394813	1.9658017422766438	5.167579484816125	4.0	D
318	1ERU	5	4.9	0.0	0.0	0.40000000000000036	0.1834749646693296	0.5303870907268327	-0.9986905033334035	4.369066777358339	2.6958875061424368	1.548148159760744	4.244035665903181	4.5	E
319	1ERU	12	4.4	0.0	0.0	-0.09999999999999964	0.10065121021768828	0.7552370126936074	-0.9668803488773476	6.253510610588369	2.0498891352964232	1.1524104843964775	3.2022996196929006	4.5	E
320	1ERU	46	4.3	0.0	0.0	-0.20000000000000018	-0.2221301711887102	0.5146090620053122	-1.0	4.23654717428343	2.8143231794760375	2.1010897235225463	4.915412902998584	4.5	E
321	1ERU	55	3.3	0.0	0.0	-1.2000000000000002	0.11053069323062546	1.0	-1.0	11.489176277602882	2.1662151182095566	3.0139239332482943	5.180139051457851	4.5	E
322	1ERU	67	5.1	0.0	0.0	0.5999999999999996	0.1389254026362274	0.5345474603553724	-0.9994690264719271	4.403864018229263	2.3748753806398097	1.9621653384897713	4.337040719129581	4.5	E
323	1ERU	69	4.8	0.0	0.0	0.2999999999999998	0.0551337224794128	0.34091368593045546	-0.9775803364956381	2.6647223836532525	1.91133239520495	1.5238952153524385	3.4352276105573885	4.5	E
324	1ERU	87	3.6	0.0	0.0	-0.8999999999999999	-0.02742629148218693	0.8210650714541468	-0.9902972395476084	6.860311210520414	2.722622807494702	1.0791602151329351	3.801783022627637	4.5	E
325	1ERU	94	4.1	0.0	0.0	-0.40000000000000036	-0.12207504177793349	0.3942664244218462	-0.9910188241210857	3.178239251883599	1.0102138285275521	2.8181557018026844	3.8283695303302365	4.5	E
326	1ERU	97	3.9	0.0	0.0	-0.6000000000000001	-0.05468872585903568	0.8492128495383439	-0.9993177280554609	7.141281599017545	1.777528285328613	2.5377415333309785	4.3152698186595915	4.5	E
327	1ERU	102	4.5	0.0	0.0	0.0	0.035992013476692494	0.756839146008706	-0.9335712181877918	6.267678089422156	1.967872250849371	0.6782395738187854	2.6461118246681563	4.5	E
328	1VXA	11	6.49	0.0	0.0	0.08999999999999986	-0.041998532856130893	-0.9981635659085463	0.9063886368731883	9.696839778018337	0.9033009411580923	1.3798645375639025	2.283165478721995	6.4	H
329	1VXA	35	7.98	0.0	0.0	1.58	-0.11051079440545504	-0.8588676695372729	1.0	7.241917145677946	2.5596581724994456	2.080985392772856	4.640643565272302	6.4	H
330	1VXA	47	5.55	0.0	0.0	-0.8500000000000005	-0.14022491000865098	-0.4540529926227757	0.9526688633838956	3.7169220762679807	0.32293445133111737	2.6200186113262633	2.9429530626573808	6.4	H
331	1VXA	80	6.88	0.0	0.0	0.47999999999999954	-0.21188092123464305	-0.30530812786331685	0.9734949420789357	2.2979426220989394	5.8851986909411835e-05	3.341005218205803	3.341064070192713	6.4	H
332	1VXA	112	5.51	0.0	0.0	-0.8900000000000006	-0.22467066983260753	-0.9168210097318156	1.0	7.91621717890163	1.328134559655569	3.200115827727431	4.528250387383	6.4	H
333	1VXA	115	6.7	0.0	0.0	0.2999999999999998	-0.22766142270165918	-0.8718427436959725	0.991450307728494	7.381353296695688	1.5801995182262758	2.2645734007129463	3.8447729189392224	6.4	H
334	1VXA	118	6.26	0.0	0.0	-0.14000000000000057	-0.1930128548876556	-0.9371117614275682	0.9987268306405371	8.197880025451411	0.5481696280450493	3.699443711436972	4.2476133394820215	6.4	H
