	PDB	Nidx	pKaExp	pKaComp	ShiftComp	ShiftExp	Elec	Unp	Up	Nnp	Np	Ni	Npi	pKaWat	Let
0	3BDC	12	2.2	0.0	0.0	-1.7999999999999998	0.015684304035557595	1.167114370578814e-08	-1.0	8.088657728635374	3.405644773295002	1.8594785077591447	5.265123281054146	4.0	D
1	3BDC	14	3.0	0.0	0.0	-1.0	-0.0029373289675104965	1.0	-1.0	13.37750494567527	3.356065451728419	2.6211396911694127	5.977205142897832	4.0	D
2	3BDC	33	3.9	0.0	0.0	-0.10000000000000009	-0.03816387682128129	0.2492733361906033	-0.2182798750810039	9.472893701634392	1.8470432031101183	2.101236358814195	3.948279561924313	4.0	D
3	3BDC	82	2.2	0.0	0.0	-1.7999999999999998	-0.2826404467639871	1.4339352676522724e-58	-0.13275813509734669	4.838808029270694	0.8860624890865736	2.97844929868573	3.8645117877723036	4.0	D
4	3BDC	3	2.8	0.0	0.0	-1.7000000000000002	-0.19913176145380385	6.349039488411039e-25	-0.9445418360362378	6.661847104009306	0.759085895298297	3.6340915428081173	4.393177438106414	4.5	E
5	3BDC	36	4.3	0.0	0.0	-0.20000000000000018	0.158847222272408	1.503572609396215e-93	-0.04837869042807793	3.4619181768260687	1.7463121802810622	1.9753953499335695	3.7217075302146316	4.5	E
6	3BDC	39	3.9	0.0	0.0	-0.6000000000000001	0.06251584710617512	1.484718340710218e-82	-0.21641903499269627	3.8613233911403673	1.8092699128397765	2.137460031255372	3.946729944095148	4.5	E
7	3BDC	44	3.5	0.0	0.0	-1.0	-0.03205924213698211	1.747942188677423e-08	-0.002404733127418522	8.10990785726701	2.9693674281618887	0.432423452652525	3.4017908808144135	4.5	E
8	3BDC	54	3.8	0.0	0.0	-0.7000000000000002	-0.2605921222901625	2.848913998978741e-14	-0.00043542384178930856	7.502431044665828	1.1901785191527934	2.065700051700962	3.2558785708537554	4.5	E
9	3BDC	60	3.3	0.0	0.0	-1.2000000000000002	-0.21453629802346372	0.9178437898444477	-1.0	9.869058741101783	1.407288668880012	3.8828417488294673	5.290130417709479	4.5	E
10	3BDC	62	3.3	0.0	0.0	-1.2000000000000002	-0.21803022096642047	0.002490534575202445	-1.0	8.904987862833334	2.1788997578809126	4.5708117308258185	6.7497114887067315	4.5	E
11	3BDC	88	3.8	0.0	0.0	-0.7000000000000002	-0.23834390068468803	1.0	-0.4409861689157343	12.375840580367091	1.6511174160591746	2.4442242670783174	4.095341683137492	4.5	E
12	3BDC	109	3.9	0.0	0.0	-0.6000000000000001	-0.22886658527053283	1.53005934956486e-25	-1.0	6.619487589147649	2.9843997000681024	2.0361711181841455	5.0205708182522475	4.5	E
13	3BDC	116	3.8	0.0	0.0	-0.7000000000000002	-0.33967796684964	1.0	-1.0	11.325188414840326	0.7076698223621194	4.032670132081735	4.740339954443854	4.5	E
14	3BDC	122	3.8	0.0	0.0	-0.7000000000000002	-0.28931910496114827	9.702832287331726e-80	-0.4694132683358901	3.9678463280806593	1.319964669640298	2.7911210134779987	4.111085683118297	4.5	E
15	5ISR	14	6.6	0.0	0.0	2.5999999999999996	0.029610191482858022	1.0	-1.0	12.842303449443047	3.3142398687036105	2.7480436832096595	6.06228355191327	4.0	D
16	5ISR	33	3.9	0.0	0.0	-0.10000000000000009	0.004339199596836324	0.00041060237167684374	-0.5959425292899052	8.751169725121038	1.8569952879938747	2.321256038681079	4.178251326674954	4.0	D
17	5ISR	82	2.3	0.0	0.0	-1.7000000000000002	-0.2927138192815772	1.7816253043280962e-57	-0.3321112561671103	4.8878610296539735	0.9333170499698391	3.097154408349247	4.030471458319086	4.0	D
18	5ISR	3	3.1	0.0	0.0	-1.4	-0.18985805382185222	7.636138464633968e-27	-0.8139098433210685	6.531948516183673	0.7393995979931349	3.5576690457779683	4.297068643771103	4.5	E
19	5ISR	36	4.4	0.0	0.0	-0.09999999999999964	0.16778423308231574	7.97021317025865e-93	-0.05816366270122138	3.4874781780109205	1.7724317867679487	1.9733143472894967	3.7457461340574456	4.5	E
20	5ISR	39	4.0	0.0	0.0	-0.5	0.06740946164165185	5.782864743148724e-80	-0.39411311445429414	3.9592730859718395	1.9151477938577506	2.1533160388598795	4.06846383271763	4.5	E
21	5ISR	44	3.6	0.0	0.0	-0.8999999999999999	-0.02363800261066677	9.88551333031023e-10	-0.0009942392458891075	7.963592351986589	2.8994353897529193	0.42467918298474644	3.3241145727376655	4.5	E
22	5ISR	54	3.8	0.0	0.0	-0.7000000000000002	-0.2487116969524801	6.719067414062522e-16	-0.00020923267684090142	7.356653177478617	1.1700190948924094	2.028284808553328	3.1983039034457375	4.5	E
23	5ISR	60	3.4	0.0	0.0	-1.1	-0.2090866061039058	0.7869788635950989	-1.0	9.781114693112285	1.413720244512084	3.940696057935048	5.354416302447132	4.5	E
24	5ISR	62	3.3	0.0	0.0	-1.2000000000000002	-0.1845471655333699	0.0006116961346751687	-1.0	8.783507097371833	2.1372226600112327	4.508772018561697	6.645994678572929	4.5	E
25	5ISR	88	3.9	0.0	0.0	-0.6000000000000001	-0.19517552882689818	1.0	-0.6816762373041104	11.898585165183713	1.6655220655768155	2.5576384649767285	4.223160530553544	4.5	E
26	5ISR	109	3.8	0.0	0.0	-0.7000000000000002	-0.15440694345998715	4.514317277042487e-45	-1.0	5.480949763026106	2.8771431131075667	2.9469499862122968	5.824093099319864	4.5	E
27	5ISR	116	3.9	0.0	0.0	-0.6000000000000001	-0.2979938887053072	1.0	-1.0	10.835355083187116	0.7007986672422987	3.9797140089369742	4.680512676179273	4.5	E
28	5ISR	122	3.8	0.0	0.0	-0.7000000000000002	-0.28569787778714395	1.1808270712463314e-83	-0.2759892108359866	3.8202209162832768	1.252005477835318	2.740570930832346	3.992576408667664	4.5	E
29	2TRX	25	7.5	0.0	0.0	3.5	-0.13131145472301986	1.0	-2.037231208102492e-11	19.057158826014888	1.1367495448128593	1.144383880203064	2.2811334250159234	4.0	D
30	2SNM	59	5.7	0.0	0.0	-4.8999999999999995	-0.1463478258141825	-1.0	1.0	13.183422250017905	1.6755785337382532	2.914443692875956	4.590022226614209	10.6	K
31	1U9R	53	8.8	0.0	0.0	4.300000000000001	-0.10830796505154194	1.0	-0.9954245898209486	12.710849642957228	1.6138435366990163	2.855871452467377	4.469714989166393	4.5	E
32	1L98	104	6.0	0.0	0.0	1.5	-0.011990976552972685	1.0	-2.4341304225648963e-07	10.691886472114588	1.1480430877056642	1.6067631652166856	2.75480625292235	4.5	E
33	1L54	101	6.7	0.0	0.0	-3.8999999999999995	-0.13857876801010172	-1.0	7.735773881233311e-09	16.42870979417615	2.2638943505516447	0.30336612697569776	2.567260477527342	10.6	K
34	1L54	30	9.0	0.0	0.0	2.5999999999999996	0.08858999920173785	-1.0	0.00014272708487946713	11.68231484299443	1.433430741383622	1.7358118616012588	3.169242602984881	6.4	H
35	1L54	69	0.6	0.0	0.0	-3.4	-0.08166048405597438	1.0	-0.0019873246954396546	10.95019633324312	1.5889174883707273	1.7956484329963556	3.384565921367083	4.0	D
36	3EBX	5	2.65	0.0	0.0	-3.7500000000000004	-0.10351262562351315	-9.117129980037263e-104	1.0	3.111477740298828	6.323848943111041	1.4281277970742365	7.7519767401852775	6.4	H
37	3SSI	37	3.05	0.0	0.0	-3.3500000000000005	0.08035051411008556	-1.0	0.01093440392139747	12.856698140638288	3.1115123684642856	0.4381359979375024	3.549648366401788	6.4	H
38	9RNT	75	0.6	0.0	0.0	-3.4	0.010449708422671698	1.0	-1.0	10.17967191054842	5.966513316203152	1.6236438166616003	7.590157132864752	4.0	D
39	9RNT	39	7.8	0.0	0.0	1.3999999999999995	-0.004094372948580792	-1.1640068391631416e-93	1.0	3.458004197133958	4.535650753128628	1.9844947689630628	6.520145522091691	6.4	H
40	9RNT	2	3.51	0.0	0.0	-0.4900000000000002	0.10819154382282317	8.853694070565925e-104	-1.0	3.1110521138515157	5.931846462740393	1.2049538555751376	7.13680031831553	4.0	D
41	9RNT	14	3.49	0.0	0.0	-0.5099999999999998	0.11949863046855895	5.364929099146739e-35	-1.0	6.027328478360197	6.416895580595684	0.5957397926236733	7.012635373219357	4.0	D
42	9RNT	28	4.44	0.0	0.0	0.4400000000000004	0.12567791247211044	5.433044133426197e-146	-0.03985761502902914	1.8209423038301114	0.2502907749208579	3.446908901252627	3.6971996761734847	4.0	D
43	9RNT	48	4.37	0.0	0.0	0.3700000000000001	0.10401080593216118	3.745846559778793e-112	-5.753599962147719e-28	2.83663650547825	0.7048499740284522	0.2533268552145136	0.9581768292429658	4.0	D
44	9RNT	65	3.89	0.0	0.0	-0.10999999999999988	0.05616854376100274	2.112638489552698e-77	-1.2163759958845525e-08	4.05775943729545	2.5121061979389365	0.07871571706945317	2.5908219150083895	4.0	D
45	9RNT	27	5.39	0.0	0.0	0.8899999999999997	-0.010518138492743707	4.467513347473028e-142	-0.8740277310462495	1.931911611175487	1.072073592566481	3.2638269406799165	4.335900533246398	4.5	E
46	9RNT	30	4.78	0.0	0.0	0.28000000000000025	0.08950956171133113	2.3306623543480313e-106	-0.0002320021978869664	3.0253621261324746	1.2175854836410316	1.9886785531352416	3.206264036776273	4.5	E
47	9RNT	45	3.58	0.0	0.0	-0.9199999999999999	0.07829535286443699	1.5982232821238715e-52	-0.00011259997230768673	5.116035784895181	2.7475434097316547	0.404000503612647	3.1515439133443017	4.5	E
48	9RNT	57	3.93	0.0	0.0	-0.5699999999999998	-0.17480475525734707	1.0	-1.0	10.314007101666434	3.6609051122835594	2.397828949803654	6.058734062087213	4.5	E
49	9RNT	81	3.24	0.0	0.0	-1.2599999999999998	-0.018597912706085063	8.834972495206386e-112	-1.0	2.8486251332666224	4.546905309116669	0.4301380777569944	4.977043386873663	4.5	E
50	9RNT	101	5.16	0.0	0.0	0.6600000000000001	0.17042538193053408	1.5245894265075162e-22	-0.3331140794180199	6.830295064187274	2.8580770869690784	1.1730369424934755	4.031114029462554	4.5	E
51	9RNT	26	7.08	0.0	0.0	0.6799999999999997	0.18691167370690845	-1.4162906875220076e-50	1.0	5.208732664780614	2.7975870466993547	3.143661900948006	5.9412489476473604	6.4	H
52	9RNT	91	7.31	0.0	0.0	0.9099999999999993	0.10925217343480328	-9.727221937686156e-41	1.0	5.707423606446466	3.6281552353540034	0.8934575567906894	4.521612792144693	6.4	H
53	1LNI	0	3.44	0.0	0.0	-0.56	-0.25529412987234446	2.3652778580000413e-70	-3.3288941446643393e-12	4.337490644475473	1.1761589915435011	1.0247811590493878	2.200940150592889	4.0	D
54	1LNI	16	3.72	0.0	0.0	-0.2799999999999998	0.14639975228582483	0.0388946883165695	-0.5853891927821584	9.194159124291522	3.138084299470017	1.034660947730781	4.1727452472007975	4.0	D
55	1LNI	24	4.78	0.0	0.0	0.7800000000000002	0.0694278649265108	3.2858263266722856e-67	-1.1690360515836153e-25	4.466762555883101	1.0240396793186468	0.08749613160811702	1.111535810926764	4.0	D
56	1LNI	32	2.39	0.0	0.0	-1.6099999999999999	0.020234661510539747	2.954647290901419e-20	-1.0	7.001056100016278	4.829641396745264	0.9941230055923502	5.8237644023376145	4.0	D
57	1LNI	78	7.37	0.0	0.0	3.37	0.19296610880219872	0.9618961737257442	-1.0	9.911853801374034	4.319131159233792	1.344162866278118	5.6632940255119095	4.0	D
58	1LNI	83	3.01	0.0	0.0	-0.9900000000000002	-0.13872828213748178	7.037276205018022e-138	-1.0	2.0526039278192405	3.5108957074458145	1.3558860947237221	4.866781802169537	4.0	D
59	1LNI	92	3.09	0.0	0.0	-0.9100000000000001	0.18365113553992807	1.3516400117366912e-44	-1.0	5.50528253584099	5.5821365744853075	1.1128511156801377	6.694987690165445	4.0	D
60	1LNI	13	5.02	0.0	0.0	0.5199999999999996	0.06895407286855461	0.003269121492824705	-0.4377793373975225	8.930118325533504	2.4135284747439925	1.6800135836557601	4.093542058399753	4.5	E
61	1LNI	40	4.14	0.0	0.0	-0.3600000000000003	-0.11256954364267088	4.59210230528904e-110	-0.022420197544487402	2.9040853684454526	2.379801965120177	1.2486714374321433	3.6284734025523204	4.5	E
62	1LNI	53	3.42	0.0	0.0	-1.08	-0.12481254239493805	1.306069208154972e-28	-1.0	6.416555830435714	3.800102770238704	2.570737068380712	6.370839838619416	4.5	E
63	1LNI	73	3.47	0.0	0.0	-1.0299999999999998	0.09236955280852255	4.6210293748571e-142	-0.24572806610503897	1.9323303771601017	3.0508780460598	0.9193050465435182	3.9701830926033184	4.5	E
64	1LNI	77	3.13	0.0	0.0	-1.37	0.19962548242141875	3.915983776251042e-46	-1.0	5.42717051059182	3.333053113155715	1.5961274042393732	4.929180517395088	4.5	E
65	1LNI	52	8.27	0.0	0.0	1.8699999999999992	0.24748206806789128	-1.1749517841564315e-35	1.0	5.989283077982244	3.211896792701419	1.7085586874470569	4.920455480148476	6.4	H
66	1LNI	84	6.35	0.0	0.0	-0.05000000000000071	0.032590645886788436	-6.867374636499119e-154	1.0	1.6015320154582064	2.8794829492479757	1.8744211334347922	4.753904082682768	6.4	H
67	3A5E	32	2.12	0.0	0.0	-1.88	-0.13932850417605705	5.619224351931982e-21	-1.0	6.946212407053665	4.9522264343953895	1.0905990120605336	6.0428254464559235	4.0	D
68	3A5E	78	6.06	0.0	0.0	2.0599999999999996	0.01877985589111842	0.8264482695868244	-1.0	9.804747367028515	4.4103891341332355	1.29869375411179	5.7090828882450255	4.0	D
69	3A5E	83	2.98	0.0	0.0	-1.02	-0.25374170782109395	1.8060877656718576e-139	-1.0	2.006650703545593	3.454701437951879	1.4486614399688789	4.903362877920758	4.0	D
70	3A5E	92	3.0	0.0	0.0	-1.0	0.10217251843656587	1.7125465128007271e-47	-1.0	5.359234590734515	5.707401184052864	1.0752126056596758	6.782613789712539	4.0	D
71	3A5E	13	2.83	0.0	0.0	-1.67	-0.20774728468495923	0.0012873459472972544	-0.3902465173798483	8.846295307700451	2.3912489962318952	1.6749361483974954	4.06618514462939	4.5	E
72	3A5E	53	2.26	0.0	0.0	-2.24	-0.2709175269594029	9.18793194828569e-29	-1.0	6.406754202156103	4.217536530642892	2.5949292681138783	6.8124657987567705	4.5	E
73	3A5E	77	3.02	0.0	0.0	-1.48	-0.028449884083844898	2.452556737671825e-48	-1.0	5.317544374649178	3.2394323333155977	1.7431588523326593	4.982591185648257	4.5	E
74	3A5E	52	7.39	0.0	0.0	0.9899999999999993	0.04331670167513087	-2.9798974483810816e-35	1.0	6.012554969202425	3.19158131024397	1.5644698717352261	4.7560511819791955	6.4	H
75	3A5E	84	6.09	0.0	0.0	-0.3100000000000005	-0.0758041742150473	-4.7919416255107865e-148	1.0	1.7633057834585792	2.937644035104436	1.9703894361805392	4.908033471284975	6.4	H
76	1A2P	5	2.9	0.0	0.0	-1.1	-0.0008463709330257564	1.0556934540834437e-38	-3.401152745521209e-11	5.818037884429712	1.1987930128461597	1.1055603122093467	2.3043533250555064	4.0	D
77	1A2P	9	3.8	0.0	0.0	-0.20000000000000018	-0.01970300939457202	4.511106721593902e-37	-0.9297782096582969	5.908811763691277	3.0342568921500566	1.345070654062748	4.379327546212805	4.0	D
78	1A2P	19	3.3	0.0	0.0	-0.7000000000000002	-0.10567543856072266	7.16987215621407e-79	-1.216510921633428e-11	4.0010945244577885	1.7218180401967835	0.5361985003718803	2.258016540568664	4.0	D
79	1A2P	41	3.35	0.0	0.0	-0.6499999999999999	-0.08278605845930574	1.5447498840232267e-25	-7.46874947307057e-19	6.619770264760982	1.327176992885399	0.2835881884019959	1.6107651812873949	4.0	D
80	1A2P	51	2.2	0.0	0.0	-1.7999999999999998	-0.14708047776323108	7.932595105773027e-45	-0.9974212787307529	5.493441469348331	1.6114821587665142	2.8657931766682445	4.477275335434759	4.0	D
81	1A2P	72	3.1	0.0	0.0	-0.8999999999999999	-0.14446504674000313	1.0196793294604735e-17	-1.0	7.202699215818465	4.300574054012966	3.1980171309329535	7.498591184945919	4.0	D
82	1A2P	83	4.2	0.0	0.0	0.20000000000000018	-0.127361670431418	1.261865531433819e-72	-1.0	4.245809605355702	5.360631194348542	2.7872418321019885	8.147873026450531	4.0	D
83	1A2P	98	2.1	0.0	0.0	-1.9	-0.15919948770649991	2.2259496498378441e-187	-1.0	0.7287193036084877	5.407340028997034	1.393732535868069	6.801072564865103	4.0	D
84	1A2P	26	3.75	0.0	0.0	-0.75	-0.08957123602215676	1.7856405479693917e-22	-0.04227979065370113	6.835285325827752	2.749420089085216	0.9551622760312547	3.7045823651164707	4.5	E
85	1A2P	57	3.0	0.0	0.0	-1.5	-0.28481052975829363	2.043322829480269e-152	-0.003996983762832362	1.642029471045305	1.4465490869238604	2.00252605737999	3.4490751443038503	4.5	E
86	1A2P	70	2.1	0.0	0.0	-2.4	-0.209501217127941	0.00010209665972605748	-1.0	8.644301615473534	1.4869081580240797	3.509076188765082	4.995984346789162	4.5	E
87	1A2P	15	7.9	0.0	0.0	1.5	-0.08656742284781299	-4.762132792272669e-113	0.0024464577472974665	2.807901281617003	2.34826709433997	1.055091294370575	3.403358388710545	6.4	H
88	1A2P	99	6.3	0.0	0.0	-0.10000000000000053	0.046163146062951146	-4.188517874677738e-199	1.0	0.4419448990534505	4.148143904803464	1.762020263624869	5.9101641684283335	6.4	H
89	1FS3	37	3.1	0.0	0.0	-0.8999999999999999	-0.3774985649006888	8.713662282032281e-174	-4.374981344242536e-05	1.0726833369728472	1.0047512109815797	2.0784197090413836	3.0831709200229636	4.0	D
90	1FS3	52	3.9	0.0	0.0	-0.10000000000000009	0.06768269196465188	7.932898578467206e-09	-0.0765506207098635	8.068562848681207	2.6781310867444077	1.1049584518510174	3.783089538595425	4.0	D
91	1FS3	82	3.5	0.0	0.0	-0.5	-0.2439684123160436	6.553004235881682e-30	-1.0	6.334004113931365	6.310445616097449	1.485788422563411	7.79623403866086	4.0	D
92	1FS3	120	3.1	0.0	0.0	-0.8999999999999999	-0.2607502265422707	0.004579643765033872	-1.0	8.96210462334189	3.575069235561246	1.914480824025854	5.4895500595871	4.0	D
93	1FS3	1	2.8	0.0	0.0	-1.7000000000000002	-0.42954341582574757	1.4822007792465664e-97	-1.0	3.3223173776503723	1.0882357473245345	3.569966151440928	4.658201898765463	4.5	E
94	1FS3	8	4.0	0.0	0.0	-0.5	-0.26283596502640705	0.035190606597078754	-0.0035312079900828037	9.181834235618654	0.9221969699224252	2.5151539572643524	3.4373509271867775	4.5	E
95	1FS3	48	4.7	0.0	0.0	0.20000000000000018	0.004949195918373672	0.024753871164968674	-1.0	9.139910075458094	3.5011003937332603	2.240201611575013	5.741302005308274	4.5	E
96	1FS3	85	4.1	0.0	0.0	-0.40000000000000036	-0.3316683809247357	5.841845678155825e-81	-1.0	3.9214418527939072	5.714450658882968	2.1489457730261265	7.863396431909095	4.5	E
97	1FS3	110	3.5	0.0	0.0	-1.0	-0.0991276888171917	6.58138938000003e-23	-0.03140555962617058	6.803902027038609	3.3375065144508795	0.3305355126222935	3.668042027073173	4.5	E
98	1FS3	11	6.2	0.0	0.0	-0.20000000000000018	-0.08044520702466311	-1.0	1.0	12.037188308426172	2.7438365467503463	2.1740070139827865	4.917843560733132	6.4	H
99	1FS3	47	6.0	0.0	0.0	-0.40000000000000036	0.13493315867194108	-6.421851884893631e-09	1.0	8.057653001894412	5.471165097490714	2.0814748188265466	7.552639916317261	6.4	H
100	1FS3	104	6.7	0.0	0.0	0.2999999999999998	0.008239137636840227	-6.516980896749026e-17	1.0	7.269815560631551	5.2321914508715075	2.318604488874994	7.550795939746502	6.4	H
101	1FS3	118	6.1	0.0	0.0	-0.3000000000000007	-0.028310980665366532	-0.003802995497049559	0.01575044213283879	8.944351740958297	1.9080464646807869	1.6808128390293118	3.5888593037100986	6.4	H
102	2RN2	9	6.1	0.0	0.0	2.0999999999999996	0.19613179624629168	0.0456628461022275	-1.0	9.214319364204895	5.759213225102143	3.477758867944893	9.236972093047036	4.0	D
103	2RN2	69	2.6	0.0	0.0	-1.4	-0.01011956052673761	8.06316891788347e-65	-1.0	4.567123701033247	4.0086018496753315	2.71889874814754	6.727500597822871	4.0	D
104	2RN2	93	3.2	0.0	0.0	-0.7999999999999998	-0.27897164500776145	4.55346455831948e-152	-0.0007571525281173574	1.651622364189644	0.9887880829406792	2.3123836695963442	3.3011717525370234	4.0	D
105	2RN2	107	3.2	0.0	0.0	-0.7999999999999998	-0.22217440367086883	1.0	-4.3718811628271144e-11	10.59398682711944	1.031746756605445	1.2840718116260905	2.3158185682315358	4.0	D
106	2RN2	133	4.1	0.0	0.0	0.09999999999999964	0.20759256518774924	1.7013238233192804e-66	-1.0	4.496560903035447	2.5363190102780173	4.8810942231840215	7.417413233462039	4.0	D
107	2RN2	5	4.5	0.0	0.0	0.0	-0.1970687029834697	1.0	-0.34873733974511695	10.098696170899279	1.8034592596199297	2.2375339325195327	4.040993192139462	4.5	E
108	2RN2	31	3.6	0.0	0.0	-0.8999999999999999	-0.2982313769699458	2.1598257002521536e-83	-0.9829087024942231	3.8299994295884643	1.0581019959919051	3.383179966655154	4.441281962647059	4.5	E
109	2RN2	47	4.4	0.0	0.0	-0.09999999999999964	0.001918008022708609	0.03175322211860641	-1.0	9.169366377427208	6.7600280058475715	1.4559889283134269	8.216016934160999	4.5	E
110	2RN2	56	3.2	0.0	0.0	-1.2999999999999998	-0.11590363564797371	1.0	-2.6185167962863486e-32	11.034519362881925	0.17217579210736592	0.514161534644674	0.6863373267520398	4.5	E
111	2RN2	60	3.9	0.0	0.0	-0.6000000000000001	-0.3017442694909963	9.431850999667175e-141	-0.01876125662093799	1.9698019234097197	1.3184475118928667	2.28981694955449	3.608264461447357	4.5	E
112	2RN2	63	4.4	0.0	0.0	-0.09999999999999964	-0.23775242503785035	8.209165115777839e-58	-1.0	4.872726179215769	3.0181697939251624	2.075707728090308	5.09387752201547	4.5	E
113	2RN2	118	4.1	0.0	0.0	-0.40000000000000036	-0.09160321880601081	4.569919685034913e-15	-9.977974710541074e-06	7.430203091115969	1.7147778460054692	1.2676497225731844	2.982427568578654	4.5	E
114	2RN2	128	3.6	0.0	0.0	-0.8999999999999999	-0.07861206542299652	1.8640210784026278e-36	-1.0	5.943638888771606	2.645698793035021	3.809668753374855	6.455367546409876	4.5	E
115	2RN2	130	4.3	0.0	0.0	-0.20000000000000018	0.07016770057853353	3.130747444580683e-98	-1.0	3.299073685867197	1.6423350795412552	4.411136316897142	6.053471396438398	4.5	E
116	2RN2	134	4.3	0.0	0.0	-0.20000000000000018	0.054659929525819044	1.6042376691105395e-67	-1.0	4.453820187563857	1.0104540584640225	3.942629157740804	4.953083216204827	4.5	E
117	2RN2	146	4.2	0.0	0.0	-0.2999999999999998	0.037970372694930865	1.4689384691847935e-134	-1.0	2.149371204150854	3.2729649739875737	1.3839822661809644	4.656947240168538	4.5	E
118	2RN2	153	4.4	0.0	0.0	-0.09999999999999964	0.03815718408666682	1.0569816908914266e-113	-3.0155868679003655e-10	2.7870020362770527	1.191739557612162	1.214361855095869	2.406101412708031	4.5	E
119	2RN2	61	7.0	0.0	0.0	0.5999999999999996	-0.023352090899907713	-1.6781668532063262e-124	1.0	2.4501278223747462	2.469425614237713	2.39468840871789	4.864114022955603	6.4	H
120	2RN2	82	5.5	0.0	0.0	-0.9000000000000004	-0.2072584193757288	-1.1025392681619e-78	0.00015081541353427762	4.008272013710059	1.568315304154947	1.6050759444908402	3.173391248645787	6.4	H
121	2RN2	123	7.1	0.0	0.0	0.6999999999999993	0.017766758736992027	-4.3781885174762844e-154	5.623023970493596e-22	1.5961738563589083	0.06559514669130798	1.3061464735187094	1.3717416202100174	6.4	H
122	2RN2	126	7.9	0.0	0.0	1.5	0.21561404637574516	-2.3384757782140572e-65	0.48894028686836666	4.544387629159986	1.8843438816481155	2.2373665705958676	4.121710452243983	6.4	H
123	3GB1	21	2.9	0.0	0.0	-1.1	-0.020381308601391996	1.7191672689456688e-31	-1.9578287478508812e-14	6.236004839132006	1.1667376683807282	0.8207195867320674	1.9874572551127956	4.0	D
124	3GB1	35	3.8	0.0	0.0	-0.20000000000000018	0.007542880561274786	9.401707133584694e-121	-0.13486857994311421	2.5653257641032203	3.7594591006536113	0.10753940541642805	3.8669985060700394	4.0	D
125	3GB1	39	4.0	0.0	0.0	0.0	0.13498166053689634	1.540895515863817e-87	-4.8056505776269547e-14	3.6771440101919675	0.628373113612825	1.3950809501004504	2.0234540637132756	4.0	D
126	3GB1	45	3.6	0.0	0.0	-0.3999999999999999	0.04001618605690326	1.2709724427768862e-97	-1.0	3.320015393580926	4.196353993929431	1.7631622218020395	5.959516215731471	4.0	D
127	3GB1	46	3.4	0.0	0.0	-0.6000000000000001	0.04898366074785556	5.754386895571147e-115	-1.824653639195481e-05	2.7467617825961996	1.3760258758400954	1.6467107568018864	3.0227366326419816	4.0	D
128	3GB1	14	4.4	0.0	0.0	-0.09999999999999964	-0.06908994695787349	9.66842553571562e-78	-2.102671834155127e-06	4.044619713623691	1.87162461900302	1.011446086318541	2.883070705321561	4.5	E
129	3GB1	26	4.5	0.0	0.0	0.0	-0.10320142228114904	3.7286331107764673e-06	-0.01688987928656134	8.41889476316675	1.4913058887844146	2.105251728412564	3.5965576171969786	4.5	E
130	3GB1	55	4.0	0.0	0.0	-0.5	0.30665999551977796	1.98966548311984e-71	-1.0	4.293940500189192	1.9535947790271893	3.0465748805242963	5.000169659551485	4.5	E
131	3GB1	9	11.0	0.0	0.0	0.40000000000000036	0.20666825725699015	-4.17856641539357e-147	0.002514403586488394	1.7896401973453357	1.390615925279177	2.015243348296427	3.4058592735756044	10.6	K
132	3GB1	27	10.9	0.0	0.0	0.3000000000000007	0.10402353415617895	-1.7262651652262668e-41	0.30806454466923816	5.667332724475982	2.0395586651534936	1.975169048939118	4.014727714092611	10.6	K
133	1BPI	2	3.55	0.0	0.0	-0.4500000000000002	-0.142496783430343	6.332741108344923e-95	-1.2388857199987747e-10	3.413652747424913	0.7900783881313714	1.5739610051521873	2.3640393932835586	4.0	D
134	1BPI	49	3.2	0.0	0.0	-0.7999999999999998	-0.1752393260696946	8.589399175826059e-98	-1.0	3.314152105761401	4.135490160246717	2.9031468121957893	7.038636972442506	4.0	D
135	1BPI	6	3.85	0.0	0.0	-0.6499999999999999	-0.2043367585387034	3.426028541469069e-33	-1.0	6.133375985744334	2.4686716704439964	2.035797483979089	4.504469154423085	4.5	E
136	1BPI	48	3.85	0.0	0.0	-0.6499999999999999	-0.069871782135755	7.8779623547259075e-112	-0.5619967542740187	2.847022142780984	2.1593019527487596	2.0012104320372957	4.160512384786055	4.5	E
137	1BPI	14	10.19	0.0	0.0	-0.41000000000000014	-0.10976646930518955	-2.672132548984932e-125	4.558718398085439e-18	2.4258299495831803	1.2756264947194502	0.3984403799953538	1.674066874714804	10.6	K
138	1BPI	25	10.1	0.0	0.0	-0.5	-0.0368244623163956	-6.564796146798877e-84	1.609679236625423e-25	3.810728211562479	1.1050547164839404	0.015933818675676472	1.120988535159617	10.6	K
139	1BPI	40	10.6	0.0	0.0	0.0	-0.15510370536744944	-2.4380739026551777e-55	1.0	4.985003055409647	3.170450389317254	2.320672827173652	5.491123216490906	10.6	K
140	1BPI	45	9.89	0.0	0.0	-0.7099999999999991	-0.04188134766354954	-3.3612941073688655e-99	0.4387251742608912	3.2658542018221137	2.2752337791111605	1.8188396046922435	4.094073383803404	10.6	K
141	1XNB	3	3.0	0.0	0.0	-1.0	-0.06944058872148867	2.9909320837998937e-105	-0.9736283013371144	3.0620485776875217	4.162226588541208	0.2646629895216478	4.426889578062856	4.0	D
142	1XNB	10	2.5	0.0	0.0	-1.5	0.006125484528033862	2.767297187292577e-69	-1.8643110995319635e-09	4.381094406961471	2.463107489225248	0.03188008010413184	2.4949875693293797	4.0	D
143	1XNB	105	2.7	0.0	0.0	-1.2999999999999998	-0.24370167112855765	4.688310547339186e-47	-1.0	5.380986532221273	6.2093882172687875	1.0007614528804192	7.210149670149207	4.0	D
144	1XNB	118	3.2	0.0	0.0	-0.7999999999999998	-0.0023017555142629247	1.4431674055087915e-69	-1.0947880381737103e-06	4.369519893803146	1.545127075265199	1.2980718029415137	2.843198878206713	4.0	D
145	1XNB	120	3.6	0.0	0.0	-0.3999999999999999	-0.03988874723429573	2.1995681734382353e-144	-0.00017554718085756058	1.8663170416490225	1.395062188160678	1.789825442922257	3.184887631082935	4.0	D
146	1XNB	77	4.6	0.0	0.0	0.09999999999999964	-0.09791617747817702	3.9489983832513864e-05	-1.0	8.575959025022602	5.129054814586864	0.688992594858637	5.818047409445501	4.5	E
147	1XNB	171	6.7	0.0	0.0	2.2	-0.027522305440181187	0.5879961024281165	-1.0	9.674105857791494	5.546522079412211	0.06396403528488084	5.610486114697093	4.5	E
148	1XNB	155	6.5	0.0	0.0	0.09999999999999964	-0.24468196336096176	-3.66876703781793e-57	0.004835334613795943	4.902010304992013	1.8925921888076793	1.5747602482846905	3.46735243709237	6.4	H
149	1TUR	6	2.5	0.0	0.0	-1.5	-0.02921499441549534	1.46727847037211e-122	-0.3138209088762679	2.5095798243208596	3.185620817876768	0.8329370132836558	4.0185578311604235	4.0	D
150	1TUR	26	2.2	0.0	0.0	-1.7999999999999998	-0.1309438288946992	3.119090186844526e-114	-0.9999879511365202	2.7701015325413323	3.4774434831785412	1.0210041678872301	4.498447651065772	4.0	D
151	1TUR	9	4.1	0.0	0.0	-0.40000000000000036	-0.02689408261311476	5.585149400098124e-137	-0.8056285108679331	2.0787116381515376	3.2049940057635613	1.0870961352325657	4.292090140996127	4.5	E
152	1TUR	18	3.2	0.0	0.0	-1.2999999999999998	-0.15498855329168026	8.925387132791496e-156	-1.0	1.549977812998086	3.3759749670894807	1.1476921417305879	4.523667108820069	4.5	E
153	1TUR	42	4.8	0.0	0.0	0.2999999999999998	-0.017976780312202352	2.4899213664983067e-52	-0.000473889724337167	5.125122079365844	3.2419790119135907	0.020722647958701983	3.2627016598722927	4.5	E
154	1TUR	51	7.5	0.0	0.0	1.0999999999999996	-0.016675214037695098	-2.2256893398317115e-57	0.00014142005332549754	4.892216065310306	2.564222857325994	0.6043286085791706	3.168551465905165	6.4	H
155	1TUR	12	9.9	0.0	0.0	-0.6999999999999993	0.06539475951468117	-4.823169552870061e-79	1.0	3.9944893464252775	4.368269495429914	0.6205953709883818	4.988864866418296	10.6	K
156	1TUR	28	11.1	0.0	0.0	0.5	0.11184644421848278	-9.648831127017376e-130	1.0	2.291962307980773	4.122073749591213	1.293145812931237	5.41521956252245	10.6	K
157	1TUR	33	10.1	0.0	0.0	-0.5	-0.0016069915273308356	-5.987421492818978e-45	1.0	5.4872033430714495	4.9921517652773995	1.4852932319368606	6.47744499721426	10.6	K
158	1TUR	54	11.1	0.0	0.0	0.5	0.03149766213096397	-7.436502385477601e-113	1.0	2.8141011017479927	3.390292644032635	1.4672590396553349	4.857551683687969	10.6	K
159	1W4H	3	3.9	0.0	0.0	-0.10000000000000009	-0.15059157167374204	1.1819282876972886e-72	-5.416173648491734e-08	4.244672390754202	1.9105252229002876	0.760196714763252	2.6707219376635396	4.0	D
160	1W4H	15	4.5	0.0	0.0	0.0	-0.23144543345295504	1.742913821848846e-41	-3.80976796303651e-09	5.66755425908488	0.4928397129747181	2.0381149573412465	2.5309546703159644	4.5	E
161	1W4H	16	6.5	0.0	0.0	0.09999999999999964	0.07838689144490874	-3.467654224784587e-10	2.1462703403784244e-07	7.912783069228515	0.968834594387927	1.7787748075659295	2.7476094019538566	6.4	H
162	1W4H	19	3.7	0.0	0.0	-0.2999999999999998	-0.11329559922882462	1.999177553637239e-14	-2.899646782986671e-18	7.488289211349622	1.3320258348349787	0.32607540752819775	1.6581012423631765	4.0	D
163	1W4H	35	3.7	0.0	0.0	-0.7999999999999998	-0.1260949480777199	7.489956052479204e-97	-1.0	3.34662204454905	1.6249109731002278	3.9859054081759457	5.610816381276173	4.5	E
164	1W4H	36	3.2	0.0	0.0	-0.7999999999999998	-0.2384698301026735	8.46605412076435e-13	-1.0	7.642139034034251	1.9964800962867595	5.0572052541599515	7.053685350446711	4.0	D
165	1W4H	38	4.5	0.0	0.0	0.0	-0.18963967117617295	6.932451549405379e-34	-0.8238722401777915	6.092272280411013	0.20667668420905028	4.096478295827618	4.303154980036668	4.5	E
166	1W4H	40	5.4	0.0	0.0	-1.0	-0.05699165326445218	-0.6125530019081856	1.0	9.686912214681112	0.09548873584621904	4.513931110335744	4.609419846181963	6.4	H
167	1DE3	8	3.9	0.0	0.0	-0.10000000000000009	-0.2510940080733366	8.809971375250592e-137	-1.0	2.084467503075214	5.01587614015768	4.056149667332783	9.072025807490462	4.0	D
168	1DE3	56	4.3	0.0	0.0	0.2999999999999998	-0.1759412913297515	3.202686296916042e-94	-0.2157473688042588	3.4383080106423103	1.6894514197230242	2.2567169913133305	3.9461684110363544	4.0	D
169	1DE3	58	4.0	0.0	0.0	0.0	-0.20343731332389345	9.168003886241941e-112	-0.2632202716325307	2.8491425572667324	0.9252690924422818	3.0580561428137027	3.9833252352559847	4.0	D
170	1DE3	74	3.8	0.0	0.0	-0.20000000000000018	-0.3448066318602204	8.177409386385557e-82	-1.0	3.8891800513190002	4.362051296224455	3.2951917948737726	7.657243091098227	4.0	D
171	1DE3	84	3.8	0.0	0.0	-0.20000000000000018	-0.25227894662493877	8.309291764600788e-166	-1.0	1.2809203345919642	2.7233066893233198	3.421802863148229	6.145109552471549	4.0	D
172	1DE3	108	3.7	0.0	0.0	-0.2999999999999998	-0.27882620676771963	1.0844073841428249e-103	-1.0	3.113996355935609	3.142137577890256	1.7881516709151544	4.93028924880541	4.0	D
173	1DE3	18	4.6	0.0	0.0	0.09999999999999964	-0.2572736497530283	2.854203484681896e-190	-1.0	0.6571698628917692	4.54975595741171	3.0143580658674205	7.564114023279131	4.5	E
174	1DE3	30	4.6	0.0	0.0	0.09999999999999964	-0.3209393498107299	1.0402980208126581e-24	-1.0	6.67667230020029	5.194146339690089	1.9092126072106446	7.103358946900734	4.5	E
175	1DE3	95	5.2	0.0	0.0	0.7000000000000002	-0.34289827371647863	1.0	-0.33316359050116967	13.738952705573324	1.9837619725652622	2.0473837543678357	4.031145726933098	4.5	E
176	1DE3	114	4.8	0.0	0.0	0.2999999999999998	-0.24758016613322373	1.224856038262969e-108	-0.11353127724748557	2.950512547340032	2.2783640415686066	1.5619880357391718	3.840352077307778	4.5	E
177	1DE3	139	4.2	0.0	0.0	-0.2999999999999998	-0.28374812059215604	1.0263524552284181e-125	-1.0	2.413207193907515	4.355488825828899	3.645454303533521	8.000943129362419	4.5	E
178	1DE3	143	4.3	0.0	0.0	-0.20000000000000018	-0.2824315388731195	1.8468264489475982e-92	-0.1693582535357998	3.5003944762408343	1.7999691561092765	2.1040880673845055	3.904057223493782	4.5	E
179	1DE3	34	6.3	0.0	0.0	-0.10000000000000053	-0.1545867746736455	-4.902593819588258e-72	1.0	4.269443966252924	2.8939178548678597	2.6991441427005682	5.593061997568428	6.4	H
180	1DE3	35	6.8	0.0	0.0	0.39999999999999947	-0.09720817972268181	-4.2540867918572224e-68	1.0	4.429938847649624	2.530265032458867	2.2508964838896603	4.7811615163485275	6.4	H
181	1DE3	49	7.7	0.0	0.0	1.2999999999999998	-0.02316276147900725	-4.6486107920240215e-10	1.0	7.926872772385611	2.9503943237833683	2.27195292449141	5.222347248274778	6.4	H
182	1DE3	81	7.3	0.0	0.0	0.8999999999999995	-0.020918159577720453	-2.5462296000679155e-60	1.0	4.761288480878694	3.1015112221662915	3.9673876946705846	7.068898916836876	6.4	H
183	1DE3	91	6.9	0.0	0.0	0.5	-0.117568362083888	-2.2119862628239767e-63	1.0	4.628427232452665	4.102482538732553	3.588325173877759	7.690807712610312	6.4	H
184	1DE3	103	6.5	0.0	0.0	0.09999999999999964	0.062238167455898726	-2.2408036906892984e-131	0.15572141137576737	2.2433020867096207	1.3447749353022849	2.545358408332164	3.8901333436344485	6.4	H
185	1DE3	136	5.8	0.0	0.0	-0.6000000000000005	-0.10038711621420579	-2.2926604026105205e-29	1.0	6.368326699558366	4.163474802912342	3.615649266634897	7.779124069547239	6.4	H
186	1DE3	149	7.6	0.0	0.0	1.1999999999999993	0.155849351474128	-8.054342789362429e-47	1.0	5.39271689717648	4.5224005412707955	1.149763761883464	5.6721643031542595	6.4	H
187	1QH6	3	3.84	0.0	0.0	-0.16000000000000014	-0.0660632066233693	2.892878181041209e-80	-0.02054428987768726	3.9478176576941406	3.1126861701270965	0.5058182551268683	3.6185044252539647	4.0	D
188	1QH6	10	3.94	0.0	0.0	-0.06000000000000005	-0.24132349969688727	5.267696509711311e-134	-1.0	2.1656549822064375	2.3224889529918427	2.612132793086477	4.934621746078319	4.0	D
189	1QH6	13	3.35	0.0	0.0	-0.6499999999999999	-0.2679474094824879	2.0438371380823524e-48	-1.0	5.313652691645889	2.9197821081596715	4.618866738325807	7.538648846485479	4.0	D
190	1QH6	19	3.46	0.0	0.0	-0.54	-0.08925834522934999	1.6551344235206996e-70	-0.9024145268059549	4.331189290840954	3.36325196046604	0.9934432591528987	4.356695219618938	4.0	D
191	1QH6	88	3.88	0.0	0.0	-0.1200000000000001	-0.09954347587379604	1.0455010193616434e-58	-2.0471337547454442e-10	4.832690464491809	0.8905969394245262	1.4970863095385232	2.3876832489630493	4.0	D
192	1QH6	15	4.31	0.0	0.0	-0.1900000000000004	-0.1412698008418807	0.056413553506172824	-1.0	9.241706410556583	2.4662693662777326	2.864927047142272	5.331196413420004	4.5	E
193	1QH6	54	4.55	0.0	0.0	0.04999999999999982	-0.14041375915666898	2.0518346550594693e-61	-1.0	4.713432941387555	3.594869671079902	1.8244064571195768	5.419276128199479	4.5	E
194	1QH6	92	3.94	0.0	0.0	-0.56	-0.13286450937064503	3.742602203949341e-06	-1.0	8.419131288688336	4.970845036703749	1.467428697960215	6.438273734663964	4.5	E
195	1QH6	124	4.51	0.0	0.0	0.009999999999999787	-0.2029568836952639	0.002688262117002807	-1.0	8.911987100507584	3.839055112959663	1.9287249328935823	5.767780045853245	4.5	E
196	1QH6	165	3.58	0.0	0.0	-0.9199999999999999	-0.2009391954849762	1.0965345034754476e-25	-0.0018338499534088944	6.609646845251883	2.053913851312062	1.323469765203405	3.377383616515467	4.5	E
197	1QH6	176	4.1	0.0	0.0	-0.40000000000000036	-0.18926873089776824	0.004145643419366906	-1.0	8.95255575092431	2.090486227456109	3.3596246993378287	5.450110926793938	4.5	E
198	1QH6	182	6.5	0.0	0.0	2.0	-0.09151439270729089	1.0	-1.0	11.936756070277445	5.2148898526877705	0.38002791612482245	5.594917768812593	4.5	E
199	1QH6	9	6.52	0.0	0.0	0.11999999999999922	0.02542085603106746	-1.01125674904935e-72	1.0	4.241963306260791	3.2508325899170063	2.452445432860598	5.703278022777605	6.4	H
200	1QH6	30	6.68	0.0	0.0	0.27999999999999936	0.01252173180625575	-4.015344407709276e-148	0.005637156287405257	1.7611594184721904	2.3290047068461703	1.1533140518030125	3.482318758649183	6.4	H
201	1QH6	58	4.01	0.0	0.0	-2.3900000000000006	-0.07184046843851008	-0.00038380648202025476	1.0	8.745777365419055	4.758189344779282	0.924224964135836	5.682414308915118	6.4	H
202	1HIC	4	4.28	0.0	0.0	0.28000000000000025	-0.01977206046185773	7.135436480812467e-126	-1.0	2.4084171835698687	5.634103638262412	0.3088423037546497	5.942945942017062	4.0	D
203	1HIC	32	4.18	0.0	0.0	0.17999999999999972	0.0976071062800626	9.07968801255257e-193	-1.715682441884616e-13	0.5958213211819613	1.0270779986507834	1.048306762505791	2.0753847611565743	4.0	D
204	1HIC	7	4.28	0.0	0.0	-0.21999999999999975	-0.04071392262689068	2.2148902645036393e-138	-1.0	2.038071339519635	4.656167413749542	0.8834186634976996	5.539586077247241	4.5	E
205	1HIC	16	3.79	0.0	0.0	-0.71	-0.016090995958589326	1.9097588069723125e-137	-1.0	2.06517573244156	5.2695876118573794	0.2583610107267617	5.527948622584141	4.5	E
206	1HIC	34	4.0	0.0	0.0	-0.5	0.04077336003048428	4.988723628698297e-145	-0.1392453487991152	1.8480964383412395	1.9048007562219391	1.967263291226484	3.872064047448423	4.5	E
207	1HIC	42	4.25	0.0	0.0	-0.25	-0.06402116750004441	3.059183350303686e-188	-1.1446508749426861e-09	0.7073378466499648	1.7102361558282937	0.7605686263994315	2.470804782227725	4.5	E
208	1UBQ	20	3.1	0.0	0.0	-0.8999999999999999	0.08200620998766402	3.199545175036639e-11	-1.0	7.801572045481968	4.037129746262331	2.0707948882311182	6.1079246344934495	4.0	D
209	1UBQ	31	3.8	0.0	0.0	-0.20000000000000018	-0.16141343560320837	1.3487256995400601e-79	-0.008270500746144965	3.9733083349797154	1.0617624353605493	2.4589459612786984	3.5207083966392476	4.0	D
210	1UBQ	38	3.6	0.0	0.0	-0.3999999999999999	-0.12451634066112649	8.600273850386719e-89	-8.14748683345299e-06	3.631667734317731	1.6097084032710027	1.359422494404507	2.9691308976755098	4.0	D
211	1UBQ	51	3.4	0.0	0.0	-0.6000000000000001	0.11569446077191615	5.439650521011138e-68	-0.8984341002737991	4.434354098449092	1.107816978755649	3.2458259786351187	4.353642957390768	4.0	D
212	1UBQ	57	3.6	0.0	0.0	-0.3999999999999999	-0.10007192942633615	1.3899517697765626e-70	-1.0	4.328109883627063	3.669672911497942	1.3956357450883818	5.065308656586324	4.0	D
213	1UBQ	15	3.9	0.0	0.0	-0.6000000000000001	-0.10724115682512023	9.053594560139067e-58	-0.0009665972560634846	4.874636139241706	1.4383550696056955	1.8833640948285117	3.3217191644342074	4.5	E
214	1UBQ	17	4.3	0.0	0.0	-0.20000000000000018	0.03760784574118692	1.3712956984805865e-47	-0.5340419866049564	5.3544485082496385	1.824333982136135	2.3214681024234123	4.145802084559548	4.5	E
215	1UBQ	23	4.3	0.0	0.0	-0.20000000000000018	0.08521129677489353	1.2382149588882007e-51	-1.0	5.158137363586	2.1962001568113516	2.649320373457878	4.84552053026923	4.5	E
216	1UBQ	33	4.5	0.0	0.0	0.0	-0.19464800939414414	1.0795361618067112e-38	-4.1614978827233044e-05	5.818571964873745	1.1870737862420986	1.8925705971925542	3.079644383434653	4.5	E
217	1UBQ	50	3.8	0.0	0.0	-0.7000000000000002	-0.04325327624009565	3.904955856371869e-99	-0.06360238806273726	3.2680808423218717	1.034936767970106	2.722755443954795	3.757692211924901	4.5	E
218	1UBQ	63	4.5	0.0	0.0	0.0	-0.17561652553931745	2.1615426141405294e-79	-0.2716444957747755	3.981139639325055	2.8455168230139365	1.1439420780753662	3.9894589010893027	4.5	E
219	2CI2	23	2.4	0.0	0.0	-1.6	-0.22888994915291083	5.179520974454677e-09	-0.0024013724579379273	8.046615590267743	1.1426629510007111	2.2590005934810105	3.4016635444817216	4.0	D
220	2CI2	45	3.6	0.0	0.0	-0.3999999999999999	-0.1397285326080609	2.3997787129183428e-51	-0.8984990393905343	5.171823051864315	1.0384759969228152	3.315216353321732	4.353692350244547	4.0	D
221	2CI2	52	2.5	0.0	0.0	-1.5	-0.03814017281794492	5.960700999038474e-09	-9.787526442917743e-07	8.053820268038063	1.0512721850403048	1.7851781831216733	2.8364503681619784	4.0	D
222	2CI2	55	4.95	0.0	0.0	0.9500000000000002	0.017300266715432312	1.1256736349289697e-14	-0.0005308789504116136	7.46552531443465	1.7502324182179207	1.521681548310734	3.271913966528655	4.0	D
223	2CI2	4	2.9	0.0	0.0	-1.6	-0.16172286129746594	1.158610178332135e-13	-4.265342374764871e-06	7.559246630884066	1.0008795390693028	1.926543715280462	2.927423254349765	4.5	E
224	2CI2	7	2.9	0.0	0.0	-1.6	-0.01677770937344523	4.6779498651052824e-14	-2.5811421554896963e-32	7.522366800715796	0.011665891758920582	0.6742944917999852	0.6859603835589059	4.5	E
225	2CI2	14	3.5	0.0	0.0	-1.0	-0.0394477711880409	1.4611896110324076e-79	-0.757873412544625	3.974637414387357	1.0591569885472003	3.2053694846154253	4.264526473162626	4.5	E
226	2CI2	15	2.8	0.0	0.0	-1.7000000000000002	-0.12665151643521658	1.5396319689740154e-31	-1.0	6.23307567168821	1.1905248258647032	3.6318860675269016	4.822410893391605	4.5	E
227	2CI2	26	3.65	0.0	0.0	-0.8500000000000001	-0.03988857277659915	1.300468938464359e-61	-7.709451009516413e-09	4.704814153378219	0.5193507206872979	2.047733406497863	2.567084127185161	4.5	E
228	2CI2	41	3.14	0.0	0.0	-1.3599999999999999	-0.13017572541792938	6.978182195946855e-131	-1.0115850378401133e-05	2.2579607501673866	1.9351454753575572	1.0481866625279328	2.98333213788549	4.5	E
229	1EGF	10	3.9	0.0	0.0	-0.10000000000000009	-0.02101195991597861	4.1730029901989095e-177	-2.0960554559751392e-07	0.987465111947933	2.69001728547659	0.05624166027132195	2.746258945747912	4.0	D
230	1EGF	26	4.0	0.0	0.0	0.0	-0.007465319004164476	1.078872215106136e-135	-0.0021154832326907174	2.116180223978531	2.017923918917389	1.3722587975834195	3.3901827165008083	4.0	D
231	1EGF	39	3.6	0.0	0.0	-0.3999999999999999	-0.12382611409595118	1.6581043654229498e-178	-1.0	0.9517463391919423	4.9384477217815395	1.0133943932138956	5.951842114995435	4.0	D
232	1EGF	45	3.8	0.0	0.0	-0.20000000000000018	-0.17599176907070796	1.6262473451391145e-118	-0.8237092974328026	2.6349641432650324	2.3972398187753594	1.9058147036442152	4.303054522419575	4.0	D
233	1EGF	23	4.1	0.0	0.0	-0.40000000000000036	-0.1765781547716009	2.3438978276084695e-123	-1.0	2.4851327203149203	4.101605371602007	2.3497768722951062	6.451382243897113	4.5	E
234	1EGF	50	4.0	0.0	0.0	-0.5	-0.014699721581694206	2.7973218540242324e-66	-8.031364720385552e-19	4.505603697241142	0.20578025067865374	1.4074997317012428	1.6132799823798964	4.5	E
235	1EGF	21	6.8	0.0	0.0	0.39999999999999947	0.10052341825095394	-4.734447387365211e-73	1.0	4.228798274591469	5.359898679787494	1.1190002660847571	6.478898945872251	6.4	H
236	135L	17	2.68	0.0	0.0	-1.3199999999999998	-0.25275057031589593	9.227855086615142e-13	-0.6121260768517082	7.645796118752859	2.8952075109224356	1.291482096731922	4.186689607654357	4.0	D
237	135L	51	3.78	0.0	0.0	-0.2200000000000002	-0.14008272615734194	2.4554408597006344e-40	-1.0	5.729049347080104	8.040587602234856	1.1083873499927586	9.148974952227615	4.0	D
238	135L	86	2.13	0.0	0.0	-1.87	-0.15293694726340012	9.2027506271343e-47	-0.0866113017512066	5.395610855930162	3.556630453445728	0.24389474833512628	3.800525201780854	4.0	D
239	135L	118	3.35	0.0	0.0	-0.6499999999999999	-0.23989691253358994	2.447014088510912e-107	-1.0559996496273832e-10	2.993121430930084	1.2357017591025214	1.120872801258922	2.3565745603614436	4.0	D
240	135L	6	2.68	0.0	0.0	-1.8199999999999998	-0.23953491195650362	1.0935557214965083e-18	-0.00025088675935962734	7.123992449347852	2.317221885727789	0.8951051062018688	3.2123269919296575	4.5	E
241	135L	34	6.06	0.0	0.0	1.5599999999999996	-0.21789103336747784	1.0	-0.809729538033969	12.584706965764768	3.1614043559166722	1.1331424909142127	4.294546846830885	4.5	E
242	135L	40	5.56	0.0	0.0	-0.8400000000000007	-0.1595358357143872	-2.8843661982633308e-68	1.0	4.422967076725946	3.5159597292963776	1.461942257353716	4.977901986650093	6.4	H
243	135L	120	5.25	0.0	0.0	-1.1500000000000004	-0.05359684235190122	-2.5059836720603547e-41	2.2769860144392567e-06	5.675943860867628	1.1918811149667563	1.6961227365886442	2.8880038515554007	6.4	H
244	1IGV	46	3.04	0.0	0.0	-0.96	0.22610314901273437	4.794887166041513e-72	-0.02702826625621411	4.269056333916734	1.143446171720492	2.5067453719535604	3.6501915436740524	4.0	D
245	1IGV	3	3.77	0.0	0.0	-0.73	-0.010750302104247893	1.1156027604060232e-114	-0.0006854432669556755	2.7558947308838184	1.01298288128921	2.279917717340757	3.2929005986299673	4.5	E
246	1IGV	4	3.4	0.0	0.0	-1.1	-0.13054479421386858	2.466378126895783e-79	-1.0	3.9833319583441766	1.0277553109295257	3.566673985751758	4.594429296681284	4.5	E
247	1IGV	10	4.74	0.0	0.0	0.2400000000000002	-0.051858168767156654	1.6467934729803331e-15	-6.613709452649664e-07	7.390787615104469	0.8266873821714006	1.9863656141259693	2.81305299629737	4.5	E
248	1IGV	16	3.62	0.0	0.0	-0.8799999999999999	0.054961047081086734	3.0648442782048835e-116	-9.061124126575054e-11	2.7064429250787336	0.5084411410564607	1.841003449994704	2.3494445910511645	4.5	E
249	1IGV	25	4.08	0.0	0.0	-0.41999999999999993	0.04274035185346169	2.6718198457294532e-79	-0.99279954588288	3.9846618961834954	1.1647122145719828	3.297270677430907	4.46198289200289	4.5	E
250	1IGV	63	3.84	0.0	0.0	-0.6600000000000001	0.13249302009773073	2.612620560181847e-27	-7.834702934502207e-05	6.50115894195878	2.0087735792008967	1.1161364233757332	3.12491000257663	4.5	E
251	1IGV	0	10.59	0.0	0.0	-0.009999999999999787	-0.08613065654795762	-5.950252450294164e-50	0.06965339261572435	5.238785428014739	1.1118090168466406	2.6582288100983114	3.770037826944952	10.6	K
252	1IGV	6	11.36	0.0	0.0	0.7599999999999998	0.24771789536245925	-1.5728697413239032e-30	0.00012186257353327256	6.295282710428506	0.48124032598748084	2.6761788314114305	3.157419157398911	10.6	K
253	1IGV	11	11.06	0.0	0.0	0.46000000000000085	0.1923755359786041	-2.3048913005238235e-31	6.963205048866259e-07	6.243802338385187	1.0505382046204839	1.7655701250467266	2.8161083296672107	10.6	K
254	1IGV	15	11.06	0.0	0.0	0.46000000000000085	0.31057604712355946	-6.042010901363682e-55	0.04936160312834077	5.003132116466444	1.1617382838139263	2.5625578523793373	3.7242961361932636	10.6	K
255	1IGV	28	11.28	0.0	0.0	0.6799999999999997	0.21174905703050614	-5.355382430471347e-12	0.06495017619724384	7.721714723789347	1.3152684207908962	2.4452540848854967	3.760522505676393	10.6	K
256	1IGV	40	10.93	0.0	0.0	0.33000000000000007	0.042656997401161856	-5.04899684996675e-58	1.764180093188565e-22	4.863255003143127	1.3272246012311626	0.00767868619112205	1.3349032874222846	10.6	K
257	1IGV	54	12.12	0.0	0.0	1.5199999999999996	0.35242033911844695	-1.3044312199443788e-134	5.51439000742145e-05	2.1478584403715417	1.1547938488275225	1.9448087486848369	3.0996025975123596	10.6	K
258	1IGV	70	10.72	0.0	0.0	0.120000000000001	0.003839975965089594	-1.941001319691992e-28	0.05780301392360454	6.427628837319854	2.3071131382135226	1.4378088048074313	3.744921943020954	10.6	K
259	1IGV	71	11.33	0.0	0.0	0.7300000000000004	0.10458439617112213	-8.88263079929348e-22	0.29064583599438354	6.886391987691453	2.063600030085664	1.9392782923611893	4.002878322446853	10.6	K
260	1HRC	17	2.4	0.0	0.0	-4.0	-0.3242747189345451	-3.9984468040802675e-08	1.0	8.154206146005466	4.574573034875975	1.4358219555483331	6.010394990424308	6.4	H
261	1HRC	25	2.9	0.0	0.0	-3.5000000000000004	-0.3565136496815933	-2.837455004794036e-76	1.0	4.101634810522377	2.294865757828443	2.2158560948332737	4.5107218526617165	6.4	H
262	1HRC	32	6.35	0.0	0.0	-0.05000000000000071	-0.18402105599307178	-5.666232635140274e-32	1.0	6.2066321423528255	2.8829384113029812	2.83394119620746	5.716879607510441	6.4	H
263	1HRC	78	9.5	0.0	0.0	-1.0999999999999996	-0.17136661776917844	-1.1816431450537996e-62	0.004204032077053739	4.659712183786942	3.291601884928822	0.1622899757404887	3.453891860669311	10.6	K
264	2HBB	7	2.99	0.0	0.0	-1.0099999999999998	-0.44839898230585096	2.706245684109686e-84	-0.5711081838533519	3.7964270699294795	0.004291747770106351	4.16099146943259	4.165283217202696	4.0	D
265	2HBB	22	3.05	0.0	0.0	-0.9500000000000002	-0.1929754759644049	2.8911643493971667e-49	-1.8530534401026284e-06	5.272103845331263	1.783628431487158	1.0916453902722039	2.875273821759362	4.0	D
266	2HBB	16	3.57	0.0	0.0	-0.9300000000000002	-0.3852243966056505	9.037105765717351e-30	-1.365633929088549e-05	6.342782100411883	0.04894144699882769	2.9543082914527217	3.0032497384515495	4.5	E
267	2HBB	37	4.04	0.0	0.0	-0.45999999999999996	-0.15629343106495333	1.0	-2.9453443047328157e-07	11.180853991015821	2.065680023679281	0.7000841256323322	2.7657641493116136	4.5	E
268	2HBB	47	4.21	0.0	0.0	-0.29000000000000004	-0.15957322669866972	4.190678460777053e-56	-1.2298200371918019e-05	4.950011830448954	0.6190134414558132	2.377254027971239	2.996267469427052	4.5	E
269	1BF4	14	2.11	0.0	0.0	-1.8900000000000001	-0.19208583176683738	1.2552894020133554e-49	-1.0	5.254490471793475	2.2748904986495786	2.5544337426563493	4.829324241305928	4.0	D
270	1BF4	33	2.16	0.0	0.0	-1.8399999999999999	-0.23656248118626658	2.956167993241647e-141	-1.0	1.9553669533108382	2.339297961181496	3.5102945987186214	5.849592559900117	4.0	D
271	1BF4	48	2.96	0.0	0.0	-1.04	-0.20884403464907994	3.04099702991051e-11	-0.00026841653214364864	7.799261460739982	1.0123737215683863	2.205208986003476	3.2175827075718626	4.0	D
272	1BF4	9	3.78	0.0	0.0	-0.7200000000000002	-0.17224755319577753	5.884497290923236e-193	-0.9478899710447194	0.5912104749559806	0.9206423485289177	3.4759005610790585	4.396542909607977	4.5	E
273	1BF4	10	3.9	0.0	0.0	-0.6000000000000001	-0.13247591338641818	6.73371401274515e-166	-0.953056628664054	1.2785093179396867	0.32575391487369537	4.076183905240253	4.4019378201139485	4.5	E
274	1BF4	34	4.33	0.0	0.0	-0.16999999999999993	-0.195300842743531	3.236505571906387e-179	-0.8266225680519004	0.9337081734002377	1.6344015129525484	2.67045388680823	4.304855399760779	4.5	E
275	1BF4	46	3.45	0.0	0.0	-1.0499999999999998	-0.2888019260870991	6.513488912467901e-16	-0.5857996431561996	7.355477878935801	1.0092948999264442	3.1636645968495496	4.172959496775993	4.5	E
276	1BF4	52	3.01	0.0	0.0	-1.4900000000000002	-0.22822901679921798	0.052513895720153136	-0.00011506172756485406	9.232318104417935	1.2240704465242755	1.929078276446787	3.1531487229710624	4.5	E
277	1BF4	58	3.82	0.0	0.0	-0.6800000000000002	-0.26958698214740984	2.3456908983362784e-77	-0.0006602400578524298	4.0595206897779565	1.3989068115919652	1.8908942737616437	3.289801085353609	4.5	E
278	1LYS	17	2.66	0.0	0.0	-1.3399999999999999	-0.2559673506987248	4.680346955712404e-20	-0.9736697041757789	7.0164340256376665	3.033476720635672	1.3934710437966071	4.426947764432279	4.0	D
279	1LYS	47	1.6	0.0	0.0	-2.4	-0.11811041587644613	1.5571392766696891e-173	-0.16112113285982227	1.079188705648132	3.2602672103073256	0.6354813819358028	3.8957485922431285	4.0	D
280	1LYS	51	3.68	0.0	0.0	-0.31999999999999984	-0.1070803749509873	2.86230005376453e-35	-1.0	6.0115453434051895	7.934938529030515	0.9505787509020088	8.885517279932523	4.0	D
281	1LYS	65	0.9	0.0	0.0	-3.1	-0.1725340930524708	2.1576230433779006e-94	-1.0	3.432291243233198	7.618517202032644	1.1344260283773333	8.752943230409977	4.0	D
282	1LYS	86	2.07	0.0	0.0	-1.9300000000000002	-0.17954220179837754	1.489631692302416e-59	-0.6075740270718039	4.7951178383440585	3.59878265089659	0.5855335655702822	4.184316216466872	4.0	D
283	1LYS	100	4.09	0.0	0.0	0.08999999999999986	-0.21540800305757202	1.2280601991402011e-47	-3.995144650083163e-10	5.352074365480971	1.426318126077793	0.993260227063225	2.419578353141018	4.0	D
284	1LYS	118	3.2	0.0	0.0	-0.7999999999999998	-0.1312480028556011	1.0278072835186102e-106	-3.946957943741568e-11	3.0136333881579844	2.2362674424927085	0.07487482427942407	2.3111422667721326	4.0	D
285	1LYS	6	2.85	0.0	0.0	-1.65	-0.23277263173870544	1.288387020221248e-07	-1.5349144987030833e-12	8.218724918106501	1.317684518263735	0.8498255487414242	2.1675100670051592	4.5	E
286	1LYS	34	6.2	0.0	0.0	1.7000000000000002	-0.1880645035364922	1.0	-0.9391514379616609	12.72184759692779	3.204094882743045	1.1838528642738944	4.3879477470169395	4.5	E
287	1LYS	14	5.36	0.0	0.0	-1.04	-0.20320118347505675	-1.6032143782297273e-07	0.009046879452140662	8.231040698566897	1.45141756455233	2.078496316317027	3.529913880869357	6.4	H
288	1LYS	0	10.8	0.0	0.0	0.20000000000000107	-0.29273725172645787	-1.6824915645279404e-39	1.0	5.7743511064477415	3.414693589142055	1.4717776731489902	4.886471262291045	10.6	K
289	1LYS	12	10.5	0.0	0.0	-0.09999999999999964	-0.08178446774694498	-1.0	0.04288394008515066	10.021254540325675	0.4378690410543682	3.268499069449408	3.7063681105037762	10.6	K
290	1LYS	32	10.6	0.0	0.0	0.0	-0.124908871267403	-1.0	0.42115538421672194	11.06802645679116	2.635172316349552	1.4489542823023451	4.084126598651897	10.6	K
291	1LYS	95	10.8	0.0	0.0	0.20000000000000107	-0.20521628694429564	-2.0409055494156001e-25	1.0	6.628020352412675	3.494864994741232	1.743063486306827	5.237928481048058	10.6	K
292	1LYS	96	10.3	0.0	0.0	-0.29999999999999893	-0.1188644211169112	-7.619139656700891e-15	1.0	7.450172047469428	3.8668617020015876	1.846428636268084	5.713290338269672	10.6	K
293	1LYS	115	10.4	0.0	0.0	-0.1999999999999993	-0.18468323240774298	-8.099727332448835e-54	1.0	5.055351081760661	3.2225294835202734	1.506820729912314	4.729350213432587	10.6	K
294	1ERT	15	4.0	0.0	0.0	0.0	0.05137893575760291	9.74314834159906e-45	-8.062934365166953e-15	5.498005666797199	0.864055616471986	1.08833770903956	1.952393325511546	4.0	D
295	1ERT	19	3.8	0.0	0.0	-0.20000000000000018	-0.15064125959439298	6.323086382579538e-103	-1.752679537347747e-10	3.139649321823864	0.12017534898163569	2.2601687757007216	2.3803441246823573	4.0	D
296	1ERT	57	2.8	0.0	0.0	-1.2000000000000002	0.3478008281686754	3.012745488129768e-11	-1.0	7.798837387306325	3.1349807692048257	3.2490227119291717	6.384003481133997	4.0	D
297	1ERT	59	4.2	0.0	0.0	0.20000000000000018	0.26144704472961156	6.998133637311143e-54	-0.4697369928728375	5.052395498194814	2.102314904808453	2.008948081121879	4.111262985930332	4.0	D
298	1ERT	60	5.3	0.0	0.0	1.2999999999999998	0.3800820350122192	4.8863795465312647e-51	-1.0	5.186573193815908	2.108327322383333	3.12802194728891	5.2363492696722425	4.0	D
299	1ERT	63	3.2	0.0	0.0	-0.7999999999999998	0.11800436014323021	4.462761587735529e-88	-1.0	3.657575851159308	3.2230234958421895	1.9587891918353493	5.181812687677539	4.0	D
300	1ERT	5	4.8	0.0	0.0	0.2999999999999998	0.19170806739451157	3.226610422504666e-70	-0.6856505254186058	4.342977385087511	2.62194487167824	1.6033235432321458	4.225268414910386	4.5	E
301	1ERT	12	4.4	0.0	0.0	-0.09999999999999964	0.0871884402609607	1.4580918282038813e-27	-0.00015467467100269968	6.4845293658763445	2.03592179850725	1.1393754768354327	3.175297275342683	4.5	E
302	1ERT	46	4.1	0.0	0.0	-0.40000000000000036	-0.24173611848558071	2.123866545129588e-75	-1.0	4.135860784309301	2.8137490138772048	2.4138027403825095	5.227551754259714	4.5	E
303	1ERT	55	3.3	0.0	0.0	-1.2000000000000002	0.10273912590292786	1.0	-1.0	11.293935714120137	2.099738559813803	3.094180041474066	5.193918601287869	4.5	E
304	1ERT	67	4.9	0.0	0.0	0.40000000000000036	0.1312315977322227	1.355950194416655e-79	-0.7642194858864074	3.973396978604494	2.320910160531031	1.9471845804158487	4.26809474094688	4.5	E
305	1ERT	69	4.6	0.0	0.0	0.09999999999999964	0.045400963359864294	3.371739982559911e-119	-0.003784450677073329	2.613631512849195	1.8987869132653503	1.5451018677640385	3.443888781029389	4.5	E
306	1ERT	87	3.7	0.0	0.0	-0.7999999999999998	-0.02462371321764797	2.100191717543312e-26	-0.017815372050066714	6.5612448827165775	2.6147097860690085	0.9877721254166465	3.602481911485655	4.5	E
307	1ERT	94	4.1	0.0	0.0	-0.40000000000000036	-0.13815310765465844	3.765286593199063e-98	-0.17181873470425457	3.301828381794177	1.0632328694630135	2.843249611692505	3.9064824811555185	4.5	E
308	1ERT	97	3.9	0.0	0.0	-0.6000000000000001	-0.055615566382153786	4.366419506704551e-21	-0.8460721373391255	6.937963304777164	1.8210804326690258	2.4960804827299437	4.317160915398969	4.5	E
309	1ERT	102	4.4	0.0	0.0	-0.09999999999999964	0.03394705835863834	2.9402371873039583e-35	-4.345683058579235e-09	6.012218962863146	1.9357653573059395	0.6018848836078947	2.537650240913834	4.5	E
310	1ERT	42	5.5	0.0	0.0	-0.9000000000000004	-0.02331626296661348	-3.2697689675029164e-11	0.5575806369049472	7.802559821398494	1.9494188607901444	2.2087776442250906	4.158196505015235	6.4	H
311	1ERU	15	4.2	0.0	0.0	0.20000000000000018	0.06899050787307735	2.3628238844455325e-41	-5.2731301771561424e-14	5.6745836882949305	0.8776960017832928	1.1495093381537662	2.027205339937059	4.0	D
312	1ERU	19	3.8	0.0	0.0	-0.20000000000000018	-0.16005084835067093	3.2178232355293436e-96	-3.2268450694393434e-08	3.368567819689578	0.1125117386197	2.530115070944682	2.642626809564382	4.0	D
313	1ERU	25	8.1	0.0	0.0	4.1	0.08241125980129524	1.0	-0.3990850727244637	15.68044932036066	2.361937438489936	1.7094413604546217	4.071378798944558	4.0	D
314	1ERU	57	2.7	0.0	0.0	-1.2999999999999998	0.32874916811142496	1.50330432327916e-13	-1.0	7.569940715068216	3.112259747115191	3.20512268819546	6.317382435310651	4.0	D
315	1ERU	59	3.9	0.0	0.0	-0.10000000000000009	0.2563899855424888	3.1468846239477356e-53	-0.6469195355693164	5.082874885189338	2.2245158847398345	1.9803457214035372	4.204861606143371	4.0	D
316	1ERU	60	5.2	0.0	0.0	1.2000000000000002	0.361503692155032	1.6549748565660718e-50	-1.0	5.211984360230308	2.0842498879658433	3.0946501103994573	5.178899998365301	4.0	D
317	1ERU	63	3.2	0.0	0.0	-0.7999999999999998	0.12458169635903663	3.7500131406418156e-84	-1.0	3.8016875124377196	3.2017777425394813	1.9658017422766438	5.167579484816125	4.0	D
318	1ERU	5	4.9	0.0	0.0	0.40000000000000036	0.1834749646693296	1.406812669308774e-69	-0.7206593647669869	4.369066777358339	2.6958875061424368	1.548148159760744	4.244035665903181	4.5	E
319	1ERU	12	4.4	0.0	0.0	-0.09999999999999964	0.10065121021768828	3.317542035384864e-31	-0.0002203856954990983	6.253510610588369	2.0498891352964232	1.1524104843964775	3.2022996196929006	4.5	E
320	1ERU	46	4.3	0.0	0.0	-0.20000000000000018	-0.2221301711887102	7.402141996147061e-73	-1.0	4.23654717428343	2.8143231794760375	2.1010897235225463	4.915412902998584	4.5	E
321	1ERU	55	3.3	0.0	0.0	-1.2000000000000002	0.11053069323062546	1.0	-1.0	11.489176277602882	2.1662151182095566	3.0139239332482943	5.180139051457851	4.5	E
322	1ERU	67	5.1	0.0	0.0	0.5999999999999996	0.1389254026362274	9.92127840279905e-69	-0.8756589099193176	4.403864018229263	2.3748753806398097	1.9621653384897713	4.337040719129581	4.5	E
323	1ERU	69	4.8	0.0	0.0	0.2999999999999998	0.0551337224794128	1.4491357379210243e-117	-0.0034523462500792184	2.6647223836532525	1.91133239520495	1.5238952153524385	3.4352276105573885	4.5	E
324	1ERU	87	3.6	0.0	0.0	-0.8999999999999999	-0.02742629148218693	3.93001629408453e-22	-0.0873759909231496	6.860311210520414	2.722622807494702	1.0791602151329351	3.801783022627637	4.5	E
325	1ERU	94	4.1	0.0	0.0	-0.40000000000000036	-0.12207504177793349	8.860303000058748e-102	-0.10482767799650893	3.178239251883599	1.0102138285275521	2.8181557018026844	3.8283695303302365	4.5	E
326	1ERU	97	3.9	0.0	0.0	-0.6000000000000001	-0.05468872585903568	1.7953090742227333e-18	-0.8431366794950959	7.141281599017545	1.777528285328613	2.5377415333309785	4.3152698186595915	4.5	E
327	1ERU	102	4.5	0.0	0.0	0.0	0.035992013476692494	5.635036708912494e-31	-3.442417240387725e-08	6.267678089422156	1.967872250849371	0.6782395738187854	2.6461118246681563	4.5	E
328	1VXA	11	6.49	0.0	0.0	0.08999999999999986	-0.041998532856130893	-0.6315800390021538	2.1311453309907553e-11	9.696839778018337	0.9033009411580923	1.3798645375639025	2.283165478721995	6.4	H
329	1VXA	35	7.98	0.0	0.0	1.58	-0.11051079440545504	-3.030844896473849e-17	1.0	7.241917145677946	2.5596581724994456	2.080985392772856	4.640643565272302	6.4	H
330	1VXA	47	5.55	0.0	0.0	-0.8500000000000005	-0.14022491000865098	-1.8907565104129433e-86	5.43867101617093e-06	3.7169220762679807	0.32293445133111737	2.6200186113262633	2.9429530626573808	6.4	H
331	1VXA	80	6.88	0.0	0.0	0.47999999999999954	-0.21188092123464305	-1.5296481380588876e-129	0.0012117830039722155	2.2979426220989394	5.8851986909411835e-05	3.341005218205803	3.341064070192713	6.4	H
332	1VXA	112	5.51	0.0	0.0	-0.8900000000000006	-0.22467066983260753	-3.7251111950906894e-10	1.0	7.91621717890163	1.328134559655569	3.200115827727431	4.528250387383	6.4	H
333	1VXA	115	6.7	0.0	0.0	0.2999999999999998	-0.22766142270165918	-1.2868837668375756e-15	0.11687940073002415	7.381353296695688	1.5801995182262758	2.2645734007129463	3.8447729189392224	6.4	H
334	1VXA	118	6.26	0.0	0.0	-0.14000000000000057	-0.1930128548876556	-8.868438434677241e-08	0.7272426181370575	8.197880025451411	0.5481696280450493	3.699443711436972	4.2476133394820215	6.4	H
