153
-3.778	14.519	15.858
-0.411	13.663	17.16
-1.308	12.198	20.533
0.511	13.237	23.686
2.41	10.007	23.369
3.709	10.736	19.909
4.633	14.358	20.609
6.623	12.874	23.451
8.532	10.595	21.15
9.108	13.616	18.966
10.472	15.947	21.602
12.514	13.208	23.284
14.686	12.798	20.209
14.748	16.46	19.355
16.346	17.045	22.808
19.323	15.011	21.558
19.518	16.963	18.273
19.695	19.863	20.726
23.044	18.539	22.0
24.706	19.09	18.64
22.43	21.329	16.645
25.193	22.249	14.256
26.495	18.85	13.065
22.934	17.692	12.671
22.004	20.744	10.586
25.091	20.192	8.546
24.319	16.513	7.839
20.745	17.364	6.853
21.605	20.12	4.428
24.234	17.936	2.733
21.86	14.94	2.532
19.422	17.438	0.814
21.868	18.96	-1.657
23.189	15.542	-2.443
19.884	13.663	-3.0
18.241	16.674	-4.671
20.799	18.992	-6.395
18.245	21.399	-7.789
17.701	22.518	-4.184
21.182	24.018	-4.044
20.157	26.336	-6.908
17.821	28.021	-4.418
20.778	29.188	-2.333
22.987	31.838	-3.788
25.726	31.349	-1.171
26.026	27.613	-1.595
26.322	27.189	-5.298
30.099	27.401	-5.157
29.931	24.157	-3.13
30.404	21.429	-5.762
31.881	18.599	-3.717
30.884	17.22	-0.347
34.209	18.076	1.357
33.689	21.712	0.361
30.229	21.523	1.884
31.509	20.068	5.135
34.196	22.794	5.294
31.833	25.73	4.71
31.19	27.61	7.935
28.451	29.649	6.316
26.583	26.38	5.427
26.869	25.267	9.044
25.431	28.535	10.364
22.436	28.062	8.08
21.851	24.538	9.394
21.75	26.044	12.861
19.159	28.583	11.709
16.818	25.952	10.175
17.096	23.43	12.981
16.403	25.944	15.725
13.446	27.421	13.847
12.289	23.848	13.306
12.718	22.927	16.892
10.867	26.01	18.112
7.955	24.791	15.976
8.069	21.189	17.244
7.968	22.256	20.87
4.832	24.179	20.06
3.186	20.872	19.211
-0.16	21.303	17.532
-0.623	24.99	18.289
2.189	26.206	16.077
0.721	29.132	14.117
2.646	32.159	15.45
5.957	30.614	14.347
4.893	28.914	11.161
3.291	31.96	9.546
6.434	34.12	9.095
8.259	31.037	7.745
5.476	30.452	5.152
5.453	34.118	4.097
9.218	34.263	3.455
9.43	30.807	1.945
6.551	31.403	-0.467
7.0	34.996	-1.476
10.811	35.404	-1.246
13.009	32.351	-1.359
10.534	30.664	-3.74
10.751	27.326	-2.031
8.161	24.873	-3.48
6.352	22.625	-1.014
7.994	19.607	-2.647
11.415	20.743	-1.408
9.883	20.782	2.115
9.136	17.109	1.572
12.727	16.441	0.43
14.075	18.141	3.572
11.707	16.152	5.765
13.052	12.854	4.577
16.653	14.161	5.006
15.813	14.94	8.565
14.458	11.404	9.225
17.36	9.871	7.355
19.845	11.856	9.437
18.225	11.085	12.764
18.174	7.399	11.837
21.89	7.846	11.028
22.705	9.112	14.509
20.016	7.804	16.807
19.294	4.059	16.656
18.093	3.316	20.167
16.007	6.464	20.219
14.811	6.397	16.656
12.773	3.227	16.272
9.626	2.613	14.185
7.302	4.308	16.676
9.386	7.499	16.926
9.97	7.59	13.179
6.208	7.453	12.744
5.771	10.214	15.328
8.435	12.298	13.637
7.012	11.696	10.12
3.669	12.674	11.485
5.096	15.951	12.895
6.917	16.907	9.676
3.642	16.218	7.898
1.574	18.602	10.025
4.269	21.181	9.511
4.204	20.679	5.734
0.391	20.761	5.618
-0.013	24.038	7.58
2.638	25.664	5.446
0.731	24.399	2.395
-2.429	26.064	3.633
-0.534	29.358	3.937
0.826	28.883	0.452
-2.6	28.192	-1.083
-3.878	31.361	0.566
-1.098	33.546	-0.861
-1.506	31.905	-4.267
1.628	29.791	-4.388
1.923	26.088	-5.319
-0.914	24.3	-7.109
