155
-17.782	-4.845	18.545
-16.546	-1.438	19.73
-18.994	1.335	20.583
-16.528	4.176	19.885
-14.493	4.592	16.673
-10.727	4.389	17.378
-8.139	6.208	15.257
-4.339	6.214	15.803
-2.074	8.377	13.673
1.587	9.107	13.016
3.563	11.053	10.413
7.236	11.037	9.407
9.593	13.001	7.146
13.273	12.578	6.283
13.995	16.305	5.658
12.667	19.845	5.721
11.359	19.401	3.181
11.934	15.793	2.186
10.086	12.553	1.37
7.569	11.727	4.122
4.592	9.491	4.884
1.819	8.797	7.368
0.254	5.79	8.995
-3.324	5.749	10.319
-5.265	2.861	11.911
-9.096	3.125	12.033
-11.242	0.624	13.95
-14.614	1.248	12.272
-17.63	-1.023	12.356
-15.972	-4.413	13.018
-13.006	-3.801	10.667
-9.532	-2.438	11.267
-8.497	-0.328	8.255
-4.9	0.79	7.667
-3.986	3.776	5.55
-0.47	4.747	4.549
1.061	6.702	1.619
4.39	8.463	0.977
4.884	11.896	-0.575
7.993	12.973	-2.494
8.519	16.331	-0.743
6.555	17.444	2.309
7.204	18.114	6.016
6.745	16.221	9.269
3.906	18.564	10.265
1.976	18.15	7.014
2.264	14.341	7.337
0.984	14.302	10.954
-2.006	16.367	9.852
-2.565	14.155	6.778
-2.832	11.004	8.917
-5.728	12.442	10.989
-7.347	13.802	7.787
-7.479	10.523	5.813
-8.765	8.488	8.798
-11.589	10.979	9.511
-12.553	11.359	5.85
-13.139	7.607	5.84
-16.115	7.957	8.199
-19.408	8.132	6.293
-21.776	8.934	9.179
-21.478	11.075	12.324
-19.53	9.013	14.861
-18.143	9.175	18.384
-14.37	9.14	17.893
-11.361	8.704	20.122
-8.226	9.9	18.303
-4.818	8.978	19.753
-1.608	10.569	18.553
1.758	11.746	19.929
1.878	14.625	17.386
2.751	17.865	19.185
1.762	19.927	16.185
-1.758	18.481	15.954
-2.152	18.93	19.741
-0.975	22.592	19.744
-3.233	23.179	16.772
-6.323	21.598	18.353
-5.651	22.952	21.811
-4.257	26.455	21.247
-4.636	27.671	17.621
-7.683	26.497	15.649
-10.258	28.269	17.779
-8.614	31.675	17.331
-7.745	30.934	13.722
-11.421	30.544	12.795
-12.306	33.91	14.356
-9.422	35.718	12.734
-10.374	34.182	9.442
-7.391	31.812	9.166
-4.835	34.586	9.431
-1.736	35.336	11.438
-1.387	38.61	13.445
0.394	40.093	10.371
-2.611	39.213	8.176
-1.106	36.383	6.122
-2.783	32.975	5.637
-1.686	30.609	8.388
0.875	27.941	7.686
-0.611	24.768	6.207
-4.036	26.447	6.121
-4.899	23.952	3.37
-4.611	21.027	5.795
-6.063	22.731	8.904
-9.245	23.761	6.948
-9.479	20.253	5.531
-9.104	18.778	9.041
-11.563	21.304	10.546
-14.177	20.278	7.955
-13.771	16.586	9.034
-13.805	17.326	12.778
-17.064	19.224	12.36
-18.945	16.073	11.412
-18.098	14.169	14.624
-17.925	14.075	18.42
-14.154	13.726	19.06
-12.2	12.805	22.187
-8.447	13.499	21.807
-5.845	11.269	23.477
-2.414	12.909	23.527
0.056	10.059	24.09
3.759	10.319	24.837
5.968	9.023	22.066
7.609	6.313	24.141
4.384	5.418	25.913
1.842	4.852	23.096
-0.24	1.729	22.481
0.784	-1.009	20.081
-1.307	0.849	17.513
0.673	4.053	17.763
3.921	2.114	17.24
2.538	0.418	14.159
1.588	3.835	12.792
5.238	5.002	13.27
6.459	1.929	11.387
3.998	2.491	8.545
4.813	6.215	8.331
8.58	5.574	8.212
8.097	2.843	5.583
6.033	5.103	3.361
8.6	7.92	3.485
11.072	5.392	2.052
9.006	4.774	-1.075
6.966	7.905	-1.828
4.432	7.827	-4.629
2.264	10.977	-4.248
2.779	14.708	-4.606
1.999	17.018	-1.641
0.303	19.633	-3.775
-0.321	21.965	-0.894
3.288	22.265	0.139
4.822	25.766	0.07
8.299	27.063	0.961
6.231	30.21	0.921
3.105	31.446	2.724
