56
11.826	13.9	7.384
8.184	13.775	6.352
7.664	10.743	4.144
4.794	8.326	3.679
5.388	4.774	2.503
4.699	1.177	3.446
7.502	-1.303	2.859
7.056	-3.295	-0.323
10.297	-5.211	-0.718
8.464	-8.499	-0.365
5.934	-8.109	-3.152
3.95	-9.014	-5.04
2.265	-11.673	-2.938
0.171	-14.723	-4.024
-2.487	-14.056	-1.409
-3.675	-11.185	0.757
-5.202	-10.843	4.203
-8.598	-9.247	3.706
-8.104	-6.599	6.357
-9.086	-3.272	4.839
-6.574	-0.483	5.333
-6.659	1.503	2.052
-3.564	3.197	0.683
-4.026	5.895	-1.935
-1.218	6.241	-4.454
0.301	9.041	-6.495
-2.097	7.862	-9.181
-4.812	8.946	-6.77
-6.496	5.569	-7.003
-6.999	3.276	-4.033
-5.254	0.028	-3.191
-7.275	-1.891	-0.648
-4.351	-2.507	1.68
-0.597	-2.86	2.02
-0.862	-5.948	-0.155
-2.712	-4.507	-3.131
-0.798	-1.264	-2.715
2.599	-2.928	-2.631
1.66	-5.177	-5.526
0.736	-2.145	-7.6
4.096	-0.676	-6.657
6.301	-3.674	-7.359
4.53	-4.144	-10.669
4.85	-0.396	-11.117
8.597	-0.913	-10.839
9.289	1.571	-8.071
7.537	4.55	-9.579
4.179	4.393	-7.832
4.286	5.82	-4.324
2.153	6.605	-1.299
0.318	9.92	-1.303
-1.499	9.169	1.934
-2.554	6.252	4.104
-6.237	5.363	4.078
-8.516	5.636	1.065
-8.637	8.302	-1.623
