0.0 3.785766 6.7318 10.38534 12.319904 15.056225 17.866057 21.277937 20.778823 20.223639 22.565978 21.863611 18.946353 19.498111 23.089406 25.360465 23.424547 19.649784 17.02627 14.792325 11.05496 9.014837 6.106087 4.473819 5.58098 8.784089 8.884544 10.358415 11.370047 12.088588 14.402097 15.537602 19.24005 21.491288 23.999884 25.665645 22.761247 19.170669 17.221246 15.789538 17.469544 20.818482 22.513481 22.607685 25.368243 25.770264 25.445011 23.582931 22.572049 18.845357 18.333848 18.516124 20.563115 
3.785766 0.0 3.785742 6.948755 9.333088 12.157011 15.331847 18.726293 18.771028 18.062365 19.995769 18.89022 16.221063 16.412129 20.017377 22.20964 20.042038 16.260565 13.426073 11.337976 7.604202 6.344499 4.728272 5.491685 7.584654 10.142962 9.217594 9.749627 9.458176 9.753701 11.463251 12.500287 16.215975 18.574294 21.398423 23.195653 20.225029 16.836917 15.400497 13.922653 14.902703 18.171321 20.307174 20.643521 23.062445 23.734931 23.445798 22.015783 20.898938 17.14016 16.537293 17.171353 19.140393 
6.7318 3.785742 0.0 3.810467 6.110141 9.483017 12.411007 16.008661 16.420854 16.25431 18.180124 17.18386 15.070104 15.501592 19.21937 21.676456 19.394723 15.734481 12.396931 9.891899 6.294417 4.829863 5.500332 6.563237 9.795992 11.26417 9.036465 9.714144 8.773611 9.877606 11.368386 12.943098 16.587536 19.279692 22.509709 24.247364 21.085276 17.978897 16.833385 14.824012 15.139583 18.475898 20.852284 21.793773 23.945934 25.125779 25.113018 24.177266 23.121541 19.413673 18.808096 19.740213 21.462152 
10.38534 6.948755 3.810467 0.0 3.785195 7.155586 10.306334 13.738518 14.946756 14.751505 16.074278 14.654814 13.174723 13.232688 16.83148 19.218926 16.724384 13.273345 9.634936 7.309844 4.623457 5.112237 7.778862 9.868117 12.963037 13.956241 11.314201 11.114366 8.923528 9.612426 10.051453 11.571013 14.869858 17.655697 21.177948 22.92997 19.766551 17.121255 16.612204 14.578145 13.944439 16.984265 19.746263 21.052467 22.723367 24.263672 24.378888 23.991981 22.935055 19.406187 18.805548 20.163539 21.711305 
12.319904 9.333088 6.110141 3.785195 0.0 3.784413 6.582115 10.137864 11.239775 11.419678 13.024725 12.220013 11.022971 11.971272 15.602133 18.513729 16.546093 13.406236 9.992648 6.759747 5.112579 4.592893 8.167214 10.367617 13.477031 13.419766 10.237717 9.698106 7.26756 8.949871 9.829184 12.343861 15.472313 18.731353 22.324151 23.537403 20.095453 17.565357 16.776346 14.077629 13.371977 16.574478 18.993441 20.905511 22.642678 24.67027 25.350796 25.290784 24.740031 21.255254 21.219119 22.998639 24.839118 
15.056225 12.157011 9.483017 7.155586 3.784413 0.0 3.810277 6.778486 8.101247 7.901281 9.260403 8.714112 7.881236 9.455618 12.906971 16.16634 14.772426 12.105756 9.304573 5.828482 6.132486 6.193653 9.837339 12.51092 15.078829 14.345423 11.278221 9.709574 6.657224 8.233513 8.815126 11.884801 14.528492 18.082223 21.646977 22.32294 18.741483 16.544499 15.792002 12.762574 11.650519 14.689832 16.833264 19.278833 20.873637 23.350644 24.542024 24.92799 24.860253 21.574889 22.092199 24.379114 26.484417 
17.866057 15.331847 12.411007 10.306334 6.582115 3.810277 0.0 3.786137 5.303212 6.726135 8.42289 9.146922 9.316286 11.629833 14.581864 18.047735 17.109835 14.992448 12.527324 9.326504 9.921226 9.333231 12.668828 14.775293 17.404131 15.975594 12.638934 11.41273 9.085216 11.302286 12.121154 15.350841 17.68018 21.290642 24.820054 25.184964 21.571646 19.606339 18.731942 15.432925 14.365744 17.211478 18.953833 21.80783 23.333098 26.114084 27.632706 28.220458 28.378069 25.164934 25.831018 28.177815 30.285193 
21.277937 18.726293 16.008661 13.738518 10.137864 6.778486 3.786137 0.0 3.785259 5.296017 6.001848 7.631314 8.958485 11.547529 13.712764 17.226917 16.930528 15.564102 13.840886 11.139985 12.669462 12.517242 15.743292 18.044172 20.319963 18.57509 15.504003 13.783252 11.405843 13.165047 13.55037 16.750876 18.450364 22.057128 25.446575 25.352107 21.800752 20.324168 19.629014 16.333268 14.916151 17.237036 18.611287 21.875601 23.096838 26.236372 28.156256 29.166923 29.675501 26.72246 27.728576 30.394095 32.604052 
20.778823 18.771028 16.420854 14.946756 11.239775 8.101247 5.303212 3.785259 0.0 3.784644 6.494476 9.295367 9.502575 12.869129 15.155884 18.884571 19.001614 17.407129 15.847082 12.704076 13.579118 12.528751 15.107098 17.026721 18.914892 16.595826 13.766785 12.062617 10.548475 12.89796 14.189777 17.770265 19.744158 23.488626 26.681974 26.308103 22.62249 20.801586 19.446049 15.842442 15.247045 17.894687 18.630763 21.877193 23.590475 26.649688 28.779977 29.531604 30.337119 27.284939 28.591193 31.233777 33.736729 
20.223639 18.062365 16.25431 14.751505 11.419678 7.901281 6.726135 5.296017 3.784644 0.0 3.784132 6.627497 6.186562 9.822768 11.948022 15.723414 16.205804 14.735278 13.786024 10.900528 12.265635 11.785676 14.201297 16.711038 18.084747 16.011638 13.73511 11.113211 9.070392 10.538572 11.523784 15.066115 16.750487 20.487748 23.481915 22.84759 19.169475 17.460978 16.130424 12.608659 11.916327 14.395861 14.901596 18.213797 19.928673 23.028528 25.313717 26.185075 27.229878 24.347313 25.967951 28.845336 31.532665 
22.565978 19.995769 18.180124 16.074278 13.024725 9.260403 8.42289 6.001848 6.494476 3.784132 0.0 3.785045 5.266185 8.175106 9.332306 12.962921 13.809117 13.134296 12.867551 10.863154 13.267774 13.813874 16.542685 19.479662 20.833516 19.141866 16.971026 14.092101 11.423348 11.82644 11.608813 14.623848 15.500166 19.04962 21.975391 21.142857 17.666786 16.668972 16.072277 13.033069 11.362367 12.967087 13.625273 17.206852 18.256257 21.654597 24.082143 25.471481 26.588965 24.048435 25.740586 28.875145 31.449263 
21.863611 18.89022 17.18386 14.654814 12.220013 8.714112 9.146922 7.631314 9.295367 6.627497 3.785045 0.0 3.78605 5.026271 6.161772 9.726207 10.134847 9.598061 9.619727 8.427438 11.565138 13.119612 16.071504 19.411974 20.838918 19.806891 17.697687 14.696903 11.379467 10.785645 9.423206 11.83962 12.312985 15.736408 18.801071 18.256624 14.887572 14.196849 14.334715 11.836615 9.251763 10.422684 11.929932 15.327053 15.921671 19.281364 21.421581 22.995451 23.842991 21.43561 22.93325 26.133481 28.523612 
18.946353 16.221063 15.070104 13.174723 11.022971 7.881236 9.316286 8.958485 9.502575 6.186562 5.266185 3.78605 0.0 3.784251 6.41169 10.128352 10.421421 8.852825 8.757517 6.884639 9.37943 10.635492 13.065997 16.494726 17.515354 16.578082 14.89055 11.577849 8.315704 7.316636 6.483131 9.483054 10.651979 14.348833 17.325805 16.809207 13.146193 11.66791 11.111489 8.237231 6.237451 8.435847 9.757491 12.922017 14.295394 17.347776 19.428157 20.528567 21.475832 18.819838 20.523542 23.672803 26.351516 
19.498111 16.412129 15.501592 13.232688 11.971272 9.455618 11.629833 11.547529 12.869129 9.822768 8.175106 5.026271 3.784251 0.0 3.786847 7.01625 6.71558 5.210583 6.105133 5.978224 9.256082 11.693927 14.143805 17.845922 18.846514 18.614019 17.098327 13.858928 10.3076 8.122095 5.443352 7.052098 7.35641 10.919142 14.040525 13.816661 10.316538 9.38654 10.028755 8.299206 4.918004 6.035096 8.5842 11.345263 12.012479 14.998471 16.753453 18.162489 18.842394 16.443907 17.986512 21.284904 23.767563 
23.089406 20.017377 19.21937 16.83148 15.602133 12.906971 14.581864 13.712764 15.155884 11.948022 9.332306 6.161772 6.41169 3.786847 0.0 3.784337 5.301649 6.162963 8.603576 9.530515 12.940152 15.47556 17.809615 21.524513 22.298876 22.011694 20.680823 17.296705 13.895172 11.568982 8.750605 9.307291 7.96803 10.755631 13.320998 12.410933 9.392062 9.862501 11.279778 10.378107 6.855331 5.684894 7.748129 10.730098 10.3476 13.775367 15.931035 18.054597 19.099291 17.359689 19.197209 22.743653 25.167854 
25.360465 22.20964 21.676456 19.218926 18.513729 16.16634 18.047735 17.226917 18.884571 15.723414 12.962921 9.726207 10.128352 7.01625 3.784337 0.0 3.784094 6.588672 10.001322 12.036362 15.415171 18.351342 20.522438 24.297554 24.922108 25.005086 23.880667 20.508912 17.108629 14.350108 11.081933 10.344249 7.653221 9.160029 11.145984 10.080558 7.972767 9.828355 12.285957 12.502818 8.957124 6.282199 8.431745 10.521395 8.842409 12.114891 14.060117 16.751975 17.747757 16.685392 18.490766 22.131747 24.331565 
23.424547 20.042038 19.394723 16.724384 16.546093 14.772426 17.109835 16.930528 19.001614 16.205804 13.809117 10.134847 10.421421 6.71558 5.301649 3.784094 0.0 3.786448 7.13075 9.99806 13.339695 16.702989 19.046713 22.809894 23.775913 24.272028 22.930777 19.881883 16.288601 13.481289 9.819835 8.435203 5.880965 7.36767 10.247395 10.53579 8.414874 9.661028 12.427085 12.68892 8.969357 7.162589 10.441287 11.973717 10.640774 13.238377 14.271144 16.564771 16.750384 15.377295 16.48329 19.907636 21.769426 
19.649784 16.260565 15.734481 13.273345 13.406236 12.105756 14.992448 15.564102 17.407129 14.735278 13.134296 9.598061 8.852825 5.210583 6.162963 6.588672 3.786448 0.0 3.784472 6.720052 9.737539 13.190627 15.421549 19.16405 20.201002 20.904936 19.575981 16.699721 13.128218 10.225364 6.466438 4.990844 3.865941 6.730138 10.325664 11.262468 8.423153 8.10926 10.339584 10.261897 6.753535 6.465411 10.200267 11.541288 11.335394 13.544619 14.247621 15.733043 15.595743 13.470607 14.352195 17.617135 19.655117 
17.02627 13.426073 12.396931 9.634936 9.992648 9.304573 12.527324 13.840886 15.847082 13.786024 12.867551 9.619727 8.757517 6.105133 8.603576 10.001322 7.13075 3.784472 0.0 3.7854 6.653412 10.320267 12.958275 16.560937 18.154436 18.948455 17.190444 14.792512 11.155801 8.889983 5.641716 5.230392 6.535611 9.428698 13.194664 14.608164 11.651847 10.373239 11.725679 10.851925 7.969812 9.2583 12.816051 14.248489 14.688149 16.688255 17.114607 17.993058 17.408553 14.712541 14.963522 17.733019 19.570903 
14.792325 11.337976 9.891899 7.309844 6.759747 5.828482 9.326504 11.139985 12.704076 10.900528 10.863154 8.427438 6.884639 5.978224 9.530515 12.036362 9.99806 6.720052 3.7854 0.0 3.784153 6.968285 10.007218 13.57435 15.407166 15.759947 13.70022 11.363853 7.663966 6.240293 4.351124 6.36917 8.923895 12.337053 15.96192 16.987987 13.596664 11.553415 11.692446 9.696193 7.645772 10.238238 13.184619 15.0297 16.247991 18.407313 19.19694 19.697576 19.404985 16.300513 16.784551 19.364888 21.487123 
11.05496 7.604202 6.294417 4.623457 5.112579 6.132486 9.921226 12.669462 13.579118 12.265635 13.267774 11.565138 9.37943 9.256082 12.940152 15.415171 13.339695 9.737539 6.653412 3.784153 0.0 3.784628 6.609074 10.040403 12.11542 12.883772 10.860219 9.157377 6.043534 5.362552 5.461707 7.499787 10.95431 14.123376 17.567906 18.891816 15.530513 12.780965 12.159534 10.058718 9.346881 12.519146 15.151581 16.4995 18.29582 19.959783 20.408781 20.208456 19.648159 16.16116 16.316754 18.366876 20.521858 
9.014837 6.344499 4.829863 5.112237 4.592893 6.193653 9.333231 12.517242 12.528751 11.785676 13.813874 13.119612 10.635492 11.693927 15.47556 18.351342 16.702989 13.190627 10.320267 6.968285 3.784628 0.0 3.785644 6.826195 9.310271 9.586108 7.166065 6.097528 4.055576 5.673765 7.855956 10.542992 14.146317 17.408737 20.654715 21.724183 18.227666 15.126128 13.619564 10.932758 11.317111 14.915478 16.910751 18.341886 20.652468 22.284285 22.922982 22.377136 22.03211 18.383974 18.69467 20.448445 22.761605 
6.106087 4.728272 5.500332 7.778862 8.167214 9.837339 12.668828 15.743292 15.107098 14.201297 16.542685 16.071504 13.065997 14.143805 17.809615 20.522438 19.046713 15.421549 12.958275 10.007218 6.609074 3.785644 0.0 3.784731 5.605002 6.65815 5.459304 5.04889 5.264663 6.537662 9.486245 11.75753 15.500702 18.48732 21.326773 22.385692 19.014823 15.512169 13.374912 10.991675 12.486887 16.143176 17.690111 18.550805 21.31567 22.456353 22.907313 21.777963 21.466768 17.717211 18.103018 19.493688 22.034386 
4.473819 5.491685 6.563237 9.868117 10.367617 12.51092 14.775293 18.044172 17.026721 16.711038 19.479662 19.411974 16.494726 17.845922 21.524513 24.297554 22.809894 19.16405 16.560937 13.57435 10.040403 6.826195 3.784731 0.0 3.784125 5.164082 4.41617 6.457047 8.287162 10.181598 13.267441 15.426349 19.184217 22.029457 24.746712 25.876639 22.58478 18.987636 16.616939 14.313792 16.155846 19.821805 21.154264 21.877176 24.816057 25.764717 26.092975 24.626935 24.209608 20.443722 20.602293 21.468123 23.855321 
5.58098 7.584654 9.795992 12.963037 13.477031 15.078829 17.404131 20.319963 18.914892 18.084747 20.833516 20.838918 17.515354 18.846514 22.298876 24.922108 23.775913 20.201002 18.154436 15.407166 12.11542 9.310271 5.605002 3.784125 0.0 3.784446 5.918594 7.044396 9.551985 10.743753 14.021704 15.948116 19.546976 22.195599 24.464193 25.341206 22.191358 18.444984 15.607178 13.653977 16.235647 19.763243 20.571188 20.859501 24.112032 24.708887 25.05079 23.237255 23.114059 19.460711 20.014462 20.836527 23.570096 
8.784089 10.142962 11.26417 13.956241 13.419766 14.345423 15.975594 18.57509 16.595826 16.011638 19.141866 19.806891 16.578082 18.614019 22.011694 25.005086 24.272028 20.904936 18.948455 15.759947 12.883772 9.586108 6.65815 5.164082 3.784446 0.0 3.783804 5.133137 8.663725 10.798265 14.490849 17.113118 20.606583 23.63227 26.010172 26.447171 23.059234 19.423958 16.328746 13.708456 16.366021 20.018844 20.425961 21.252962 24.597155 25.631493 26.50003 25.026919 25.346916 21.751751 22.719146 23.94315 26.816437 
8.884544 9.217594 9.036465 11.314201 10.237717 11.278221 12.638934 15.504003 13.766785 13.73511 16.971026 17.697687 14.89055 17.098327 20.680823 23.880667 22.930777 19.575981 17.190444 13.70022 10.860219 7.166065 5.459304 4.41617 5.918594 3.783804 0.0 3.786124 6.795175 9.867302 13.421507 16.393293 19.965719 23.236215 26.031942 26.61177 23.057537 19.601841 16.932028 13.9072 15.822042 19.602221 20.458486 21.789654 24.822382 26.266615 27.209553 26.131662 26.263961 22.580768 23.303192 24.684255 27.316167 
10.358415 9.749627 9.714144 11.114366 9.698106 9.709574 11.41273 13.783252 12.062617 11.113211 14.092101 14.696903 11.577849 13.858928 17.296705 20.508912 19.881883 16.699721 14.792512 11.363853 9.157377 6.097528 5.04889 6.457047 7.044396 5.133137 3.786124 0.0 3.784078 6.680365 10.396383 13.612808 16.967078 20.36295 23.079628 23.343744 19.718823 16.361109 13.623943 10.358955 12.332466 16.086415 16.752457 18.246449 21.273335 22.898407 24.121563 23.325366 23.790563 20.232167 21.401144 23.273683 26.154589 
11.370047 9.458176 8.773611 8.923528 7.26756 6.657224 9.085216 11.405843 10.548475 9.070392 11.423348 11.379467 8.315704 10.3076 13.895172 17.108629 16.288601 13.128218 11.155801 7.663966 6.043534 4.055576 5.264663 8.287162 9.551985 8.663725 6.795175 3.784078 0.0 3.785953 7.080913 10.558883 13.827229 17.378587 20.370066 20.732516 17.039302 13.939509 11.828245 8.465177 9.439532 13.20038 14.43671 16.232298 18.845863 20.761219 21.998297 21.645227 21.994204 18.502762 19.609101 21.822143 24.577523 
12.088588 9.753701 9.877606 9.612426 8.949871 8.233513 11.302286 13.165047 12.89796 10.538572 11.82644 10.785645 7.316636 8.122095 11.568982 14.350108 13.481289 10.225364 8.889983 6.240293 5.362552 5.673765 6.537662 10.181598 10.743753 10.798265 9.867302 6.680365 3.785953 0.0 3.784456 7.060849 10.296188 13.767692 16.635286 17.026059 13.379883 10.191976 8.295977 5.29339 6.104036 9.865711 11.399683 12.82833 15.374688 17.120254 18.236309 17.958567 18.342699 14.946076 16.284981 18.814136 21.713649 
14.402097 11.463251 11.368386 10.051453 9.829184 8.815126 12.121154 13.55037 14.189777 11.523784 11.608813 9.423206 6.483131 5.443352 8.750605 11.081933 9.819835 6.466438 5.641716 4.351124 5.461707 7.855956 9.486245 13.267441 14.021704 14.490849 13.421507 10.396383 7.080913 3.784456 0.0 3.785052 6.761337 10.379653 13.538778 14.12687 10.522615 7.831636 7.383465 5.515088 3.920183 7.156654 9.718218 11.154065 12.966463 14.885288 15.870206 16.135649 16.342298 13.212518 14.477271 17.390163 20.095958 
15.537602 12.500287 12.943098 11.571013 12.343861 11.884801 15.350841 16.750876 17.770265 15.066115 14.623848 11.83962 9.483054 7.052098 9.307291 10.344249 8.435203 4.990844 5.230392 6.36917 7.499787 10.542992 11.75753 15.426349 15.948116 17.113118 16.393293 13.612808 10.558883 7.060849 3.785052 0.0 3.785355 6.926469 10.176362 11.431417 8.251125 5.811963 6.936994 7.117877 5.108286 6.580623 9.816525 10.2206 11.424633 12.758018 13.053881 13.357945 13.101057 10.135923 11.184716 14.312425 16.904316 
19.24005 16.215975 16.587536 14.869858 15.472313 14.528492 17.68018 18.450364 19.744158 16.750487 15.500166 12.312985 10.651979 7.35641 7.96803 7.653221 5.880965 3.865941 6.535611 8.923895 10.95431 14.146317 15.500702 19.184217 19.546976 20.606583 19.965719 16.967078 13.827229 10.296188 6.761337 3.785355 0.0 3.78484 7.142915 8.202784 5.305406 4.692961 7.63743 8.870644 6.042962 5.023547 8.607122 8.749276 8.750493 10.249714 10.630578 11.884429 11.89179 9.861151 11.276015 14.818299 17.244943 
21.491288 18.574294 19.279692 17.655697 18.731353 18.082223 21.290642 22.057128 23.488626 20.487748 19.04962 15.736408 14.348833 10.919142 10.755631 9.160029 7.36767 6.730138 9.428698 12.337053 14.123376 17.408737 18.48732 22.029457 22.195599 23.63227 23.236215 20.36295 17.378587 13.767692 10.379653 6.926469 3.78484 0.0 3.78387 6.136671 5.107762 6.082461 9.700395 11.917362 9.533795 7.658814 10.666395 9.700623 8.697702 9.103889 8.397992 9.990183 9.492372 8.458606 9.616688 13.213042 15.321667 
23.999884 21.398423 22.509709 21.177948 22.324151 21.646977 24.820054 25.446575 26.681974 23.481915 21.975391 18.801071 17.325805 14.040525 13.320998 11.145984 10.247395 10.325664 13.194664 15.96192 17.567906 20.654715 21.326773 24.746712 24.464193 26.010172 26.031942 23.079628 20.370066 16.635286 13.538778 10.176362 7.142915 3.78387 0.0 3.785372 5.289148 7.318406 10.906554 13.888053 12.051702 9.586623 11.602209 9.595298 7.935667 6.965102 5.277271 7.486727 7.323728 7.85138 9.531199 13.080406 15.201945 
25.665645 23.195653 24.247364 22.92997 23.537403 22.32294 25.184964 25.352107 26.308103 22.84759 21.142857 18.256624 16.809207 13.816661 12.410933 10.080558 10.53579 11.262468 14.608164 16.987987 18.891816 21.724183 22.385692 25.876639 25.341206 26.447171 26.61177 23.343744 20.732516 17.026059 14.12687 11.431417 8.202784 6.136671 3.785372 0.0 3.7851 7.041714 10.363939 13.365536 11.645656 8.472535 9.406777 7.24464 4.669984 3.889891 4.225504 7.637695 9.179435 9.918638 12.488651 16.122756 18.577974 
22.761247 20.225029 21.085276 19.766551 20.095453 18.741483 21.571646 21.800752 22.62249 19.169475 17.666786 14.887572 13.146193 10.316538 9.392062 7.972767 8.414874 8.423153 11.651847 13.596664 15.530513 18.227666 19.014823 22.58478 22.191358 23.059234 23.057537 19.718823 17.039302 13.379883 10.522615 8.251125 5.305406 5.107762 5.289148 3.7851 0.0 3.785267 7.217012 9.792275 7.864022 4.790107 6.32231 4.928511 3.726659 5.122671 6.56732 8.840346 10.318975 9.616129 12.309873 16.092789 18.857542 
19.170669 16.836917 17.978897 17.121255 17.565357 16.544499 19.606339 20.324168 20.801586 17.460978 16.668972 14.196849 11.66791 9.38654 9.862501 9.828355 9.661028 8.10926 10.373239 11.553415 12.780965 15.126128 15.512169 18.987636 18.444984 19.423958 19.601841 16.361109 13.939509 10.191976 7.831636 5.811963 4.692961 6.082461 7.318406 7.041714 3.785267 0.0 3.785516 6.617686 5.558955 4.412727 6.147946 4.825833 6.34269 7.205349 8.185073 8.879045 10.076391 8.097925 10.889555 14.544858 17.671411 
17.221246 15.400497 16.833385 16.612204 16.776346 15.792002 18.731942 19.629014 19.446049 16.130424 16.072277 14.334715 11.111489 10.028755 11.279778 12.285957 12.427085 10.339584 11.725679 11.692446 12.159534 13.619564 13.374912 16.616939 15.607178 16.328746 16.932028 13.623943 11.828245 8.295977 7.383465 6.936994 7.63743 9.700395 10.906554 10.363939 7.217012 3.785516 0.0 3.786949 5.163441 6.043882 6.314293 5.398094 8.557212 9.358227 10.690318 10.443474 11.970132 9.462004 12.39752 15.670954 19.123693 
15.789538 13.922653 14.824012 14.578145 14.077629 12.762574 15.432925 16.333268 15.842442 12.608659 13.033069 11.836615 8.237231 8.299206 10.378107 12.502818 12.68892 10.261897 10.851925 9.696193 10.058718 10.932758 10.991675 14.313792 13.653977 13.708456 13.9072 10.358955 8.465177 5.29339 5.515088 7.117877 8.870644 11.917362 13.888053 13.365536 9.792275 6.617686 3.786949 0.0 3.78391 6.648584 6.930504 7.913839 10.981547 12.625575 14.29894 14.220325 15.533775 12.692811 15.137388 18.201067 21.531476 
17.469544 14.902703 15.139583 13.944439 13.371977 11.650519 14.365744 14.916151 15.247045 11.916327 11.362367 9.251763 6.237451 4.918004 6.855331 8.957124 8.969357 6.753535 7.969812 7.645772 9.346881 11.317111 12.486887 16.155846 16.235647 16.366021 15.822042 12.332466 9.439532 6.104036 3.920183 5.108286 6.042962 9.533795 12.051702 11.645656 7.864022 5.558955 5.163441 3.78391 0.0 3.786398 5.805555 7.644889 9.559335 11.887793 13.601192 14.356465 15.394646 12.812456 14.96267 18.315183 21.303652 
20.818482 18.171321 18.475898 16.984265 16.574478 14.689832 17.211478 17.237036 17.894687 14.395861 12.967087 10.422684 8.435847 6.035096 5.684894 6.282199 7.162589 6.465411 9.2583 10.238238 12.519146 14.915478 16.143176 19.821805 19.763243 20.018844 19.602221 16.086415 13.20038 9.865711 7.156654 6.580623 5.023547 7.658814 9.586623 8.472535 4.790107 4.412727 6.043882 6.648584 3.786398 0.0 3.785768 5.519885 6.18709 9.025236 11.120141 12.753103 14.151362 12.393084 14.856171 18.518923 21.399312 
22.513481 20.307174 20.852284 19.746263 18.993441 16.833264 18.953833 18.611287 18.630763 14.901596 13.625273 11.929932 9.757491 8.5842 7.748129 8.431745 10.441287 10.200267 12.816051 13.184619 15.151581 16.910751 17.690111 21.154264 20.571188 20.425961 20.458486 16.752457 14.43671 11.399683 9.718218 9.816525 8.607122 10.666395 11.602209 9.406777 6.32231 6.147946 6.314293 6.930504 5.805555 3.785768 0.0 3.784382 5.421837 8.456903 11.485653 13.089241 15.358697 13.953968 16.999579 20.646104 23.810736 
22.607685 20.643521 21.793773 21.052467 20.905511 19.278833 21.80783 21.875601 21.877193 18.213797 17.206852 15.327053 12.922017 11.345263 10.730098 10.521395 11.973717 11.541288 14.248489 15.0297 16.4995 18.341886 18.550805 21.877176 20.859501 21.252962 21.789654 18.246449 16.232298 12.82833 11.154065 10.2206 8.749276 9.700623 9.595298 7.24464 4.928511 4.825833 5.398094 7.913839 7.644889 5.519885 3.784382 0.0 3.782773 5.277322 8.209817 9.536327 12.194762 11.248455 14.661014 18.266129 21.546929 
25.368243 23.062445 23.945934 22.723367 22.642678 20.873637 23.333098 23.096838 23.590475 19.928673 18.256257 15.921671 14.295394 12.012479 10.3476 8.842409 10.640774 11.335394 14.688149 16.247991 18.29582 20.652468 21.31567 24.816057 24.112032 24.597155 24.822382 21.273335 18.845863 15.374688 12.966463 11.424633 8.750493 8.697702 7.935667 4.669984 3.726659 6.34269 8.557212 10.981547 9.559335 6.18709 5.421837 3.782773 0.0 3.785204 7.077332 9.789424 12.287973 12.186813 15.319231 19.047395 21.94873 
25.770264 23.734931 25.125779 24.263672 24.67027 23.350644 26.114084 26.236372 26.649688 23.028528 21.654597 19.281364 17.347776 14.998471 13.775367 12.114891 13.238377 13.544619 16.688255 18.407313 19.959783 22.284285 22.456353 25.764717 24.708887 25.631493 26.266615 22.898407 20.761219 17.120254 14.885288 12.758018 10.249714 9.103889 6.965102 3.889891 5.122671 7.205349 9.358227 12.625575 11.887793 9.025236 8.456903 5.277322 3.785204 0.0 3.784216 6.533831 9.489383 10.251047 13.577413 17.105274 20.027166 
25.445011 23.445798 25.113018 24.378888 25.350796 24.542024 27.632706 28.156256 28.779977 25.313717 24.082143 21.421581 19.428157 16.753453 15.931035 14.060117 14.271144 14.247621 17.114607 19.19694 20.408781 22.922982 22.907313 26.092975 25.05079 26.50003 27.209553 24.121563 21.998297 18.236309 15.870206 13.053881 10.630578 8.397992 5.277271 4.225504 6.56732 8.185073 10.690318 14.29894 13.601192 11.120141 11.485653 8.209817 7.077332 3.784216 0.0 3.78453 6.141546 7.893162 10.869881 14.172834 16.862036 
23.582931 22.015783 24.177266 23.991981 25.290784 24.92799 28.220458 29.166923 29.531604 26.185075 25.471481 22.995451 20.528567 18.162489 18.054597 16.751975 16.564771 15.733043 17.993058 19.697576 20.208456 22.377136 21.777963 24.626935 23.237255 25.026919 26.131662 23.325366 21.645227 17.958567 16.135649 13.357945 11.884429 9.990183 7.486727 7.637695 8.840346 8.879045 10.443474 14.220325 14.356465 12.753103 13.089241 9.536327 9.789424 6.533831 3.78453 0.0 3.784185 5.63413 8.872162 11.757094 14.79179 
22.572049 20.898938 23.121541 22.935055 24.740031 24.860253 28.378069 29.675501 30.337119 27.229878 26.588965 23.842991 21.475832 18.842394 19.099291 17.747757 16.750384 15.595743 17.408553 19.404985 19.648159 22.03211 21.466768 24.209608 23.114059 25.346916 26.263961 23.790563 21.994204 18.342699 16.342298 13.101057 11.89179 9.492372 7.323728 9.179435 10.318975 10.076391 11.970132 15.533775 15.394646 14.151362 15.358697 12.194762 12.287973 9.489383 6.141546 3.784185 0.0 3.785381 5.715963 8.356517 11.115231 
18.845357 17.14016 19.413673 19.406187 21.255254 21.574889 25.164934 26.72246 27.284939 24.347313 24.048435 21.43561 18.819838 16.443907 17.359689 16.685392 15.377295 13.470607 14.712541 16.300513 16.16116 18.383974 17.717211 20.443722 19.460711 21.751751 22.580768 20.232167 18.502762 14.946076 13.212518 10.135923 9.861151 8.458606 7.85138 9.918638 9.616129 8.097925 9.462004 12.692811 12.812456 12.393084 13.953968 11.248455 12.186813 10.251047 7.893162 5.63413 3.785381 0.0 3.785086 7.118804 10.518949 
18.333848 16.537293 18.808096 18.805548 21.219119 22.092199 25.831018 27.728576 28.591193 25.967951 25.740586 22.93325 20.523542 17.986512 19.197209 18.490766 16.48329 14.352195 14.963522 16.784551 16.316754 18.69467 18.103018 20.602293 20.014462 22.719146 23.303192 21.401144 19.609101 16.284981 14.477271 11.184716 11.276015 9.616688 9.531199 12.488651 12.309873 10.889555 12.39752 15.137388 14.96267 14.856171 16.999579 14.661014 15.319231 13.577413 10.869881 8.872162 5.715963 3.785086 0.0 3.784445 6.906005 
18.516124 17.171353 19.740213 20.163539 22.998639 24.379114 28.177815 30.394095 31.233777 28.845336 28.875145 26.133481 23.672803 21.284904 22.743653 22.131747 19.907636 17.617135 17.733019 19.364888 18.366876 20.448445 19.493688 21.468123 20.836527 23.94315 24.684255 23.273683 21.822143 18.814136 17.390163 14.312425 14.818299 13.213042 13.080406 16.122756 16.092789 14.544858 15.670954 18.201067 18.315183 18.518923 20.646104 18.266129 19.047395 17.105274 14.172834 11.757094 8.356517 7.118804 3.784445 0.0 3.786098 
20.563115 19.140393 21.462152 21.711305 24.839118 26.484417 30.285193 32.604052 33.736729 31.532665 31.449263 28.523612 26.351516 23.767563 25.167854 24.331565 21.769426 19.655117 19.570903 21.487123 20.521858 22.761605 22.034386 23.855321 23.570096 26.816437 27.316167 26.154589 24.577523 21.713649 20.095958 16.904316 17.244943 15.321667 15.201945 18.577974 18.857542 17.671411 19.123693 21.531476 21.303652 21.399312 23.810736 21.546929 21.94873 20.027166 16.862036 14.79179 11.115231 10.518949 6.906005 3.786098 0.0 

