1W4H	3	0.943	0.003	3.230	0.002
1W4H	10	0.821	0.006	12.238	0.004
1W4H	11	0.841	0.007	12.267	0.004
1W4H	15	0.907	0.002	3.639	0.001
1W4H	16	0.940	0.002	6.725	0.001
1W4H	19	0.900	0.005	3.384	0.003
1W4H	24	0.903	0.006	10.909	0.004
1W4H	31	0.908	0.002	12.399	0.001
1W4H	34	0.863	0.004	12.837	0.003
1W4H	35	0.817	0.007	3.705	0.005
1W4H	36	0.865	0.013	2.354	0.008
1W4H	38	0.810	0.005	3.480	0.004
1W4H	39	0.855	0.004	11.327	0.003
1W4H	40	0.946	0.003	6.382	0.002
1W4H	43	0.904	0.006	10.897	0.004
1W4H	45	0.999	0.004	7.500	0.002
1W4H	46	0.905	0.003	2.922	0.002
2HBB	1	0.865	0.003	10.846	0.002
2HBB	6	0.757	0.008	10.757	0.007
2HBB	7	0.950	0.004	2.240	0.002
2HBB	9	0.813	0.006	10.627	0.004
2HBB	11	0.772	0.007	10.570	0.006
2HBB	13	0.730	0.009	10.987	0.008
2HBB	14	0.717	0.009	10.859	0.008
2HBB	16	0.929	0.002	3.217	0.001
2HBB	18	0.783	0.006	10.822	0.005
2HBB	22	0.953	0.004	3.211	0.002
2HBB	31	0.924	0.002	10.706	0.001
2HBB	37	0.934	0.004	3.835	0.002
2HBB	44	0.932	0.002	10.899	0.001
2HBB	47	0.943	0.005	3.916	0.003
2HBB	50	0.790	0.006	11.816	0.004
2HBB	51	0.990	0.003	7.335	0.002
2HBB	52	0.786	0.006	2.352	0.005
1HIC	4	0.914	0.007	3.213	0.004
1HIC	7	0.906	0.006	4.053	0.003
1HIC	16	0.932	0.002	4.064	0.001
1HIC	26	0.937	0.002	11.069	0.001
1HIC	32	0.861	0.006	3.718	0.004
1HIC	34	0.847	0.008	4.148	0.005
1HIC	35	0.977	0.002	11.215	0.001
1HIC	42	0.958	0.003	4.125	0.001
1HIC	46	0.961	0.002	11.109	0.001
1HIC	50	0.843	0.011	7.362	0.008
1HIC	51	1.001	0.002	7.558	0.001
1HIC	52	0.810	0.006	2.501	0.004
1EGF	10	0.914	0.020	3.421	0.012
1EGF	21	0.979	0.004	6.733	0.002
1EGF	23	0.891	0.004	3.869	0.002
1EGF	26	0.907	0.004	3.414	0.002
1EGF	39	0.944	0.005	3.069	0.003
1EGF	40	0.915	0.010	12.533	0.005
1EGF	44	0.972	0.008	12.373	0.004
1EGF	45	0.913	0.006	2.990	0.004
1EGF	47	0.888	0.013	12.414	0.007
1EGF	50	0.965	0.010	4.268	0.005
1EGF	52	0.900	0.007	13.115	0.006
1EGF	53	0.985	0.006	7.861	0.003
1EGF	54	0.803	0.005	2.558	0.004
3GB1	3	0.882	0.004	11.113	0.003
3GB1	9	0.927	0.003	11.283	0.002
3GB1	12	0.925	0.006	10.927	0.003
3GB1	14	0.909	0.006	3.978	0.003
3GB1	18	0.906	0.003	3.995	0.002
3GB1	21	0.864	0.004	3.573	0.003
3GB1	26	0.847	0.005	3.751	0.003
3GB1	27	0.867	0.005	11.125	0.003
3GB1	30	0.867	0.005	11.232	0.003
3GB1	35	0.920	0.004	3.316	0.002
3GB1	39	0.840	0.003	3.807	0.002
3GB1	41	0.858	0.006	4.457	0.004
3GB1	45	0.829	0.008	3.218	0.005
3GB1	46	0.826	0.007	3.417	0.005
3GB1	49	0.899	0.003	11.263	0.002
3GB1	55	0.616	0.012	4.993	0.015
3GB1	56	0.989	0.002	7.700	0.001
3GB1	57	0.682	0.028	3.347	0.029
1TUR	6	0.912	0.006	3.209	0.003
1TUR	9	0.941	0.012	4.024	0.007
1TUR	12	0.935	0.004	10.954	0.002
1TUR	18	0.954	0.003	3.786	0.002
1TUR	20	0.922	0.011	12.508	0.005
1TUR	26	0.965	0.003	3.003	0.002
1TUR	28	0.969	0.003	11.074	0.001
1TUR	33	0.887	0.006	10.900	0.004
1TUR	42	0.938	0.005	4.160	0.003
1TUR	51	0.970	0.003	6.344	0.002
1TUR	54	0.928	0.004	10.861	0.002
1TUR	56	0.993	0.004	7.550	0.002
1TUR	57	0.896	0.006	2.863	0.004
1BPI	0	0.942	0.004	12.384	0.002
1BPI	2	0.884	0.007	3.146	0.005
1BPI	6	0.927	0.006	3.679	0.004
1BPI	14	0.951	0.005	10.409	0.003
1BPI	16	0.912	0.004	11.978	0.002
1BPI	19	0.831	0.003	12.142	0.002
1BPI	25	0.983	0.002	10.661	0.001
1BPI	38	0.906	0.003	12.045	0.001
1BPI	40	0.915	0.011	10.371	0.006
1BPI	41	0.853	0.003	12.297	0.002
1BPI	45	0.926	0.007	10.655	0.004
1BPI	48	0.923	0.007	3.994	0.004
1BPI	49	0.913	0.007	2.756	0.004
1BPI	52	0.938	0.002	12.583	0.001
1BPI	58	0.998	0.002	7.673	0.001
1BPI	59	0.924	0.003	3.131	0.002
3EBX	0	0.976	0.002	12.592	0.001
3EBX	5	0.943	0.004	6.269	0.002
3EBX	14	0.949	0.003	10.707	0.002
3EBX	20	0.921	0.005	3.688	0.003
3EBX	25	0.945	0.003	6.087	0.001
3EBX	26	0.849	0.004	10.884	0.003
3EBX	30	0.969	0.002	3.177	0.001
3EBX	32	0.966	0.003	12.380	0.001
3EBX	37	0.929	0.004	3.170	0.002
3EBX	38	0.925	0.006	12.519	0.003
3EBX	46	0.913	0.003	10.596	0.002
3EBX	50	0.874	0.005	10.645	0.003
3EBX	55	0.905	0.004	3.962	0.002
3EBX	57	0.887	0.005	3.698	0.003
3EBX	62	0.984	0.004	7.821	0.002
3EBX	63	0.887	0.005	3.025	0.003
1BF4	3	0.772	0.006	11.247	0.005
1BF4	5	0.769	0.006	10.985	0.005
1BF4	7	0.845	0.007	10.810	0.005
1BF4	9	0.829	0.005	3.515	0.004
1BF4	10	0.783	0.008	3.608	0.006
1BF4	11	0.716	0.007	11.338	0.007
1BF4	12	0.790	0.009	3.516	0.007
1BF4	14	0.840	0.007	2.695	0.005
1BF4	17	0.795	0.004	11.432	0.003
1BF4	19	0.707	0.009	10.694	0.009
1BF4	20	0.717	0.013	10.450	0.012
1BF4	23	0.818	0.006	12.425	0.004
1BF4	26	0.858	0.005	10.780	0.003
1BF4	33	0.859	0.009	2.532	0.006
1BF4	34	0.844	0.008	3.567	0.005
1BF4	38	0.873	0.003	11.089	0.002
1BF4	41	0.781	0.007	12.484	0.005
1BF4	46	0.874	0.005	3.370	0.003
1BF4	47	0.845	0.003	11.148	0.002
1BF4	48	0.872	0.008	2.713	0.005
1BF4	51	0.858	0.004	11.031	0.003
1BF4	52	0.860	0.005	3.528	0.004
1BF4	58	0.909	0.004	3.449	0.002
1BF4	59	0.820	0.003	10.927	0.002
1BF4	61	0.761	0.009	10.672	0.008
1BF4	62	0.657	0.007	11.489	0.007
1BF4	63	0.985	0.001	7.669	0.001
1BF4	64	0.805	0.006	1.941	0.004
2CI2	2	0.871	0.006	11.214	0.004
2CI2	4	0.849	0.004	3.860	0.003
2CI2	7	0.865	0.006	4.272	0.004
2CI2	11	0.870	0.005	11.453	0.003
2CI2	14	0.796	0.010	3.906	0.008
2CI2	15	0.788	0.007	3.554	0.006
2CI2	17	0.766	0.008	11.037	0.006
2CI2	18	0.808	0.007	11.103	0.005
2CI2	23	0.901	0.006	2.531	0.004
2CI2	24	0.828	0.005	11.317	0.003
2CI2	26	0.888	0.010	4.085	0.006
2CI2	41	0.939	0.004	3.970	0.002
2CI2	43	0.787	0.008	12.580	0.006
2CI2	45	0.862	0.008	2.657	0.005
2CI2	46	0.735	0.005	12.605	0.004
2CI2	48	0.474	0.014	9.667	0.029
2CI2	52	0.855	0.006	3.224	0.004
2CI2	53	0.949	0.002	11.161	0.001
2CI2	55	0.819	0.005	3.257	0.004
2CI2	59	0.877	0.008	4.278	0.005
2CI2	62	0.833	0.003	12.862	0.003
2CI2	65	0.997	0.002	7.448	0.001
2CI2	66	0.853	0.007	2.747	0.005
1IGV	0	0.862	0.005	11.329	0.003
1IGV	3	0.804	0.007	3.923	0.006
1IGV	4	0.784	0.009	3.412	0.007
1IGV	6	0.865	0.004	11.572	0.003
1IGV	10	0.796	0.005	3.816	0.004
1IGV	11	0.840	0.005	11.325	0.004
1IGV	15	0.875	0.003	11.617	0.002
1IGV	16	0.798	0.007	4.151	0.005
1IGV	18	0.775	0.007	3.493	0.006
1IGV	24	0.843	0.004	11.872	0.003
1IGV	25	0.741	0.008	3.780	0.007
1IGV	26	0.665	0.011	3.902	0.012
1IGV	28	0.827	0.006	11.403	0.004
1IGV	34	0.830	0.006	3.934	0.004
1IGV	40	0.945	0.005	10.826	0.003
1IGV	46	0.757	0.012	3.333	0.010
1IGV	47	0.721	0.008	4.507	0.007
1IGV	50	0.671	0.013	4.744	0.015
1IGV	51	0.690	0.008	4.457	0.008
1IGV	53	0.677	0.015	3.256	0.016
1IGV	54	0.943	0.002	11.649	0.001
1IGV	57	0.742	0.007	3.587	0.006
1IGV	59	0.689	0.019	4.761	0.020
1IGV	63	0.744	0.008	4.211	0.007
1IGV	64	0.656	0.012	4.318	0.013
1IGV	70	0.782	0.010	11.008	0.008
1IGV	71	0.806	0.005	11.244	0.004
1IGV	75	0.993	0.001	7.913	0.001
1IGV	76	0.927	0.004	3.092	0.002
1UBQ	5	0.867	0.006	10.663	0.004
1UBQ	10	0.879	0.004	10.709	0.003
1UBQ	15	0.856	0.004	3.985	0.003
1UBQ	17	0.830	0.010	4.294	0.007
1UBQ	20	0.777	0.012	3.087	0.010
1UBQ	23	0.782	0.012	4.083	0.010
1UBQ	26	0.831	0.005	11.273	0.004
1UBQ	28	0.798	0.006	11.338	0.005
1UBQ	31	0.877	0.008	2.766	0.005
1UBQ	32	0.829	0.005	11.297	0.004
1UBQ	33	0.883	0.004	3.670	0.002
1UBQ	38	0.866	0.004	3.166	0.002
1UBQ	41	0.770	0.005	12.342	0.003
1UBQ	47	0.926	0.004	10.766	0.002
1UBQ	50	0.816	0.008	3.913	0.006
1UBQ	51	0.745	0.012	3.138	0.010
1UBQ	53	0.925	0.003	13.187	0.003
1UBQ	57	0.888	0.006	2.911	0.004
1UBQ	62	0.953	0.003	11.212	0.001
1UBQ	63	0.922	0.003	3.626	0.002
1UBQ	67	0.986	0.003	5.948	0.002
1UBQ	71	0.776	0.009	12.191	0.006
1UBQ	73	0.891	0.005	12.328	0.002
1UBQ	76	0.998	0.004	7.777	0.002
1UBQ	77	0.939	0.003	3.204	0.002
3A5E	0	0.942	0.004	10.681	0.002
3A5E	13	0.925	0.004	3.625	0.002
3A5E	16	0.949	0.003	10.999	0.001
3A5E	24	0.952	0.003	10.745	0.001
3A5E	32	0.894	0.006	2.919	0.004
3A5E	39	0.920	0.006	12.183	0.003
3A5E	40	0.925	0.007	10.436	0.004
3A5E	52	0.987	0.003	6.594	0.002
3A5E	53	0.869	0.004	3.373	0.003
3A5E	62	0.927	0.002	12.027	0.001
3A5E	64	0.840	0.004	12.217	0.002
3A5E	67	0.820	0.003	12.342	0.002
3A5E	68	0.779	0.004	12.634	0.003
3A5E	73	0.943	0.003	10.962	0.002
3A5E	77	0.869	0.008	4.021	0.005
3A5E	78	0.803	0.009	3.105	0.007
3A5E	83	0.953	0.003	2.689	0.002
3A5E	84	0.972	0.003	6.325	0.001
3A5E	92	0.820	0.006	3.463	0.005
3A5E	96	0.990	0.004	7.481	0.002
3A5E	97	0.863	0.004	3.551	0.003
1LNI	0	0.894	0.003	3.833	0.002
1LNI	13	0.834	0.009	4.227	0.006
1LNI	16	0.816	0.008	3.429	0.006
1LNI	24	0.889	0.003	3.858	0.002
1LNI	32	0.851	0.009	3.154	0.006
1LNI	39	0.955	0.005	12.556	0.003
1LNI	40	0.897	0.005	3.822	0.003
1LNI	52	0.975	0.004	7.106	0.002
1LNI	53	0.807	0.005	3.618	0.004
1LNI	62	0.941	0.005	12.068	0.002
1LNI	64	0.858	0.007	12.310	0.004
1LNI	67	0.848	0.006	12.483	0.003
1LNI	68	0.829	0.007	12.767	0.005
1LNI	73	0.849	0.004	4.257	0.003
1LNI	77	0.793	0.011	4.522	0.009
1LNI	78	0.763	0.010	3.389	0.008
1LNI	83	0.921	0.006	2.870	0.003
1LNI	84	0.984	0.004	6.619	0.002
1LNI	92	0.795	0.008	3.590	0.007
1LNI	96	0.980	0.002	7.701	0.001
1LNI	97	0.848	0.004	3.622	0.003
1HRC	1	0.840	0.010	2.438	0.007
1HRC	3	0.915	0.025	3.388	0.015
1HRC	4	0.639	0.037	11.323	0.041
1HRC	6	0.691	0.022	10.829	0.022
1HRC	7	0.724	0.011	10.680	0.010
1HRC	12	0.761	0.013	10.699	0.011
1HRC	17	0.938	0.024	5.881	0.013
1HRC	20	0.930	0.009	3.251	0.005
1HRC	21	0.781	0.032	10.993	0.025
1HRC	24	0.797	0.008	10.639	0.006
1HRC	25	0.940	0.006	5.691	0.004
1HRC	26	0.796	0.010	10.583	0.008
1HRC	32	0.822	0.024	5.933	0.018
1HRC	37	0.861	0.012	12.319	0.006
1HRC	38	0.797	0.016	10.395	0.012
1HRC	49	0.980	0.004	2.773	0.002
1HRC	52	0.816	0.009	10.790	0.006
1HRC	54	0.786	0.010	10.627	0.008
1HRC	59	0.840	0.003	11.265	0.002
1HRC	60	0.734	0.010	3.512	0.009
1HRC	61	0.758	0.010	3.813	0.009
1HRC	65	0.776	0.006	3.731	0.005
1HRC	68	0.817	0.004	3.327	0.003
1HRC	71	0.769	0.010	10.536	0.009
1HRC	72	0.782	0.008	10.768	0.006
1HRC	78	0.824	0.006	10.610	0.005
1HRC	85	0.761	0.008	10.731	0.007
1HRC	86	0.699	0.009	11.028	0.008
1HRC	87	0.765	0.006	11.006	0.005
1HRC	89	0.770	0.010	2.897	0.008
1HRC	90	0.766	0.016	13.533	0.025
1HRC	91	0.716	0.014	3.588	0.014
1HRC	92	0.732	0.023	2.438	0.020
1HRC	98	0.738	0.009	10.897	0.008
1HRC	99	0.737	0.015	10.926	0.013
1HRC	103	0.685	0.010	4.453	0.010
1HRC	104	0.992	0.009	7.678	0.004
1HRC	105	0.721	0.024	2.959	0.022
9RNT	2	0.869	0.006	3.352	0.004
9RNT	14	0.849	0.006	3.433	0.004
9RNT	24	0.980	0.004	11.433	0.002
9RNT	26	0.928	0.010	7.000	0.006
9RNT	27	0.809	0.006	3.909	0.005
9RNT	28	0.777	0.015	3.195	0.012
9RNT	30	0.825	0.012	4.323	0.009
9RNT	39	0.928	0.006	6.473	0.003
9RNT	40	0.980	0.002	11.100	0.001
9RNT	45	0.852	0.006	4.277	0.004
9RNT	48	0.843	0.006	3.857	0.004
9RNT	57	0.870	0.004	3.516	0.003
9RNT	65	0.914	0.004	3.670	0.002
9RNT	75	0.858	0.007	3.084	0.005
9RNT	76	0.465	0.060	10.460	0.128
9RNT	81	0.889	0.004	3.999	0.002
9RNT	91	0.977	0.007	6.734	0.004
9RNT	101	0.794	0.012	4.544	0.009
9RNT	104	0.978	0.004	8.006	0.002
9RNT	105	0.818	0.009	3.524	0.007
1ERT	2	0.876	0.004	11.216	0.002
1ERT	5	0.783	0.009	4.359	0.007
1ERT	7	0.936	0.003	11.615	0.002
1ERT	12	0.832	0.009	4.242	0.007
1ERT	15	0.827	0.008	3.426	0.005
1ERT	19	0.865	0.009	3.094	0.006
1ERT	20	0.833	0.004	11.214	0.003
1ERT	25	0.946	0.004	7.209	0.002
1ERT	35	0.853	0.007	10.840	0.005
1ERT	38	0.815	0.007	11.062	0.005
1ERT	42	0.935	0.006	6.357	0.003
1ERT	46	0.917	0.003	3.489	0.002
1ERT	47	0.902	0.005	11.238	0.003
1ERT	55	0.769	0.007	3.866	0.006
1ERT	57	0.638	0.012	3.554	0.014
1ERT	59	0.724	0.007	3.599	0.007
1ERT	60	0.621	0.012	3.756	0.015
1ERT	63	0.806	0.009	3.221	0.007
1ERT	67	0.793	0.009	4.240	0.007
1ERT	69	0.832	0.005	4.061	0.003
1ERT	71	0.933	0.002	11.148	0.001
1ERT	80	0.734	0.009	10.977	0.008
1ERT	81	0.785	0.009	10.920	0.007
1ERT	84	0.849	0.005	11.178	0.003
1ERT	87	0.866	0.012	3.903	0.008
1ERT	93	0.849	0.005	11.226	0.003
1ERT	94	0.883	0.007	3.641	0.004
1ERT	95	0.859	0.004	11.313	0.003
1ERT	97	0.856	0.022	3.785	0.015
1ERT	102	0.861	0.012	4.274	0.008
1ERT	105	0.954	0.003	7.566	0.002
1ERT	106	0.839	0.014	3.060	0.010
1ERU	2	0.873	0.006	11.224	0.004
1ERU	5	0.784	0.008	4.336	0.007
1ERU	7	0.926	0.002	11.622	0.001
1ERU	12	0.811	0.010	4.266	0.007
1ERU	15	0.812	0.009	3.419	0.006
1ERU	19	0.897	0.007	3.035	0.004
1ERU	20	0.821	0.009	11.180	0.006
1ERU	25	0.929	0.011	7.314	0.006
1ERU	35	0.870	0.006	10.873	0.004
1ERU	38	0.846	0.006	11.091	0.004
1ERU	42	0.905	0.005	6.366	0.003
1ERU	46	0.917	0.005	3.495	0.003
1ERU	47	0.895	0.003	11.241	0.002
1ERU	55	0.729	0.010	3.980	0.009
1ERU	57	0.638	0.012	3.537	0.014
1ERU	59	0.727	0.007	3.602	0.006
1ERU	60	0.639	0.011	3.738	0.014
1ERU	63	0.806	0.011	3.225	0.008
1ERU	67	0.782	0.009	4.229	0.007
1ERU	69	0.825	0.004	4.071	0.003
1ERU	71	0.933	0.002	11.168	0.001
1ERU	80	0.729	0.015	10.940	0.014
1ERU	81	0.781	0.010	10.916	0.008
1ERU	84	0.834	0.011	11.151	0.007
1ERU	87	0.839	0.015	3.979	0.010
1ERU	93	0.827	0.009	11.204	0.006
1ERU	94	0.854	0.009	3.676	0.006
1ERU	95	0.856	0.005	11.309	0.003
1ERU	97	0.812	0.020	3.936	0.015
1ERU	102	0.839	0.005	4.204	0.004
1ERU	105	0.952	0.003	7.570	0.002
1ERU	106	0.832	0.012	3.045	0.009
2TRX	1	0.855	0.004	2.892	0.003
2TRX	2	0.915	0.002	11.575	0.001
2TRX	5	0.905	0.004	6.618	0.002
2TRX	8	0.777	0.008	3.423	0.007
2TRX	9	0.782	0.008	3.565	0.006
2TRX	12	0.796	0.008	3.357	0.006
2TRX	14	0.800	0.008	3.142	0.006
2TRX	17	0.922	0.002	11.297	0.001
2TRX	19	0.878	0.004	3.604	0.003
2TRX	25	0.843	0.006	7.018	0.004
2TRX	29	0.894	0.007	4.147	0.004
2TRX	35	0.955	0.002	11.046	0.001
2TRX	42	0.747	0.010	3.177	0.009
2TRX	43	0.735	0.010	4.169	0.009
2TRX	46	0.726	0.009	3.192	0.009
2TRX	47	0.756	0.009	4.146	0.008
2TRX	51	0.890	0.004	11.205	0.002
2TRX	56	0.804	0.007	7.028	0.005
2TRX	60	0.878	0.005	3.382	0.003
2TRX	68	0.955	0.004	10.937	0.002
2TRX	72	0.969	0.008	12.207	0.003
2TRX	81	0.893	0.003	11.180	0.002
2TRX	84	0.909	0.004	4.132	0.002
2TRX	89	0.551	0.024	10.279	0.038
2TRX	95	0.862	0.004	11.309	0.003
2TRX	99	0.845	0.009	11.557	0.006
2TRX	100	0.848	0.006	3.974	0.004
2TRX	103	0.805	0.008	3.250	0.006
2TRX	108	0.931	0.006	8.021	0.003
2TRX	109	0.865	0.004	3.279	0.003
1A2P	5	0.841	0.007	3.541	0.005
1A2P	9	0.827	0.005	3.236	0.004
1A2P	15	1.003	0.003	6.265	0.001
1A2P	16	0.936	0.003	10.872	0.002
1A2P	19	0.904	0.005	3.357	0.003
1A2P	24	0.909	0.004	11.120	0.003
1A2P	26	0.898	0.007	3.911	0.004
1A2P	36	0.952	0.004	10.748	0.002
1A2P	41	0.951	0.004	3.547	0.002
1A2P	46	0.912	0.002	11.016	0.001
1A2P	51	0.831	0.005	2.743	0.004
1A2P	56	0.916	0.002	12.452	0.001
1A2P	57	0.927	0.003	3.411	0.002
1A2P	59	0.905	0.002	10.938	0.001
1A2P	63	0.918	0.009	10.338	0.005
1A2P	66	0.864	0.008	12.326	0.004
1A2P	69	0.837	0.004	12.762	0.003
1A2P	70	0.786	0.009	3.420	0.007
1A2P	72	0.780	0.007	2.693	0.006
1A2P	80	0.896	0.003	12.618	0.001
1A2P	83	0.799	0.006	2.805	0.005
1A2P	84	0.829	0.003	13.132	0.003
1A2P	90	0.917	0.003	2.913	0.002
1A2P	95	0.874	0.005	10.884	0.003
1A2P	98	0.889	0.005	2.842	0.003
1A2P	99	0.983	0.003	6.593	0.001
1A2P	105	0.875	0.006	10.694	0.004
1A2P	107	0.868	0.005	13.113	0.004
1A2P	108	0.986	0.005	7.631	0.002
1A2P	109	0.785	0.005	2.198	0.004
3SSI	12	0.971	0.003	11.095	0.001
3SSI	22	0.899	0.002	3.873	0.001
3SSI	23	0.955	0.002	12.671	0.001
3SSI	37	0.454	0.024	5.583	0.058
3SSI	46	0.402	0.020	5.864	0.061
3SSI	53	0.906	0.004	3.628	0.002
3SSI	59	0.960	0.003	12.664	0.001
3SSI	61	0.846	0.009	4.365	0.006
3SSI	62	0.848	0.005	3.787	0.004
3SSI	70	0.880	0.005	3.337	0.003
3SSI	77	0.883	0.003	3.335	0.002
3SSI	83	0.971	0.004	10.635	0.002
3SSI	84	0.957	0.005	12.301	0.002
3SSI	88	0.878	0.005	3.953	0.003
3SSI	89	0.931	0.003	12.706	0.002
3SSI	94	0.801	0.009	4.136	0.007
3SSI	96	0.822	0.006	4.018	0.004
3SSI	100	0.895	0.012	6.672	0.007
3SSI	108	0.985	0.003	7.495	0.002
3SSI	109	0.850	0.007	3.152	0.005
5ISR	1	0.906	0.007	6.024	0.004
5ISR	2	0.932	0.019	11.119	0.011
5ISR	3	0.856	0.009	3.342	0.006
5ISR	9	0.756	0.016	10.736	0.014
5ISR	12	0.816	0.008	3.119	0.006
5ISR	14	0.509	0.033	3.318	0.061
5ISR	17	0.664	0.015	10.541	0.016
5ISR	21	0.910	0.006	10.747	0.004
5ISR	28	0.734	0.011	12.842	0.011
5ISR	31	0.716	0.008	3.898	0.007
5ISR	33	0.785	0.008	2.970	0.006
5ISR	36	0.784	0.014	4.362	0.011
5ISR	39	0.772	0.008	4.020	0.007
5ISR	40	0.920	0.003	11.308	0.002
5ISR	44	0.849	0.009	4.067	0.006
5ISR	50	0.750	0.008	11.138	0.007
5ISR	51	0.781	0.007	10.961	0.005
5ISR	54	0.880	0.002	3.421	0.002
5ISR	57	0.777	0.009	10.795	0.007
5ISR	58	0.740	0.010	11.031	0.009
5ISR	60	0.764	0.012	3.578	0.010
5ISR	62	0.727	0.017	3.739	0.016
5ISR	64	0.854	0.010	2.571	0.006
5ISR	65	0.892	0.003	11.001	0.002
5ISR	68	0.844	0.003	12.524	0.002
5ISR	70	0.897	0.005	2.330	0.003
5ISR	71	0.929	0.004	10.862	0.002
5ISR	74	0.782	0.002	12.572	0.001
5ISR	82	0.894	0.011	2.603	0.007
5ISR	84	0.842	0.004	11.165	0.002
5ISR	88	0.691	0.007	3.778	0.007
5ISR	92	0.833	0.006	12.826	0.005
5ISR	97	0.838	0.003	11.271	0.002
5ISR	103	0.928	0.003	10.807	0.002
5ISR	108	0.965	0.003	6.782	0.001
5ISR	109	0.827	0.005	3.509	0.003
5ISR	113	0.843	0.009	12.885	0.007
5ISR	114	0.860	0.007	10.690	0.004
5ISR	116	0.821	0.007	3.069	0.005
5ISR	120	0.737	0.010	10.803	0.009
5ISR	121	0.770	0.006	10.808	0.005
5ISR	122	0.887	0.004	3.327	0.002
5ISR	123	0.828	0.005	10.938	0.003
5ISR	129	0.917	0.006	7.368	0.004
5ISR	130	0.885	0.003	3.153	0.002
1LYS	0	0.951	0.014	10.632	0.008
1LYS	4	0.758	0.007	12.416	0.005
1LYS	6	0.935	0.006	3.718	0.003
1LYS	12	0.881	0.007	10.825	0.005
1LYS	13	0.856	0.005	12.384	0.003
1LYS	14	1.000	0.003	6.043	0.002
1LYS	17	0.920	0.003	2.675	0.002
1LYS	20	0.891	0.002	12.257	0.001
1LYS	32	0.762	0.057	10.374	0.048
1LYS	34	0.663	0.013	4.389	0.015
1LYS	44	0.910	0.005	12.336	0.002
1LYS	47	0.936	0.003	3.167	0.002
1LYS	51	0.885	0.006	2.980	0.004
1LYS	60	0.859	0.005	12.378	0.003
1LYS	65	0.936	0.006	2.891	0.003
1LYS	67	0.908	0.002	12.432	0.001
1LYS	72	0.908	0.004	12.170	0.002
1LYS	86	0.915	0.008	3.032	0.005
1LYS	95	0.825	0.007	10.461	0.005
1LYS	96	0.841	0.004	10.656	0.002
1LYS	100	0.966	0.001	3.085	0.001
1LYS	111	0.834	0.001	12.153	0.001
1LYS	113	0.845	0.001	12.205	0.000
1LYS	115	0.911	0.008	10.309	0.005
1LYS	118	0.956	0.007	3.287	0.004
1LYS	124	0.883	0.002	12.149	0.001
1LYS	127	0.890	0.001	12.305	0.000
1LYS	129	1.037	0.030	7.450	0.014
1LYS	130	0.906	0.003	2.695	0.002
3BDC	1	0.903	0.006	6.032	0.003
3BDC	2	0.827	0.016	11.139	0.011
3BDC	3	0.861	0.004	3.305	0.003
3BDC	9	0.805	0.022	10.761	0.016
3BDC	12	0.818	0.007	3.080	0.005
3BDC	14	0.403	0.026	3.597	0.075
3BDC	17	0.694	0.022	10.562	0.023
3BDC	21	0.902	0.008	10.730	0.005
3BDC	28	0.682	0.028	12.831	0.032
3BDC	33	0.807	0.006	2.949	0.004
3BDC	36	0.789	0.012	4.370	0.009
3BDC	39	0.774	0.005	4.032	0.004
3BDC	40	0.901	0.004	11.299	0.002
3BDC	44	0.862	0.006	4.043	0.004
3BDC	50	0.748	0.009	11.126	0.008
3BDC	51	0.782	0.006	10.949	0.005
3BDC	54	0.874	0.004	3.407	0.003
3BDC	57	0.776	0.009	10.782	0.008
3BDC	58	0.741	0.011	11.014	0.009
3BDC	60	0.787	0.010	3.503	0.008
3BDC	62	0.768	0.011	3.569	0.009
3BDC	64	0.873	0.010	2.486	0.006
3BDC	65	0.904	0.003	10.964	0.002
3BDC	68	0.840	0.003	12.514	0.002
3BDC	70	0.916	0.006	2.315	0.003
3BDC	71	0.919	0.006	10.837	0.004
3BDC	74	0.777	0.005	12.534	0.003
3BDC	82	0.894	0.007	2.628	0.004
3BDC	84	0.841	0.005	11.123	0.003
3BDC	88	0.450	0.016	5.455	0.038
3BDC	92	0.820	0.004	12.801	0.003
3BDC	97	0.819	0.011	11.159	0.008
3BDC	103	0.938	0.002	10.749	0.001
3BDC	108	0.928	0.003	6.569	0.002
3BDC	109	0.871	0.005	3.433	0.003
3BDC	113	0.833	0.009	12.837	0.007
3BDC	114	0.855	0.006	10.655	0.004
3BDC	116	0.845	0.005	3.005	0.004
3BDC	120	0.736	0.009	10.814	0.008
3BDC	121	0.777	0.006	10.793	0.005
3BDC	122	0.883	0.004	3.310	0.003
3BDC	123	0.828	0.006	10.921	0.005
3BDC	129	0.910	0.009	7.387	0.005
3BDC	130	0.895	0.004	3.148	0.002
1U9R	1	0.912	0.007	6.096	0.004
1U9R	2	0.812	0.010	11.588	0.007
1U9R	3	0.842	0.010	3.389	0.007
1U9R	9	0.786	0.013	10.709	0.010
1U9R	12	0.789	0.006	3.010	0.005
1U9R	14	0.721	0.008	2.917	0.007
1U9R	17	0.778	0.013	10.649	0.011
1U9R	21	0.901	0.006	10.782	0.003
1U9R	28	0.695	0.164	12.948	0.193
1U9R	33	0.765	0.017	2.993	0.014
1U9R	36	0.756	0.014	4.383	0.012
1U9R	39	0.769	0.008	4.050	0.006
1U9R	40	0.898	0.004	11.319	0.002
1U9R	44	0.856	0.007	4.069	0.005
1U9R	50	0.779	0.009	11.357	0.007
1U9R	51	0.783	0.006	11.108	0.004
1U9R	53	0.500	0.025	5.623	0.050
1U9R	54	0.862	0.005	3.500	0.003
1U9R	57	0.780	0.008	10.851	0.006
1U9R	58	0.759	0.006	11.056	0.005
1U9R	60	0.811	0.027	3.419	0.020
1U9R	62	0.788	0.034	3.335	0.027
1U9R	64	0.827	0.019	2.368	0.014
1U9R	65	0.882	0.004	10.972	0.003
1U9R	68	0.835	0.005	12.533	0.003
1U9R	70	0.908	0.010	2.237	0.006
1U9R	71	0.903	0.004	10.827	0.002
1U9R	74	0.759	0.003	12.573	0.002
1U9R	82	0.885	0.008	2.605	0.005
1U9R	84	0.818	0.006	11.205	0.004
1U9R	88	0.518	0.015	5.733	0.027
1U9R	92	0.831	0.006	12.865	0.005
1U9R	97	0.782	0.024	11.296	0.019
1U9R	103	0.884	0.007	10.770	0.004
1U9R	108	0.920	0.004	6.572	0.002
1U9R	109	0.874	0.004	3.436	0.002
1U9R	113	0.828	0.009	12.835	0.007
1U9R	114	0.870	0.007	10.644	0.004
1U9R	116	0.841	0.007	3.033	0.005
1U9R	120	0.732	0.010	10.799	0.009
1U9R	121	0.771	0.008	10.790	0.007
1U9R	122	0.898	0.006	3.320	0.003
1U9R	123	0.808	0.005	10.946	0.004
1U9R	129	0.944	0.019	7.443	0.011
1U9R	130	0.875	0.007	3.137	0.004
2SNM	1	0.949	0.021	6.121	0.012
2SNM	2	0.837	0.005	11.499	0.004
2SNM	3	0.762	0.010	3.432	0.009
2SNM	9	0.789	0.010	10.551	0.008
2SNM	12	0.791	0.023	2.930	0.018
2SNM	14	0.592	0.038	2.643	0.051
2SNM	17	0.755	0.009	10.530	0.008
2SNM	21	0.897	0.007	10.731	0.004
2SNM	28	0.759	0.004	12.735	0.004
2SNM	33	0.749	0.012	2.693	0.010
2SNM	36	0.728	0.028	3.536	0.026
2SNM	38	0.807	0.013	10.960	0.009
2SNM	39	0.945	0.009	5.957	0.005
2SNM	41	0.820	0.007	10.581	0.005
2SNM	42	0.762	0.010	10.916	0.008
2SNM	45	0.853	0.005	3.453	0.003
2SNM	46	0.847	0.006	11.149	0.004
2SNM	50	0.867	0.010	3.903	0.007
2SNM	56	0.707	0.012	11.109	0.011
2SNM	57	0.745	0.008	10.903	0.007
2SNM	59	0.303	0.039	10.262	0.187
2SNM	60	0.837	0.009	3.240	0.006
2SNM	63	0.768	0.009	10.751	0.007
2SNM	64	0.729	0.007	10.966	0.007
2SNM	66	0.716	0.009	3.360	0.009
2SNM	68	0.711	0.010	3.257	0.010
2SNM	70	0.809	0.009	2.291	0.007
2SNM	71	0.864	0.006	10.985	0.004
2SNM	74	0.834	0.005	12.571	0.003
2SNM	76	0.890	0.004	2.293	0.002
2SNM	77	0.877	0.004	10.838	0.002
2SNM	80	0.753	0.015	12.653	0.012
2SNM	88	0.874	0.007	2.409	0.004
2SNM	90	0.800	0.006	11.089	0.004
2SNM	94	0.803	0.005	2.994	0.004
2SNM	98	0.825	0.006	12.829	0.005
2SNM	103	0.786	0.029	10.943	0.023
2SNM	109	0.921	0.001	10.781	0.001
2SNM	114	0.740	0.013	6.261	0.012
2SNM	115	0.853	0.005	3.115	0.003
2SNM	117	0.794	0.008	5.954	0.006
2SNM	119	0.823	0.006	12.823	0.004
2SNM	120	0.841	0.007	10.628	0.005
2SNM	122	0.821	0.006	2.853	0.004
2SNM	126	0.723	0.009	10.741	0.008
2SNM	127	0.766	0.008	10.789	0.007
2SNM	128	0.901	0.004	3.269	0.003
2SNM	129	0.822	0.004	10.892	0.003
2SNM	135	0.806	0.025	7.401	0.019
2SNM	136	0.853	0.008	3.087	0.006
1DE3	8	0.897	0.028	2.759	0.017
1DE3	10	0.810	0.008	10.961	0.006
1DE3	13	0.875	0.007	10.704	0.005
1DE3	16	0.827	0.010	10.874	0.007
1DE3	18	0.917	0.005	3.483	0.003
1DE3	20	0.832	0.008	10.927	0.006
1DE3	21	0.886	0.008	12.420	0.004
1DE3	28	0.878	0.015	11.182	0.010
1DE3	30	0.975	0.022	3.327	0.011
1DE3	34	0.835	0.012	6.370	0.009
1DE3	35	0.828	0.019	6.383	0.014
1DE3	40	0.896	0.041	2.739	0.025
1DE3	42	0.832	0.019	10.985	0.013
1DE3	49	0.845	0.011	6.370	0.008
1DE3	56	0.787	0.019	2.884	0.015
1DE3	58	0.776	0.024	2.945	0.020
1DE3	60	0.863	0.013	11.040	0.008
1DE3	63	0.912	0.012	10.621	0.007
1DE3	65	0.877	0.006	12.388	0.003
1DE3	69	0.861	0.005	10.830	0.003
1DE3	72	0.848	0.002	11.109	0.002
1DE3	74	0.850	0.008	2.374	0.005
1DE3	76	0.845	0.005	2.467	0.003
1DE3	77	0.861	0.009	12.948	0.007
1DE3	80	0.860	0.009	11.073	0.006
1DE3	81	0.892	0.008	6.396	0.005
1DE3	83	0.891	0.004	11.192	0.003
1DE3	84	0.826	0.034	2.577	0.024
1DE3	88	0.912	0.004	10.842	0.002
1DE3	90	0.859	0.014	2.261	0.009
1DE3	91	0.924	0.003	6.271	0.002
1DE3	95	0.588	0.034	6.401	0.049
1DE3	101	0.972	0.028	3.077	0.015
1DE3	103	0.930	0.008	6.747	0.005
1DE3	104	0.926	0.066	2.627	0.038
1DE3	106	0.805	0.007	11.189	0.005
1DE3	108	0.816	0.070	2.432	0.050
1DE3	110	0.718	0.011	10.666	0.010
1DE3	111	0.768	0.009	10.511	0.008
1DE3	113	0.743	0.008	10.889	0.007
1DE3	114	0.915	0.010	3.510	0.006
1DE3	120	0.923	0.009	8.360	0.005
1DE3	128	0.872	0.027	10.940	0.018
1DE3	136	0.935	0.005	6.240	0.003
1DE3	138	0.869	0.007	11.178	0.005
1DE3	139	0.940	0.011	3.397	0.006
1DE3	143	0.890	0.008	3.321	0.005
1DE3	145	0.846	0.008	11.043	0.005
1DE3	149	0.771	0.019	7.099	0.016
1DE3	150	0.973	0.004	7.425	0.002
1DE3	151	0.731	0.020	2.197	0.017
1VXA	3	0.871	0.005	3.874	0.003
1VXA	5	0.808	0.004	3.631	0.003
1VXA	11	0.889	0.003	6.436	0.002
1VXA	15	0.906	0.003	11.072	0.002
1VXA	17	0.874	0.005	3.701	0.003
1VXA	19	0.856	0.004	2.889	0.002
1VXA	23	0.845	0.008	6.439	0.006
1VXA	26	0.874	0.012	2.080	0.007
1VXA	30	0.815	0.005	12.807	0.004
1VXA	33	0.842	0.007	10.831	0.005
1VXA	35	0.894	0.003	6.385	0.002
1VXA	37	0.810	0.008	3.461	0.006
1VXA	40	0.787	0.006	3.274	0.005
1VXA	41	0.734	0.008	11.086	0.007
1VXA	43	0.870	0.005	2.313	0.003
1VXA	44	0.848	0.009	12.956	0.008
1VXA	46	0.807	0.005	10.974	0.004
1VXA	47	0.948	0.003	6.134	0.002
1VXA	49	0.851	0.002	10.994	0.001
1VXA	51	0.845	0.007	3.475	0.005
1VXA	53	0.838	0.006	3.437	0.004
1VXA	55	0.834	0.006	11.133	0.004
1VXA	58	0.874	0.007	3.582	0.005
1VXA	59	0.839	0.008	2.156	0.005
1VXA	61	0.761	0.007	11.101	0.006
1VXA	62	0.800	0.005	11.008	0.004
1VXA	63	0.861	0.005	5.885	0.003
1VXA	76	0.777	0.008	10.774	0.007
1VXA	77	0.705	0.010	10.926	0.009
1VXA	78	0.765	0.008	10.935	0.007
1VXA	80	0.864	0.003	6.088	0.002
1VXA	81	0.821	0.004	5.890	0.003
1VXA	82	0.827	0.004	3.181	0.003
1VXA	84	0.831	0.005	3.069	0.004
1VXA	86	0.807	0.005	11.066	0.004
1VXA	92	0.832	0.004	5.752	0.003
1VXA	95	0.816	0.005	10.669	0.004
1VXA	96	0.816	0.006	5.418	0.004
1VXA	97	0.759	0.008	10.721	0.007
1VXA	101	0.819	0.006	11.091	0.004
1VXA	104	0.786	0.008	3.165	0.006
1VXA	108	0.813	0.003	3.262	0.002
1VXA	112	0.790	0.007	6.186	0.006
1VXA	115	0.782	0.006	6.159	0.005
1VXA	117	0.886	0.006	12.616	0.003
1VXA	118	0.804	0.008	6.259	0.006
1VXA	121	0.898	0.011	2.510	0.006
1VXA	125	0.879	0.004	3.526	0.002
1VXA	132	0.872	0.002	11.204	0.001
1VXA	135	0.821	0.005	3.016	0.003
1VXA	138	0.752	0.011	13.129	0.014
1VXA	139	0.795	0.005	10.999	0.004
1VXA	140	0.872	0.012	2.016	0.007
1VXA	144	0.747	0.007	11.076	0.006
1VXA	146	0.814	0.004	10.987	0.003
1VXA	147	0.907	0.004	3.474	0.002
1VXA	153	0.960	0.006	7.417	0.003
1VXA	154	0.859	0.008	3.059	0.005
2RN2	2	0.926	0.006	10.841	0.003
2RN2	5	0.748	0.007	3.481	0.006
2RN2	9	0.749	0.006	3.238	0.005
2RN2	26	0.772	0.005	12.974	0.005
2RN2	28	0.792	0.008	12.283	0.005
2RN2	30	0.757	0.003	12.459	0.002
2RN2	31	0.836	0.005	3.216	0.003
2RN2	32	0.887	0.008	10.932	0.005
2RN2	40	0.936	0.003	12.251	0.002
2RN2	45	0.857	0.003	12.674	0.002
2RN2	47	0.823	0.007	3.907	0.005
2RN2	56	0.426	0.020	5.211	0.055
2RN2	59	0.919	0.004	11.029	0.002
2RN2	60	0.883	0.005	3.220	0.003
2RN2	61	0.888	0.005	6.529	0.003
2RN2	63	0.859	0.002	3.392	0.002
2RN2	69	0.790	0.010	2.920	0.007
2RN2	74	0.887	0.002	12.596	0.001
2RN2	82	0.973	0.002	5.935	0.001
2RN2	85	0.813	0.005	10.566	0.003
2RN2	86	0.800	0.007	10.242	0.005
2RN2	87	0.823	0.015	12.202	0.009
2RN2	90	0.721	0.014	10.131	0.013
2RN2	93	0.976	0.002	2.641	0.001
2RN2	94	0.763	0.007	10.601	0.006
2RN2	95	0.769	0.005	10.669	0.004
2RN2	98	0.874	0.003	10.629	0.002
2RN2	101	0.861	0.005	2.982	0.003
2RN2	105	0.597	0.016	12.896	0.025
2RN2	107	0.891	0.004	2.849	0.003
2RN2	113	0.864	0.005	6.434	0.003
2RN2	116	0.922	0.004	11.102	0.002
2RN2	118	0.815	0.006	3.822	0.004
2RN2	121	0.977	0.003	11.047	0.001
2RN2	123	0.967	0.002	6.462	0.001
2RN2	126	0.953	0.004	6.982	0.002
2RN2	128	0.760	0.006	3.520	0.005
2RN2	130	0.730	0.010	3.938	0.009
2RN2	131	0.931	0.004	13.248	0.003
2RN2	133	0.699	0.014	2.986	0.014
2RN2	134	0.765	0.009	3.969	0.008
2RN2	137	0.920	0.003	12.803	0.002
2RN2	146	0.896	0.008	4.381	0.005
2RN2	147	0.830	0.004	3.286	0.003
2RN2	153	0.855	0.007	4.382	0.005
2RN2	155	0.963	0.004	7.232	0.002
2RN2	156	0.813	0.007	3.088	0.005
1L54	4	0.850	0.007	3.676	0.005
1L54	7	0.832	0.003	13.105	0.003
1L54	9	0.808	0.013	2.377	0.010
1L54	10	0.768	0.012	3.741	0.010
1L54	13	0.822	0.006	12.583	0.004
1L54	15	0.878	0.008	10.526	0.005
1L54	18	0.880	0.004	10.996	0.002
1L54	19	0.823	0.008	2.611	0.006
1L54	21	0.870	0.010	3.814	0.007
1L54	30	0.941	0.005	6.540	0.003
1L54	34	0.891	0.003	10.942	0.002
1L54	42	0.874	0.006	10.972	0.004
1L54	44	0.889	0.005	3.598	0.003
1L54	46	0.907	0.007	2.606	0.004
1L54	47	0.900	0.004	11.169	0.002
1L54	51	0.895	0.005	12.554	0.003
1L54	59	0.885	0.003	11.275	0.002
1L54	60	0.793	0.011	2.856	0.008
1L54	61	0.773	0.010	3.747	0.008
1L54	63	0.756	0.010	3.753	0.008
1L54	64	0.871	0.004	11.527	0.002
1L54	69	0.739	0.010	2.885	0.009
1L54	71	0.810	0.005	3.014	0.004
1L54	75	0.828	0.001	12.482	0.001
1L54	79	0.789	0.004	12.266	0.003
1L54	82	0.882	0.004	10.543	0.003
1L54	84	0.859	0.006	10.665	0.004
1L54	88	0.910	0.003	2.820	0.002
1L54	91	0.897	0.003	2.822	0.002
1L54	94	0.295	0.016	10.448	0.078
1L54	95	0.370	0.021	9.326	0.072
1L54	101	0.978	0.003	6.412	0.002
1L54	107	0.897	0.005	3.639	0.003
1L54	118	0.881	0.002	12.192	0.001
1L54	123	0.901	0.005	10.549	0.003
1L54	124	0.838	0.004	12.690	0.002
1L54	126	0.863	0.010	2.960	0.007
1L54	127	0.867	0.006	3.533	0.004
1L54	134	0.931	0.005	10.552	0.003
1L54	136	0.903	0.002	12.273	0.001
1L54	144	0.785	0.006	12.587	0.004
1L54	146	0.917	0.012	10.321	0.007
1L54	147	0.764	0.004	12.464	0.003
1L54	153	0.853	0.002	12.470	0.001
1L54	158	0.877	0.005	2.880	0.003
1L54	161	0.919	0.005	11.011	0.003
1L54	164	0.932	0.002	7.601	0.001
1L54	165	0.851	0.005	3.038	0.003
1L98	4	0.815	0.008	3.699	0.006
1L98	7	0.846	0.002	13.117	0.002
1L98	9	0.761	0.014	2.438	0.012
1L98	10	0.722	0.013	3.855	0.012
1L98	13	0.843	0.005	12.605	0.003
1L98	15	0.888	0.009	10.538	0.006
1L98	18	0.875	0.003	11.027	0.002
1L98	19	0.805	0.011	2.673	0.008
1L98	21	0.836	0.007	3.912	0.005
1L98	30	0.968	0.003	6.666	0.002
1L98	34	0.899	0.005	10.973	0.003
1L98	42	0.861	0.006	10.960	0.004
1L98	44	0.866	0.005	3.586	0.003
1L98	46	0.892	0.006	2.636	0.004
1L98	47	0.892	0.004	11.196	0.002
1L98	51	0.895	0.006	12.569	0.003
1L98	59	0.883	0.005	11.249	0.003
1L98	60	0.796	0.011	2.866	0.009
1L98	61	0.763	0.010	3.739	0.009
1L98	63	0.763	0.010	3.785	0.008
1L98	64	0.894	0.003	11.534	0.001
1L98	69	0.744	0.009	2.945	0.008
1L98	71	0.829	0.005	3.037	0.004
1L98	75	0.814	0.005	12.488	0.003
1L98	79	0.821	0.003	12.231	0.002
1L98	82	0.873	0.005	10.554	0.004
1L98	84	0.864	0.005	10.627	0.004
1L98	88	0.924	0.003	2.854	0.002
1L98	91	0.900	0.005	2.848	0.003
1L98	94	0.665	0.004	12.407	0.004
1L98	95	0.532	0.016	12.205	0.023
1L98	104	0.750	0.007	4.005	0.006
1L98	107	0.884	0.003	3.780	0.002
1L98	118	0.865	0.002	12.194	0.001
1L98	123	0.911	0.005	10.488	0.003
1L98	124	0.813	0.004	12.679	0.003
1L98	126	0.850	0.007	3.002	0.005
1L98	127	0.860	0.006	3.540	0.004
1L98	134	0.922	0.005	10.559	0.003
1L98	136	0.894	0.005	12.329	0.002
1L98	144	0.765	0.004	12.818	0.004
1L98	146	0.902	0.010	10.357	0.006
1L98	147	0.762	0.002	12.541	0.001
1L98	153	0.830	0.002	12.448	0.001
1L98	158	0.881	0.008	2.836	0.005
1L98	161	0.908	0.003	11.015	0.002
1L98	164	0.984	0.003	7.614	0.001
1L98	165	0.852	0.003	3.052	0.002
1XNB	3	0.971	0.009	3.289	0.005
1XNB	10	0.925	0.004	3.690	0.002
1XNB	39	0.983	0.003	10.922	0.002
1XNB	48	0.958	0.006	12.265	0.003
1XNB	72	0.946	0.001	12.328	0.001
1XNB	77	0.888	0.005	3.825	0.003
1XNB	82	0.905	0.007	2.455	0.004
1XNB	88	0.908	0.003	12.208	0.001
1XNB	94	0.938	0.005	10.727	0.003
1XNB	98	0.951	0.004	10.748	0.002
1XNB	100	0.919	0.002	2.937	0.001
1XNB	105	0.947	0.002	2.784	0.001
1XNB	111	0.912	0.006	12.368	0.003
1XNB	118	0.865	0.005	3.429	0.003
1XNB	120	0.885	0.008	3.246	0.005
1XNB	121	0.927	0.002	12.553	0.001
1XNB	131	0.806	0.002	12.446	0.002
1XNB	134	0.943	0.008	10.391	0.004
1XNB	135	0.821	0.002	12.521	0.001
1XNB	148	0.985	0.004	6.254	0.002
1XNB	153	0.956	0.003	10.643	0.002
1XNB	155	0.980	0.003	5.933	0.001
1XNB	171	0.918	0.005	4.077	0.003
1XNB	185	0.981	0.003	7.650	0.001
1XNB	186	0.930	0.006	3.137	0.003
1QH6	3	0.916	0.004	3.225	0.003
1QH6	9	0.912	0.006	6.644	0.004
1QH6	10	0.902	0.005	2.721	0.003
1QH6	13	0.863	0.008	2.576	0.005
1QH6	15	0.831	0.008	3.772	0.006
1QH6	18	0.949	0.005	11.228	0.003
1QH6	19	0.921	0.006	3.094	0.004
1QH6	30	0.930	0.004	6.531	0.002
1QH6	47	0.750	0.013	12.743	0.011
1QH6	48	0.869	0.007	10.846	0.005
1QH6	50	0.820	0.008	10.865	0.006
1QH6	51	0.805	0.007	11.286	0.005
1QH6	54	0.880	0.006	3.787	0.004
1QH6	58	0.979	0.008	6.371	0.004
1QH6	88	0.901	0.003	3.358	0.002
1QH6	92	0.837	0.005	3.635	0.003
1QH6	97	0.875	0.011	2.506	0.007
1QH6	103	0.851	0.004	12.184	0.002
1QH6	110	0.927	0.005	10.931	0.003
1QH6	116	0.898	0.006	3.022	0.004
1QH6	121	0.927	0.005	2.713	0.003
1QH6	124	0.893	0.005	3.612	0.003
1QH6	127	0.898	0.003	12.475	0.002
1QH6	134	0.919	0.008	10.847	0.004
1QH6	140	0.902	0.006	11.004	0.004
1QH6	146	0.710	0.009	12.383	0.007
1QH6	147	0.808	0.004	12.208	0.002
1QH6	149	0.918	0.009	10.284	0.005
1QH6	150	0.818	0.003	12.304	0.002
1QH6	160	0.471	0.013	4.281	0.028
1QH6	162	0.893	0.002	12.545	0.001
1QH6	165	0.891	0.005	3.735	0.003
1QH6	173	0.903	0.004	11.180	0.002
1QH6	176	0.794	0.009	3.488	0.007
1QH6	182	0.868	0.006	3.891	0.004
1QH6	198	0.900	0.003	12.324	0.002
1QH6	206	0.959	0.009	7.592	0.005
1QH6	207	0.910	0.008	3.172	0.005
