1W4H	3	0.958	0.014	3.189	0.007
1W4H	10	0.847	0.008	12.247	0.004
1W4H	11	0.788	0.012	12.286	0.008
1W4H	15	0.912	0.009	3.638	0.005
1W4H	16	1.004	0.011	6.713	0.005
1W4H	19	0.898	0.011	3.327	0.007
1W4H	24	0.913	0.007	10.921	0.004
1W4H	31	0.937	0.009	12.393	0.004
1W4H	34	0.885	0.011	12.816	0.007
1W4H	35	0.815	0.011	3.731	0.008
1W4H	36	0.868	0.015	2.341	0.010
1W4H	38	0.821	0.008	3.480	0.006
1W4H	39	0.854	0.005	11.312	0.003
1W4H	40	0.972	0.008	6.395	0.004
1W4H	43	0.972	0.011	10.965	0.006
1W4H	45	0.972	0.014	8.496	0.007
1W4H	46	0.919	0.008	2.698	0.005
2HBB	1	0.845	0.004	10.828	0.003
2HBB	6	0.741	0.011	10.717	0.009
2HBB	7	0.976	0.016	2.210	0.008
2HBB	9	0.822	0.011	10.672	0.008
2HBB	11	0.756	0.010	10.558	0.008
2HBB	13	0.750	0.018	10.966	0.016
2HBB	14	0.690	0.013	10.800	0.013
2HBB	16	0.921	0.011	3.184	0.006
2HBB	18	0.795	0.008	10.843	0.006
2HBB	22	0.920	0.013	3.026	0.008
2HBB	31	0.905	0.007	10.717	0.004
2HBB	37	0.914	0.012	3.852	0.007
2HBB	44	0.910	0.014	10.880	0.008
2HBB	47	0.944	0.007	3.832	0.004
2HBB	50	0.928	0.009	11.694	0.005
2HBB	51	0.963	0.013	8.614	0.007
2HBB	52	0.994	0.008	2.134	0.004
1HIC	4	0.925	0.008	3.191	0.005
1HIC	7	0.939	0.020	4.006	0.011
1HIC	16	0.946	0.008	4.064	0.005
1HIC	26	0.929	0.004	11.061	0.002
1HIC	32	0.865	0.011	3.713	0.007
1HIC	34	0.831	0.009	4.156	0.006
1HIC	35	0.951	0.007	11.220	0.004
1HIC	42	1.005	0.010	4.093	0.005
1HIC	46	0.929	0.011	11.086	0.006
1HIC	50	0.986	0.012	7.282	0.006
1HIC	51	0.979	0.008	8.196	0.004
1HIC	52	1.002	0.013	2.177	0.007
1EGF	10	0.947	0.010	3.516	0.006
1EGF	21	0.971	0.009	6.722	0.005
1EGF	23	0.897	0.019	3.678	0.011
1EGF	26	0.871	0.014	3.345	0.009
1EGF	39	0.915	0.012	3.023	0.007
1EGF	40	0.891	0.007	12.601	0.004
1EGF	44	0.946	0.011	12.348	0.005
1EGF	45	0.961	0.007	2.982	0.004
1EGF	47	0.989	0.012	12.431	0.005
1EGF	50	0.967	0.020	4.313	0.011
1EGF	52	1.004	0.019	12.916	0.011
1EGF	53	1.037	0.008	9.347	0.004
1EGF	54	0.970	0.015	2.412	0.008
3GB1	3	0.841	0.010	11.138	0.007
3GB1	9	0.947	0.014	11.291	0.007
3GB1	12	0.919	0.011	10.940	0.006
3GB1	14	0.921	0.007	3.975	0.004
3GB1	18	0.935	0.011	3.851	0.006
3GB1	21	0.852	0.008	3.459	0.006
3GB1	26	0.866	0.012	3.746	0.008
3GB1	27	0.844	0.013	11.093	0.009
3GB1	30	0.850	0.006	11.249	0.004
3GB1	35	0.898	0.011	3.295	0.007
3GB1	39	0.860	0.019	3.724	0.012
3GB1	41	0.884	0.010	4.470	0.006
3GB1	45	0.807	0.009	3.223	0.007
3GB1	46	0.824	0.008	3.471	0.006
3GB1	49	0.910	0.011	11.249	0.006
3GB1	55	0.843	0.029	4.813	0.020
3GB1	56	0.986	0.012	8.988	0.006
3GB1	57	0.851	0.021	2.651	0.014
1TUR	6	0.900	0.010	3.224	0.006
1TUR	9	0.935	0.015	4.074	0.008
1TUR	12	0.927	0.012	10.933	0.007
1TUR	18	0.964	0.013	3.807	0.007
1TUR	20	0.908	0.015	12.455	0.007
1TUR	26	0.954	0.008	3.059	0.004
1TUR	28	0.924	0.011	11.086	0.006
1TUR	33	0.914	0.005	10.846	0.003
1TUR	42	0.898	0.016	4.145	0.010
1TUR	51	1.007	0.007	6.417	0.003
1TUR	54	0.935	0.018	10.969	0.010
1TUR	56	1.015	0.011	8.112	0.005
1TUR	57	0.986	0.014	2.216	0.007
1BPI	0	0.943	0.007	12.396	0.003
1BPI	2	0.898	0.010	3.179	0.006
1BPI	6	0.873	0.017	3.641	0.011
1BPI	14	0.984	0.011	10.414	0.006
1BPI	16	0.925	0.004	11.967	0.002
1BPI	19	0.814	0.007	12.154	0.004
1BPI	25	0.999	0.012	10.610	0.006
1BPI	38	0.878	0.006	12.064	0.003
1BPI	40	0.934	0.016	10.404	0.009
1BPI	41	0.860	0.006	12.288	0.003
1BPI	45	0.920	0.010	10.676	0.006
1BPI	48	0.930	0.020	3.973	0.012
1BPI	49	0.875	0.013	2.717	0.008
1BPI	52	0.835	0.006	12.660	0.004
1BPI	58	0.993	0.011	7.914	0.006
1BPI	59	0.894	0.013	3.162	0.008
3EBX	0	0.898	0.006	12.738	0.003
3EBX	5	0.974	0.007	6.261	0.004
3EBX	14	0.933	0.003	10.737	0.002
3EBX	20	0.947	0.010	3.564	0.006
3EBX	25	0.990	0.009	6.197	0.004
3EBX	26	0.832	0.008	10.932	0.006
3EBX	30	0.973	0.009	3.259	0.005
3EBX	32	0.938	0.005	12.398	0.002
3EBX	37	0.925	0.009	3.177	0.005
3EBX	38	0.818	0.009	12.686	0.006
3EBX	46	0.915	0.010	10.637	0.006
3EBX	50	0.906	0.011	10.655	0.007
3EBX	55	0.946	0.014	3.931	0.007
3EBX	57	0.942	0.010	3.765	0.006
3EBX	62	1.002	0.012	8.288	0.006
3EBX	63	0.991	0.026	2.053	0.013
1BF4	3	0.776	0.011	11.275	0.009
1BF4	5	0.772	0.013	10.981	0.011
1BF4	7	0.851	0.016	10.762	0.011
1BF4	9	0.809	0.015	3.583	0.011
1BF4	10	0.811	0.024	3.630	0.018
1BF4	11	0.702	0.015	11.308	0.014
1BF4	12	0.757	0.007	3.487	0.006
1BF4	14	0.830	0.019	2.624	0.014
1BF4	17	0.763	0.008	11.466	0.007
1BF4	19	0.696	0.015	10.781	0.015
1BF4	20	0.704	0.010	10.546	0.010
1BF4	23	0.867	0.011	12.438	0.006
1BF4	26	0.807	0.011	10.796	0.008
1BF4	33	0.850	0.012	2.490	0.008
1BF4	34	0.827	0.019	3.592	0.014
1BF4	38	0.870	0.005	11.055	0.003
1BF4	41	0.867	0.018	12.470	0.010
1BF4	46	0.909	0.007	3.324	0.004
1BF4	47	0.834	0.007	11.106	0.005
1BF4	48	0.828	0.012	2.719	0.008
1BF4	51	0.893	0.011	11.037	0.007
1BF4	52	0.887	0.019	3.559	0.012
1BF4	58	0.956	0.014	3.474	0.008
1BF4	59	0.775	0.015	10.932	0.012
1BF4	61	0.745	0.021	10.644	0.019
1BF4	62	0.783	0.014	11.351	0.011
1BF4	63	0.976	0.011	8.886	0.006
1BF4	64	0.944	0.012	1.248	0.006
2CI2	2	0.865	0.005	11.189	0.003
2CI2	4	0.860	0.012	3.669	0.008
2CI2	7	0.882	0.017	4.275	0.011
2CI2	11	0.842	0.010	11.486	0.006
2CI2	14	0.797	0.014	3.897	0.011
2CI2	15	0.832	0.014	3.549	0.010
2CI2	17	0.764	0.008	11.040	0.007
2CI2	18	0.830	0.009	11.088	0.006
2CI2	23	0.881	0.018	2.544	0.011
2CI2	24	0.830	0.018	11.329	0.012
2CI2	26	0.866	0.013	4.150	0.009
2CI2	41	0.904	0.010	3.976	0.006
2CI2	43	0.865	0.006	12.765	0.004
2CI2	45	0.901	0.015	2.757	0.009
2CI2	46	0.811	0.018	12.891	0.015
2CI2	48	1.017	0.017	8.772	0.008
2CI2	52	0.874	0.009	3.235	0.006
2CI2	53	0.974	0.011	11.118	0.005
2CI2	55	0.792	0.014	3.330	0.011
2CI2	59	0.895	0.010	4.330	0.006
2CI2	62	0.860	0.011	12.912	0.009
2CI2	65	0.980	0.023	8.230	0.012
2CI2	66	0.971	0.008	1.595	0.004
1IGV	0	0.831	0.014	11.378	0.010
1IGV	3	0.806	0.014	3.962	0.010
1IGV	4	0.780	0.013	3.435	0.011
1IGV	6	0.878	0.022	11.534	0.014
1IGV	10	0.806	0.016	3.809	0.012
1IGV	11	0.883	0.018	11.299	0.011
1IGV	15	0.895	0.013	11.672	0.007
1IGV	16	0.796	0.014	4.137	0.011
1IGV	18	0.786	0.013	3.497	0.010
1IGV	24	0.869	0.004	11.932	0.002
1IGV	25	0.719	0.009	3.791	0.009
1IGV	26	0.699	0.012	3.950	0.012
1IGV	28	0.832	0.010	11.431	0.007
1IGV	34	0.836	0.011	3.960	0.007
1IGV	40	0.943	0.012	10.809	0.007
1IGV	46	0.783	0.022	3.300	0.018
1IGV	47	0.747	0.015	4.513	0.013
1IGV	50	0.681	0.017	4.734	0.018
1IGV	51	0.681	0.012	4.473	0.013
1IGV	53	0.674	0.016	3.262	0.018
1IGV	54	0.941	0.007	11.675	0.004
1IGV	57	0.721	0.011	3.547	0.010
1IGV	59	0.675	0.022	4.736	0.024
1IGV	63	0.762	0.010	4.232	0.008
1IGV	64	0.684	0.008	4.286	0.008
1IGV	70	0.801	0.017	10.962	0.012
1IGV	71	0.753	0.012	11.250	0.010
1IGV	75	0.942	0.008	8.174	0.004
1IGV	76	0.957	0.021	2.604	0.011
1UBQ	5	0.907	0.013	10.662	0.008
1UBQ	10	0.870	0.013	10.733	0.008
1UBQ	15	0.880	0.011	3.807	0.007
1UBQ	17	0.831	0.015	4.091	0.011
1UBQ	20	0.725	0.015	3.055	0.014
1UBQ	23	0.755	0.012	4.200	0.010
1UBQ	26	0.811	0.014	11.283	0.010
1UBQ	28	0.806	0.015	11.310	0.011
1UBQ	31	0.870	0.007	2.790	0.005
1UBQ	32	0.834	0.018	11.243	0.013
1UBQ	33	0.854	0.017	3.620	0.012
1UBQ	38	0.935	0.018	3.049	0.010
1UBQ	41	0.787	0.008	12.355	0.005
1UBQ	47	0.965	0.018	10.794	0.009
1UBQ	50	0.860	0.017	3.913	0.011
1UBQ	51	0.739	0.019	3.035	0.017
1UBQ	53	1.069	0.021	13.090	0.014
1UBQ	57	0.865	0.010	2.903	0.007
1UBQ	62	0.925	0.010	11.238	0.005
1UBQ	63	0.923	0.008	3.694	0.005
1UBQ	67	0.986	0.010	5.976	0.005
1UBQ	71	0.845	0.002	12.200	0.001
1UBQ	73	0.897	0.015	12.336	0.008
1UBQ	76	0.983	0.008	9.147	0.004
1UBQ	77	0.997	0.021	3.273	0.010
3A5E	0	0.946	0.022	10.684	0.012
3A5E	13	0.922	0.008	3.605	0.005
3A5E	16	0.963	0.026	11.035	0.014
3A5E	24	0.919	0.013	10.747	0.007
3A5E	32	0.882	0.013	2.914	0.008
3A5E	39	0.923	0.014	12.165	0.007
3A5E	40	0.926	0.016	10.410	0.009
3A5E	52	1.017	0.021	6.626	0.010
3A5E	53	0.884	0.012	3.353	0.008
3A5E	62	0.942	0.004	12.024	0.002
3A5E	64	0.834	0.012	12.221	0.007
3A5E	67	0.801	0.013	12.444	0.008
3A5E	68	0.804	0.011	12.629	0.008
3A5E	73	0.995	0.012	10.967	0.006
3A5E	77	0.857	0.013	3.995	0.008
3A5E	78	0.814	0.011	3.138	0.008
3A5E	83	0.966	0.009	2.723	0.005
3A5E	84	0.992	0.009	6.293	0.004
3A5E	92	0.848	0.012	3.516	0.008
3A5E	96	0.945	0.011	7.738	0.006
3A5E	97	0.940	0.018	2.827	0.010
1LNI	0	0.908	0.019	2.864	0.011
1LNI	13	0.862	0.008	4.192	0.005
1LNI	16	0.830	0.016	3.430	0.012
1LNI	24	0.864	0.015	3.862	0.010
1LNI	32	0.815	0.015	3.201	0.011
1LNI	39	0.968	0.023	12.514	0.010
1LNI	40	0.911	0.004	3.814	0.002
1LNI	52	0.973	0.009	7.062	0.005
1LNI	53	0.818	0.010	3.582	0.007
1LNI	62	1.004	0.007	12.068	0.003
1LNI	64	0.867	0.021	12.319	0.011
1LNI	67	0.794	0.009	12.551	0.006
1LNI	68	0.893	0.014	12.718	0.008
1LNI	73	0.871	0.012	4.249	0.008
1LNI	77	0.789	0.013	4.504	0.010
1LNI	78	0.737	0.012	3.395	0.011
1LNI	83	0.926	0.018	2.920	0.010
1LNI	84	1.021	0.015	6.587	0.007
1LNI	92	0.832	0.012	3.671	0.008
1LNI	96	0.983	0.018	9.524	0.009
1LNI	97	0.861	0.008	2.906	0.005
1HRC	1	0.779	0.016	2.315	0.013
1HRC	3	0.880	0.018	3.484	0.011
1HRC	4	0.788	0.018	11.917	0.013
1HRC	6	0.691	0.011	10.998	0.011
1HRC	7	0.739	0.010	10.797	0.009
1HRC	12	0.776	0.021	10.652	0.017
1HRC	17	0.921	0.010	5.820	0.006
1HRC	20	0.929	0.017	3.260	0.010
1HRC	21	0.868	0.022	11.262	0.014
1HRC	24	0.867	0.012	10.601	0.008
1HRC	25	0.975	0.017	5.663	0.009
1HRC	26	0.808	0.017	10.508	0.013
1HRC	32	0.920	0.011	6.117	0.006
1HRC	37	0.873	0.009	12.322	0.005
1HRC	38	0.816	0.017	10.332	0.013
1HRC	49	0.931	0.014	2.763	0.008
1HRC	52	0.870	0.017	10.795	0.011
1HRC	54	0.760	0.008	10.589	0.007
1HRC	59	0.830	0.020	11.152	0.014
1HRC	60	0.773	0.010	3.520	0.008
1HRC	61	0.780	0.008	3.804	0.006
1HRC	65	0.754	0.019	3.748	0.017
1HRC	68	0.831	0.012	3.289	0.008
1HRC	71	0.739	0.013	10.504	0.012
1HRC	72	0.792	0.009	10.746	0.007
1HRC	78	0.879	0.013	10.580	0.008
1HRC	85	0.770	0.012	10.738	0.010
1HRC	86	0.679	0.013	11.017	0.013
1HRC	87	0.795	0.016	10.988	0.012
1HRC	89	0.787	0.014	2.843	0.011
1HRC	90	0.598	0.052	14.043	0.157
1HRC	91	0.695	0.013	3.288	0.013
1HRC	92	0.664	0.013	2.062	0.013
1HRC	98	0.729	0.018	10.968	0.016
1HRC	99	0.723	0.013	11.061	0.012
1HRC	103	0.894	0.026	4.286	0.016
1HRC	104	0.954	0.015	9.265	0.008
1HRC	105	0.779	0.023	2.039	0.018
9RNT	2	0.828	0.009	3.499	0.006
9RNT	14	0.815	0.009	3.510	0.007
9RNT	24	1.010	0.008	11.465	0.004
9RNT	26	0.939	0.014	7.036	0.008
9RNT	27	0.821	0.009	3.961	0.006
9RNT	28	0.787	0.014	3.211	0.011
9RNT	30	0.828	0.016	4.320	0.012
9RNT	39	0.921	0.008	6.506	0.004
9RNT	40	1.004	0.014	11.147	0.007
9RNT	45	0.862	0.024	4.318	0.016
9RNT	48	0.904	0.010	3.927	0.006
9RNT	57	0.835	0.009	3.494	0.006
9RNT	65	0.887	0.005	3.597	0.003
9RNT	75	0.858	0.011	3.102	0.007
9RNT	76	0.996	0.009	9.093	0.005
9RNT	81	0.892	0.007	4.032	0.004
9RNT	91	1.001	0.015	6.757	0.007
9RNT	101	0.825	0.017	4.463	0.012
9RNT	104	0.963	0.010	8.779	0.005
9RNT	105	0.873	0.008	2.809	0.005
1ERT	2	0.887	0.013	11.274	0.008
1ERT	5	0.778	0.014	4.406	0.011
1ERT	7	0.951	0.015	11.612	0.008
1ERT	12	0.819	0.015	4.221	0.011
1ERT	15	0.853	0.017	3.497	0.011
1ERT	19	0.938	0.011	3.061	0.006
1ERT	20	0.825	0.013	11.246	0.009
1ERT	25	0.952	0.016	7.152	0.009
1ERT	35	0.890	0.009	10.871	0.006
1ERT	38	0.772	0.017	11.081	0.013
1ERT	42	0.975	0.015	6.331	0.008
1ERT	46	0.854	0.016	3.443	0.011
1ERT	47	0.910	0.018	11.185	0.010
1ERT	55	0.761	0.010	3.824	0.008
1ERT	57	0.630	0.012	3.501	0.015
1ERT	59	0.749	0.009	3.623	0.008
1ERT	60	0.638	0.015	3.786	0.018
1ERT	63	0.838	0.008	3.189	0.006
1ERT	67	0.811	0.017	4.293	0.013
1ERT	69	0.793	0.017	4.066	0.013
1ERT	71	0.967	0.011	11.120	0.005
1ERT	80	0.735	0.015	10.972	0.013
1ERT	81	0.785	0.012	10.892	0.009
1ERT	84	0.882	0.010	11.227	0.006
1ERT	87	0.832	0.011	3.888	0.008
1ERT	93	0.847	0.012	11.260	0.008
1ERT	94	0.899	0.012	3.598	0.007
1ERT	95	0.875	0.007	11.340	0.004
1ERT	97	0.785	0.015	3.761	0.012
1ERT	102	0.886	0.019	4.249	0.012
1ERT	105	0.971	0.009	8.833	0.005
1ERT	106	0.913	0.021	2.675	0.012
1ERU	2	0.881	0.010	11.350	0.006
1ERU	5	0.759	0.006	4.357	0.005
1ERU	7	0.907	0.016	11.588	0.009
1ERU	12	0.825	0.014	4.320	0.010
1ERU	15	0.785	0.011	3.488	0.009
1ERU	19	0.851	0.012	2.981	0.008
1ERU	20	0.828	0.013	11.145	0.009
1ERU	25	0.966	0.017	7.164	0.009
1ERU	35	0.850	0.013	10.822	0.009
1ERU	38	0.791	0.021	11.137	0.016
1ERU	42	1.019	0.020	6.325	0.010
1ERU	46	0.901	0.015	3.479	0.009
1ERU	47	0.856	0.015	11.255	0.010
1ERU	55	0.742	0.012	3.859	0.011
1ERU	57	0.664	0.011	3.542	0.012
1ERU	59	0.750	0.012	3.588	0.011
1ERU	60	0.663	0.013	3.708	0.014
1ERU	63	0.867	0.018	3.205	0.012
1ERU	67	0.774	0.013	4.320	0.010
1ERU	69	0.840	0.013	4.105	0.009
1ERU	71	0.973	0.012	11.149	0.006
1ERU	80	0.773	0.009	10.999	0.007
1ERU	81	0.801	0.008	10.979	0.006
1ERU	84	0.845	0.010	11.213	0.007
1ERU	87	0.797	0.012	3.826	0.009
1ERU	93	0.853	0.014	11.260	0.009
1ERU	94	0.839	0.008	3.636	0.005
1ERU	95	0.869	0.015	11.283	0.009
1ERU	97	0.783	0.015	3.778	0.012
1ERU	102	0.893	0.010	4.239	0.006
1ERU	105	0.969	0.013	8.640	0.007
1ERU	106	0.858	0.011	2.755	0.007
2TRX	1	0.896	0.010	2.834	0.006
2TRX	2	0.904	0.006	11.684	0.003
2TRX	5	0.917	0.012	6.606	0.007
2TRX	8	0.783	0.015	3.413	0.012
2TRX	9	0.856	0.011	3.524	0.008
2TRX	12	0.800	0.012	3.358	0.009
2TRX	14	0.807	0.014	3.137	0.011
2TRX	17	0.963	0.011	11.287	0.006
2TRX	19	0.906	0.012	3.632	0.007
2TRX	25	0.879	0.016	6.992	0.010
2TRX	29	0.890	0.014	4.140	0.009
2TRX	35	0.896	0.013	11.052	0.008
2TRX	42	0.734	0.011	2.809	0.010
2TRX	43	0.765	0.024	4.145	0.020
2TRX	46	0.715	0.015	3.222	0.014
2TRX	47	0.781	0.010	4.142	0.008
2TRX	51	0.926	0.015	11.138	0.009
2TRX	56	0.752	0.015	7.038	0.013
2TRX	60	0.871	0.006	3.380	0.004
2TRX	68	1.007	0.018	10.969	0.009
2TRX	72	0.936	0.010	12.192	0.005
2TRX	81	0.924	0.018	11.130	0.010
2TRX	84	0.914	0.013	4.119	0.008
2TRX	89	0.879	0.015	10.367	0.009
2TRX	95	0.880	0.013	11.235	0.008
2TRX	99	0.873	0.022	11.493	0.013
2TRX	100	0.899	0.021	3.979	0.013
2TRX	103	0.804	0.020	3.193	0.016
2TRX	108	0.971	0.010	9.474	0.005
2TRX	109	0.790	0.015	3.192	0.012
1A2P	5	0.846	0.015	3.549	0.010
1A2P	9	0.838	0.013	3.175	0.009
1A2P	15	0.961	0.011	6.248	0.006
1A2P	16	0.997	0.012	10.878	0.006
1A2P	19	0.908	0.014	3.284	0.008
1A2P	24	0.928	0.014	11.104	0.008
1A2P	26	0.905	0.010	3.929	0.006
1A2P	36	0.995	0.017	10.746	0.008
1A2P	41	0.881	0.011	3.546	0.007
1A2P	46	0.887	0.008	11.035	0.005
1A2P	51	0.822	0.012	2.697	0.009
1A2P	56	0.937	0.019	12.467	0.009
1A2P	57	0.929	0.014	3.434	0.008
1A2P	59	0.907	0.021	10.898	0.012
1A2P	63	0.937	0.012	10.404	0.007
1A2P	66	0.898	0.014	12.369	0.007
1A2P	69	0.913	0.025	12.764	0.015
1A2P	70	0.832	0.008	3.448	0.005
1A2P	72	0.803	0.021	2.630	0.016
1A2P	80	0.880	0.012	12.656	0.007
1A2P	83	0.816	0.009	2.795	0.007
1A2P	84	0.878	0.018	13.095	0.016
1A2P	90	0.902	0.016	2.806	0.010
1A2P	95	0.871	0.010	10.874	0.007
1A2P	98	0.905	0.009	2.887	0.006
1A2P	99	0.979	0.009	6.599	0.005
1A2P	105	0.871	0.015	10.806	0.010
1A2P	107	0.903	0.023	13.355	0.025
1A2P	108	0.990	0.009	8.494	0.005
1A2P	109	0.899	0.013	1.546	0.007
3SSI	12	1.022	0.007	11.160	0.003
3SSI	22	0.882	0.014	3.958	0.009
3SSI	23	1.054	0.014	12.810	0.007
3SSI	37	0.889	0.009	2.830	0.006
3SSI	46	0.882	0.009	4.969	0.006
3SSI	53	0.944	0.017	3.559	0.009
3SSI	59	0.952	0.029	12.657	0.014
3SSI	61	0.831	0.013	4.349	0.010
3SSI	62	0.839	0.012	3.829	0.008
3SSI	70	0.878	0.011	3.268	0.007
3SSI	77	0.904	0.010	3.291	0.006
3SSI	83	0.984	0.016	10.616	0.008
3SSI	84	0.949	0.019	12.259	0.008
3SSI	88	0.862	0.017	3.941	0.011
3SSI	89	0.927	0.002	12.683	0.001
3SSI	94	0.808	0.019	4.263	0.014
3SSI	96	0.829	0.012	3.997	0.008
3SSI	100	0.970	0.012	6.649	0.006
3SSI	108	1.006	0.008	8.184	0.004
3SSI	109	0.872	0.005	2.697	0.003
5ISR	1	0.943	0.013	6.187	0.007
5ISR	2	0.793	0.014	11.711	0.010
5ISR	3	0.814	0.021	3.461	0.015
5ISR	9	0.749	0.015	10.581	0.013
5ISR	12	0.853	0.015	2.864	0.010
5ISR	14	0.916	0.010	6.974	0.006
5ISR	17	0.720	0.019	10.605	0.018
5ISR	21	0.948	0.021	10.780	0.011
5ISR	28	0.751	0.009	12.971	0.009
5ISR	31	0.725	0.018	3.729	0.017
5ISR	33	0.729	0.017	2.694	0.016
5ISR	36	0.821	0.023	4.334	0.017
5ISR	39	0.758	0.015	4.061	0.012
5ISR	40	0.871	0.012	11.356	0.007
5ISR	44	0.858	0.012	3.952	0.008
5ISR	50	0.743	0.016	11.147	0.013
5ISR	51	0.799	0.019	10.914	0.014
5ISR	54	0.889	0.010	3.459	0.006
5ISR	57	0.749	0.012	10.817	0.011
5ISR	58	0.755	0.011	11.088	0.009
5ISR	60	0.759	0.013	3.277	0.011
5ISR	62	0.723	0.012	3.234	0.011
5ISR	64	0.880	0.019	2.303	0.012
5ISR	65	0.900	0.015	11.023	0.009
5ISR	68	0.854	0.020	12.514	0.012
5ISR	70	0.841	0.018	2.288	0.012
5ISR	71	0.932	0.016	10.877	0.009
5ISR	74	0.811	0.011	12.516	0.007
5ISR	82	0.890	0.019	2.410	0.011
5ISR	84	0.816	0.018	11.135	0.013
5ISR	88	0.828	0.017	4.027	0.012
5ISR	92	0.708	0.023	13.070	0.029
5ISR	97	0.860	0.009	11.471	0.006
5ISR	103	0.970	0.015	10.855	0.008
5ISR	108	0.887	0.009	6.816	0.006
5ISR	109	0.766	0.015	3.511	0.013
5ISR	113	0.857	0.017	12.945	0.014
5ISR	114	0.904	0.016	10.700	0.010
5ISR	116	0.785	0.016	3.064	0.013
5ISR	120	0.699	0.015	10.866	0.014
5ISR	121	0.755	0.012	10.811	0.010
5ISR	122	0.896	0.024	3.311	0.015
5ISR	123	0.865	0.025	11.079	0.016
5ISR	129	0.958	0.025	8.626	0.013
5ISR	130	0.880	0.008	2.464	0.005
1LYS	0	0.957	0.017	10.820	0.009
1LYS	4	0.790	0.011	12.321	0.007
1LYS	6	0.945	0.011	3.720	0.006
1LYS	12	0.877	0.020	10.775	0.013
1LYS	13	0.827	0.014	12.319	0.008
1LYS	14	0.949	0.011	5.903	0.006
1LYS	17	0.901	0.019	2.676	0.011
1LYS	20	0.936	0.014	12.234	0.007
1LYS	32	0.898	0.014	10.529	0.008
1LYS	34	0.976	0.013	6.806	0.007
1LYS	44	0.924	0.013	12.315	0.006
1LYS	47	0.929	0.017	3.082	0.010
1LYS	51	0.964	0.010	2.929	0.005
1LYS	60	0.813	0.024	12.385	0.015
1LYS	65	0.905	0.020	2.930	0.012
1LYS	67	0.865	0.020	12.391	0.011
1LYS	72	0.881	0.011	12.167	0.006
1LYS	86	0.969	0.013	2.882	0.007
1LYS	95	0.838	0.010	10.484	0.007
1LYS	96	0.825	0.013	10.679	0.010
1LYS	100	0.999	0.019	3.088	0.009
1LYS	111	0.797	0.011	12.155	0.007
1LYS	113	0.890	0.013	12.149	0.007
1LYS	115	0.908	0.012	10.338	0.007
1LYS	118	1.004	0.012	3.327	0.006
1LYS	124	0.911	0.014	12.118	0.007
1LYS	127	0.860	0.010	12.345	0.006
1LYS	129	0.980	0.012	8.030	0.006
1LYS	130	0.912	0.010	2.396	0.006
3BDC	1	0.951	0.012	6.233	0.006
3BDC	2	0.817	0.012	11.741	0.008
3BDC	3	0.818	0.015	3.459	0.011
3BDC	9	0.729	0.016	10.624	0.014
3BDC	12	0.872	0.018	2.898	0.012
3BDC	14	0.998	0.028	6.912	0.014
3BDC	17	0.746	0.011	10.477	0.010
3BDC	21	0.925	0.008	10.804	0.005
3BDC	28	0.670	0.021	12.960	0.027
3BDC	33	0.817	0.012	2.756	0.008
3BDC	36	0.801	0.010	4.323	0.007
3BDC	39	0.785	0.010	4.001	0.008
3BDC	40	0.902	0.009	11.372	0.005
3BDC	44	0.845	0.010	3.932	0.007
3BDC	50	0.736	0.008	11.103	0.007
3BDC	51	0.778	0.021	10.935	0.017
3BDC	54	0.958	0.016	3.441	0.009
3BDC	57	0.768	0.008	10.794	0.007
3BDC	58	0.781	0.009	11.080	0.007
3BDC	60	0.734	0.011	3.272	0.010
3BDC	62	0.753	0.020	3.255	0.017
3BDC	64	0.849	0.015	2.280	0.010
3BDC	65	0.897	0.020	11.032	0.012
3BDC	68	0.808	0.022	12.573	0.014
3BDC	70	0.991	0.030	2.303	0.015
3BDC	71	0.890	0.028	10.865	0.017
3BDC	74	0.806	0.015	12.436	0.009
3BDC	82	0.885	0.010	2.457	0.006
3BDC	84	0.837	0.015	11.061	0.010
3BDC	88	0.932	0.024	5.804	0.013
3BDC	92	0.794	0.013	12.890	0.011
3BDC	97	0.807	0.022	11.294	0.016
3BDC	103	0.893	0.015	10.746	0.009
3BDC	108	0.866	0.010	6.512	0.007
3BDC	109	0.847	0.019	3.398	0.013
3BDC	113	0.725	0.020	12.986	0.023
3BDC	114	0.846	0.023	10.706	0.016
3BDC	116	0.843	0.018	2.964	0.012
3BDC	120	0.703	0.015	10.819	0.015
3BDC	121	0.733	0.017	10.841	0.016
3BDC	122	0.907	0.007	3.306	0.004
3BDC	123	0.840	0.020	11.176	0.013
3BDC	129	0.932	0.028	8.674	0.016
3BDC	130	0.872	0.011	2.420	0.007
1U9R	1	0.957	0.012	6.192	0.006
1U9R	2	0.849	0.024	11.778	0.015
1U9R	3	0.831	0.018	3.448	0.013
1U9R	9	0.749	0.018	10.707	0.016
1U9R	12	0.802	0.017	2.968	0.013
1U9R	14	0.704	0.016	2.871	0.015
1U9R	17	0.777	0.015	10.617	0.012
1U9R	21	0.913	0.021	10.808	0.012
1U9R	28	0.684	0.016	13.012	0.021
1U9R	33	0.792	0.014	2.938	0.011
1U9R	36	0.764	0.018	4.407	0.015
1U9R	39	0.790	0.016	4.031	0.013
1U9R	40	0.908	0.013	11.298	0.008
1U9R	44	0.891	0.025	3.972	0.016
1U9R	50	0.780	0.014	11.330	0.011
1U9R	51	0.769	0.011	11.148	0.008
1U9R	53	0.995	0.017	7.024	0.009
1U9R	54	0.950	0.012	3.451	0.006
1U9R	57	0.782	0.014	10.936	0.011
1U9R	58	0.749	0.010	11.099	0.009
1U9R	60	0.755	0.010	3.293	0.008
1U9R	62	0.785	0.018	3.251	0.014
1U9R	64	0.830	0.012	2.236	0.008
1U9R	65	0.851	0.017	10.977	0.012
1U9R	68	0.809	0.013	12.504	0.009
1U9R	70	0.887	0.022	2.286	0.013
1U9R	71	0.887	0.012	10.757	0.008
1U9R	74	0.761	0.021	12.436	0.015
1U9R	82	0.911	0.014	2.371	0.008
1U9R	84	0.827	0.019	11.142	0.014
1U9R	88	0.921	0.011	5.078	0.006
1U9R	92	0.887	0.024	12.905	0.018
1U9R	97	0.897	0.015	11.430	0.009
1U9R	103	0.905	0.019	10.777	0.011
1U9R	108	0.951	0.014	6.597	0.008
1U9R	109	0.835	0.009	3.394	0.006
1U9R	113	0.750	0.017	12.900	0.016
1U9R	114	0.823	0.017	10.659	0.012
1U9R	116	0.775	0.020	3.034	0.016
1U9R	120	0.761	0.017	10.788	0.014
1U9R	121	0.768	0.017	10.814	0.014
1U9R	122	0.902	0.013	3.325	0.008
1U9R	123	0.796	0.010	11.125	0.007
1U9R	129	0.942	0.009	8.622	0.005
1U9R	130	0.944	0.020	2.416	0.011
2SNM	1	0.943	0.012	6.167	0.007
2SNM	2	0.840	0.016	11.765	0.010
2SNM	3	0.831	0.019	3.384	0.014
2SNM	9	0.730	0.014	10.516	0.013
2SNM	12	0.802	0.015	2.355	0.011
2SNM	14	0.934	0.010	6.702	0.006
2SNM	17	0.716	0.014	10.441	0.013
2SNM	21	0.886	0.011	10.712	0.007
2SNM	28	0.738	0.002	12.937	0.002
2SNM	33	0.791	0.016	2.477	0.012
2SNM	36	0.733	0.011	2.984	0.010
2SNM	38	0.827	0.015	11.164	0.011
2SNM	39	0.934	0.013	5.851	0.007
2SNM	41	0.799	0.019	10.596	0.014
2SNM	42	0.769	0.019	11.430	0.015
2SNM	45	0.766	0.017	3.655	0.015
2SNM	46	0.824	0.012	11.251	0.008
2SNM	50	0.849	0.019	3.786	0.013
2SNM	56	0.734	0.009	11.003	0.008
2SNM	57	0.731	0.014	10.921	0.013
2SNM	59	0.937	0.010	6.399	0.006
2SNM	60	0.926	0.009	3.113	0.005
2SNM	63	0.831	0.017	10.821	0.012
2SNM	64	0.677	0.012	11.067	0.012
2SNM	66	0.739	0.022	3.021	0.020
2SNM	68	0.747	0.009	3.090	0.008
2SNM	70	0.916	0.008	2.112	0.004
2SNM	71	0.958	0.010	10.979	0.006
2SNM	74	0.733	0.010	12.670	0.009
2SNM	76	0.848	0.017	2.178	0.011
2SNM	77	0.864	0.016	10.802	0.011
2SNM	80	0.783	0.020	12.352	0.013
2SNM	88	0.852	0.011	2.244	0.007
2SNM	90	0.821	0.016	11.053	0.012
2SNM	94	0.798	0.010	2.977	0.008
2SNM	98	0.963	0.033	12.825	0.019
2SNM	103	0.814	0.007	11.155	0.005
2SNM	109	0.962	0.019	10.822	0.010
2SNM	114	0.780	0.014	6.312	0.012
2SNM	115	0.831	0.018	3.174	0.013
2SNM	117	0.861	0.017	6.081	0.011
2SNM	119	0.788	0.031	12.919	0.028
2SNM	120	0.880	0.012	10.708	0.007
2SNM	122	0.839	0.019	2.885	0.013
2SNM	126	0.738	0.012	10.791	0.011
2SNM	127	0.823	0.019	10.837	0.013
2SNM	128	0.940	0.015	3.268	0.008
2SNM	129	0.822	0.015	11.106	0.011
2SNM	135	0.943	0.019	8.628	0.011
2SNM	136	0.902	0.015	2.321	0.009
1DE3	8	0.809	0.018	2.427	0.013
1DE3	10	0.826	0.011	10.971	0.008
1DE3	13	0.921	0.017	10.673	0.010
1DE3	16	0.786	0.034	10.819	0.027
1DE3	18	0.892	0.017	3.467	0.011
1DE3	20	0.853	0.020	10.885	0.013
1DE3	21	0.789	0.012	12.473	0.008
1DE3	28	0.951	0.012	11.207	0.007
1DE3	30	0.991	0.021	3.319	0.010
1DE3	34	0.789	0.021	6.155	0.017
1DE3	35	0.800	0.026	6.387	0.020
1DE3	40	0.769	0.020	2.390	0.016
1DE3	42	0.873	0.015	11.287	0.010
1DE3	49	0.811	0.013	6.409	0.010
1DE3	56	0.841	0.012	2.865	0.008
1DE3	58	0.823	0.010	2.717	0.007
1DE3	60	0.913	0.019	11.123	0.011
1DE3	63	0.974	0.028	10.605	0.015
1DE3	65	0.829	0.014	12.362	0.008
1DE3	69	0.854	0.012	10.801	0.008
1DE3	72	0.851	0.022	11.102	0.015
1DE3	74	0.815	0.020	2.323	0.014
1DE3	76	0.906	0.021	2.467	0.012
1DE3	77	0.918	0.042	12.919	0.029
1DE3	80	0.870	0.016	11.126	0.010
1DE3	81	0.827	0.020	6.531	0.014
1DE3	83	0.944	0.009	11.223	0.005
1DE3	84	0.801	0.012	2.555	0.009
1DE3	88	0.955	0.015	10.836	0.008
1DE3	90	0.880	0.026	2.240	0.016
1DE3	91	0.937	0.010	6.240	0.006
1DE3	95	0.765	0.019	6.746	0.016
1DE3	101	0.905	0.022	2.951	0.013
1DE3	103	0.930	0.011	6.726	0.006
1DE3	104	0.892	0.010	2.291	0.006
1DE3	106	0.828	0.012	11.125	0.008
1DE3	108	0.903	0.028	2.579	0.017
1DE3	110	0.692	0.024	10.659	0.024
1DE3	111	0.759	0.012	10.526	0.010
1DE3	113	0.750	0.027	10.846	0.023
1DE3	114	0.868	0.028	3.503	0.018
1DE3	120	0.848	0.015	8.376	0.010
1DE3	128	0.878	0.013	11.044	0.008
1DE3	136	0.975	0.010	6.245	0.005
1DE3	138	0.837	0.016	11.405	0.011
1DE3	139	0.818	0.017	3.295	0.012
1DE3	143	0.938	0.020	3.364	0.011
1DE3	145	0.850	0.011	11.008	0.008
1DE3	149	0.963	0.016	6.941	0.009
1DE3	150	0.972	0.013	8.751	0.007
1DE3	151	0.951	0.027	1.722	0.013
1VXA	3	0.853	0.017	3.947	0.011
1VXA	5	0.849	0.013	3.539	0.009
1VXA	11	0.877	0.015	6.473	0.010
1VXA	15	0.852	0.024	11.140	0.016
1VXA	17	0.876	0.022	3.673	0.014
1VXA	19	0.804	0.012	2.795	0.009
1VXA	23	0.837	0.023	6.205	0.016
1VXA	26	0.884	0.019	1.966	0.011
1VXA	30	0.833	0.020	12.802	0.015
1VXA	33	0.834	0.020	10.839	0.014
1VXA	35	0.907	0.024	6.374	0.015
1VXA	37	0.835	0.015	3.463	0.011
1VXA	40	0.765	0.014	3.274	0.012
1VXA	41	0.732	0.016	11.033	0.015
1VXA	43	0.858	0.019	2.504	0.012
1VXA	44	0.807	0.039	12.937	0.034
1VXA	46	0.838	0.019	10.994	0.013
1VXA	47	0.914	0.021	6.152	0.012
1VXA	49	0.864	0.020	10.994	0.013
1VXA	51	0.857	0.015	3.455	0.010
1VXA	53	0.878	0.012	3.423	0.008
1VXA	55	0.900	0.015	11.109	0.009
1VXA	58	0.830	0.013	3.591	0.009
1VXA	59	0.872	0.022	2.182	0.014
1VXA	61	0.758	0.013	11.089	0.010
1VXA	62	0.770	0.014	11.011	0.011
1VXA	63	0.825	0.015	5.924	0.011
1VXA	76	0.725	0.020	10.762	0.018
1VXA	77	0.727	0.022	10.958	0.020
1VXA	78	0.792	0.031	10.871	0.024
1VXA	80	0.843	0.030	6.139	0.021
1VXA	81	0.824	0.027	5.953	0.019
1VXA	82	0.853	0.016	3.213	0.011
1VXA	84	0.850	0.014	3.124	0.010
1VXA	86	0.821	0.021	11.095	0.015
1VXA	92	0.788	0.015	5.701	0.012
1VXA	95	0.879	0.011	10.659	0.007
1VXA	96	0.841	0.015	5.417	0.010
1VXA	97	0.755	0.011	10.654	0.010
1VXA	101	0.851	0.025	11.103	0.017
1VXA	104	0.834	0.019	3.221	0.013
1VXA	108	0.807	0.012	3.330	0.009
1VXA	112	0.801	0.012	6.219	0.009
1VXA	115	0.763	0.016	6.191	0.014
1VXA	117	0.799	0.008	12.746	0.006
1VXA	118	0.876	0.020	6.269	0.013
1VXA	121	0.895	0.027	2.395	0.016
1VXA	125	0.853	0.014	3.542	0.009
1VXA	132	0.895	0.016	11.375	0.009
1VXA	135	0.843	0.019	3.008	0.013
1VXA	138	0.671	0.035	13.420	0.062
1VXA	139	0.852	0.020	11.006	0.013
1VXA	140	0.930	0.017	1.969	0.009
1VXA	144	0.743	0.012	11.083	0.010
1VXA	146	0.813	0.018	11.002	0.013
1VXA	147	0.872	0.018	3.415	0.012
1VXA	153	0.980	0.008	8.268	0.004
1VXA	154	0.926	0.013	2.822	0.007
2RN2	2	0.933	0.024	10.821	0.013
2RN2	5	0.772	0.014	3.287	0.012
2RN2	9	0.630	0.013	3.242	0.016
2RN2	26	0.857	0.007	13.034	0.006
2RN2	28	0.722	0.018	12.297	0.014
2RN2	30	0.932	0.018	12.289	0.009
2RN2	31	0.868	0.019	3.193	0.013
2RN2	32	0.903	0.012	10.796	0.007
2RN2	40	0.978	0.024	12.539	0.010
2RN2	45	1.000	0.033	12.781	0.017
2RN2	47	0.768	0.013	3.947	0.011
2RN2	56	0.862	0.009	4.043	0.006
2RN2	59	0.907	0.006	10.947	0.003
2RN2	60	0.854	0.016	3.339	0.011
2RN2	61	0.900	0.018	6.531	0.011
2RN2	63	0.872	0.010	3.423	0.006
2RN2	69	0.819	0.013	2.810	0.010
2RN2	74	1.048	0.025	12.524	0.009
2RN2	82	0.956	0.018	5.963	0.010
2RN2	85	0.799	0.010	10.634	0.008
2RN2	86	0.801	0.026	10.257	0.020
2RN2	87	0.742	0.025	12.296	0.018
2RN2	90	0.733	0.028	10.233	0.026
2RN2	93	0.934	0.010	2.746	0.006
2RN2	94	0.751	0.010	10.634	0.009
2RN2	95	0.791	0.015	10.982	0.012
2RN2	98	0.847	0.019	11.062	0.013
2RN2	101	0.854	0.012	2.944	0.008
2RN2	105	0.783	0.020	12.904	0.018
2RN2	107	0.871	0.022	2.893	0.014
2RN2	113	0.881	0.016	6.465	0.010
2RN2	116	0.883	0.020	11.080	0.012
2RN2	118	0.819	0.018	3.833	0.013
2RN2	121	0.932	0.009	11.143	0.005
2RN2	123	0.966	0.013	6.471	0.007
2RN2	126	0.978	0.009	7.053	0.005
2RN2	128	0.727	0.010	3.531	0.009
2RN2	130	0.724	0.009	4.026	0.009
2RN2	131	0.907	0.022	13.441	0.026
2RN2	133	0.616	0.019	3.145	0.025
2RN2	134	0.784	0.018	4.046	0.014
2RN2	137	0.998	0.012	12.807	0.006
2RN2	146	0.887	0.013	4.142	0.008
2RN2	147	0.815	0.015	2.928	0.011
2RN2	153	0.932	0.013	4.343	0.007
2RN2	155	0.935	0.016	7.930	0.009
2RN2	156	0.880	0.018	2.123	0.011
1L54	4	0.807	0.011	3.602	0.008
1L54	7	0.965	0.021	13.004	0.015
1L54	9	0.856	0.024	2.326	0.016
1L54	10	0.793	0.022	3.803	0.017
1L54	13	0.799	0.018	12.692	0.013
1L54	15	0.807	0.017	10.565	0.013
1L54	18	0.916	0.011	11.040	0.007
1L54	19	0.875	0.014	2.627	0.009
1L54	21	0.911	0.019	3.840	0.011
1L54	30	0.956	0.009	6.428	0.005
1L54	34	0.849	0.027	10.931	0.018
1L54	42	0.951	0.010	10.984	0.006
1L54	44	0.881	0.017	3.624	0.011
1L54	46	0.909	0.013	2.614	0.008
1L54	47	0.919	0.021	11.169	0.012
1L54	51	0.858	0.014	12.610	0.008
1L54	59	0.923	0.010	11.311	0.005
1L54	60	0.805	0.029	2.864	0.022
1L54	61	0.788	0.013	3.736	0.010
1L54	63	0.765	0.012	3.735	0.010
1L54	64	0.884	0.017	11.497	0.010
1L54	69	0.750	0.016	2.871	0.014
1L54	71	0.853	0.017	2.987	0.012
1L54	75	0.827	0.011	12.479	0.007
1L54	79	0.804	0.011	12.289	0.007
1L54	82	0.864	0.012	10.554	0.008
1L54	84	0.825	0.015	10.659	0.011
1L54	88	0.888	0.017	2.842	0.011
1L54	91	0.895	0.011	2.913	0.007
1L54	94	0.811	0.017	11.747	0.011
1L54	95	0.906	0.017	10.048	0.010
1L54	101	0.997	0.015	6.340	0.007
1L54	107	0.905	0.015	3.627	0.009
1L54	118	0.810	0.012	12.229	0.007
1L54	123	0.917	0.011	10.513	0.007
1L54	124	0.832	0.033	12.662	0.022
1L54	126	0.886	0.014	2.972	0.009
1L54	127	0.905	0.012	3.520	0.007
1L54	134	0.868	0.015	10.537	0.010
1L54	136	0.923	0.023	12.289	0.011
1L54	144	0.699	0.014	12.712	0.013
1L54	146	0.869	0.020	10.319	0.013
1L54	147	0.818	0.012	12.490	0.008
1L54	153	0.873	0.022	12.491	0.012
1L54	158	0.922	0.015	2.772	0.009
1L54	161	0.973	0.013	11.096	0.007
1L54	164	1.009	0.019	8.649	0.009
1L54	165	0.905	0.012	2.501	0.007
1L98	4	0.858	0.017	3.669	0.011
1L98	7	1.067	0.053	12.969	0.030
1L98	9	0.806	0.017	2.486	0.012
1L98	10	0.713	0.019	3.896	0.019
1L98	13	1.001	0.014	12.510	0.006
1L98	15	0.890	0.012	10.559	0.008
1L98	18	0.896	0.014	11.034	0.009
1L98	19	0.810	0.019	2.724	0.014
1L98	21	0.833	0.015	3.904	0.010
1L98	30	0.969	0.021	6.568	0.011
1L98	34	0.937	0.015	10.920	0.009
1L98	42	0.851	0.016	10.959	0.011
1L98	44	0.896	0.024	3.579	0.015
1L98	46	0.894	0.013	2.653	0.008
1L98	47	0.855	0.003	11.208	0.002
1L98	51	0.894	0.044	12.600	0.024
1L98	59	0.908	0.017	11.270	0.010
1L98	60	0.770	0.024	2.832	0.020
1L98	61	0.765	0.015	3.686	0.012
1L98	63	0.716	0.020	3.837	0.019
1L98	64	0.835	0.013	11.539	0.009
1L98	69	0.742	0.011	2.941	0.010
1L98	71	0.775	0.016	3.056	0.013
1L98	75	0.824	0.009	12.443	0.005
1L98	79	0.904	0.015	12.230	0.007
1L98	82	0.863	0.014	10.553	0.009
1L98	84	0.807	0.012	10.627	0.009
1L98	88	0.890	0.009	2.875	0.006
1L98	91	0.929	0.018	2.910	0.010
1L98	94	0.760	0.009	12.486	0.007
1L98	95	0.751	0.012	12.425	0.009
1L98	104	0.759	0.013	4.052	0.011
1L98	107	0.918	0.009	3.753	0.005
1L98	118	0.952	0.021	12.182	0.010
1L98	123	0.934	0.014	10.491	0.008
1L98	124	0.794	0.020	12.662	0.015
1L98	126	0.846	0.017	2.988	0.011
1L98	127	0.840	0.017	3.540	0.012
1L98	134	0.965	0.017	10.540	0.009
1L98	136	0.932	0.025	12.305	0.012
1L98	144	0.674	0.043	12.946	0.053
1L98	146	0.890	0.019	10.358	0.012
1L98	147	0.782	0.009	12.500	0.007
1L98	153	0.844	0.022	12.396	0.013
1L98	158	0.884	0.012	2.795	0.008
1L98	161	0.900	0.015	11.060	0.009
1L98	164	0.977	0.020	8.625	0.010
1L98	165	0.900	0.010	2.412	0.006
1XNB	3	0.923	0.006	3.216	0.004
1XNB	10	0.864	0.010	3.544	0.006
1XNB	39	0.941	0.018	10.920	0.010
1XNB	48	1.017	0.010	12.319	0.004
1XNB	72	0.897	0.011	12.357	0.005
1XNB	77	0.888	0.020	3.847	0.013
1XNB	82	0.959	0.016	2.432	0.009
1XNB	88	0.879	0.018	12.220	0.009
1XNB	94	0.904	0.026	10.759	0.016
1XNB	98	0.972	0.017	10.724	0.009
1XNB	100	0.946	0.014	2.915	0.008
1XNB	105	0.911	0.013	2.776	0.008
1XNB	111	0.841	0.011	12.368	0.006
1XNB	118	0.854	0.021	3.362	0.014
1XNB	120	0.873	0.010	3.284	0.006
1XNB	121	0.890	0.007	12.565	0.004
1XNB	131	0.806	0.019	12.468	0.012
1XNB	134	0.896	0.017	10.435	0.011
1XNB	135	0.781	0.013	12.552	0.010
1XNB	148	0.973	0.009	6.072	0.005
1XNB	153	0.924	0.012	10.639	0.007
1XNB	155	1.029	0.008	5.911	0.004
1XNB	171	0.904	0.009	4.042	0.005
1XNB	185	0.969	0.008	8.982	0.004
1XNB	186	0.943	0.014	2.087	0.008
1QH6	3	0.941	0.016	3.206	0.009
1QH6	9	0.932	0.014	6.595	0.008
1QH6	10	0.944	0.008	2.660	0.004
1QH6	13	0.837	0.026	2.207	0.018
1QH6	15	0.831	0.010	3.631	0.007
1QH6	18	0.939	0.011	11.290	0.006
1QH6	19	0.953	0.012	3.048	0.007
1QH6	30	0.899	0.007	6.546	0.004
1QH6	47	0.974	0.018	8.397	0.009
1QH6	48	0.829	0.007	11.230	0.005
1QH6	50	0.780	0.011	11.148	0.009
1QH6	51	0.809	0.010	11.674	0.007
1QH6	54	0.859	0.013	3.699	0.009
1QH6	58	0.985	0.011	6.408	0.006
1QH6	88	0.917	0.012	3.243	0.007
1QH6	92	0.783	0.018	3.612	0.015
1QH6	97	0.799	0.016	2.358	0.012
1QH6	103	0.830	0.010	12.255	0.006
1QH6	110	0.996	0.020	10.987	0.010
1QH6	116	0.824	0.011	3.005	0.008
1QH6	121	0.859	0.013	2.716	0.008
1QH6	124	0.931	0.021	3.570	0.012
1QH6	127	0.895	0.014	12.570	0.007
1QH6	134	0.941	0.017	10.909	0.009
1QH6	140	0.876	0.013	11.069	0.008
1QH6	146	0.713	0.018	12.490	0.015
1QH6	147	0.865	0.019	12.157	0.011
1QH6	149	0.941	0.018	10.341	0.010
1QH6	150	0.889	0.021	12.433	0.011
1QH6	160	0.832	0.015	2.284	0.010
1QH6	162	0.914	0.010	12.571	0.005
1QH6	165	0.929	0.009	3.720	0.005
1QH6	173	0.915	0.008	11.355	0.004
1QH6	176	0.730	0.014	3.400	0.013
1QH6	182	0.904	0.013	4.541	0.008
1QH6	198	0.982	0.014	12.324	0.006
1QH6	206	0.926	0.012	8.410	0.007
1QH6	207	0.886	0.011	2.795	0.007
