62
12.436	7.764	9.902
14.738	6.044	12.368
17.317	8.191	14.194
20.072	7.601	16.712
19.033	8.64	20.222
22.133	7.774	22.381
23.982	10.391	24.401
27.609	11.227	23.613
29.804	8.193	23.04
27.552	5.614	24.747
26.5	2.395	22.983
24.322	3.241	19.984
20.561	3.198	20.314
17.86	4.126	17.818
14.353	5.551	17.932
11.594	5.162	15.385
10.077	8.656	14.86
6.436	9.552	14.567
4.792	9.427	11.112
5.75	12.275	8.808
8.802	13.255	10.857
11.699	13.387	8.379
14.488	14.855	10.51
16.962	13.757	13.147
19.053	16.033	15.347
22.382	16.199	17.089
22.65	18.855	19.862
25.796	19.621	21.748
26.571	21.916	24.635
28.742	22.179	27.728
27.784	22.386	31.365
29.905	22.152	34.51
29.917	18.296	34.153
31.385	18.107	30.649
30.436	18.141	26.985
27.073	16.644	26.168
25.687	15.365	22.884
21.978	14.58	22.703
20.378	12.91	19.659
16.788	12.222	18.677
13.954	12.604	16.223
12.931	15.963	14.751
14.673	19.282	14.431
14.145	21.338	17.563
14.341	25.12	17.929
17.837	26.703	17.881
18.524	27.782	21.489
21.205	30.247	22.563
24.563	28.645	23.314
23.476	25.206	22.016
25.021	23.821	18.815
22.302	22.079	16.75
22.615	20.082	13.539
19.542	18.589	11.761
19.648	16.09	8.895
16.906	14.342	6.922
18.061	10.775	6.206
18.056	7.432	8.076
20.276	7.347	11.185
22.021	10.503	9.93
22.726	12.016	13.369
25.733	10.036	14.703
