164
43.862	-1.877	8.851
40.832	-0.858	10.827
38.582	2.235	11.285
40.768	3.719	13.988
44.028	3.475	12.032
42.292	4.851	9.002
40.978	7.919	10.8
44.256	8.409	12.587
45.854	8.721	9.125
43.206	11.134	7.902
42.968	13.424	10.924
46.345	13.325	12.619
46.968	13.58	16.417
47.406	17.023	17.958
47.718	17.494	21.729
47.144	21.224	21.611
44.124	23.33	20.377
44.605	23.772	16.698
42.616	24.986	13.93
41.153	22.725	11.369
41.251	23.27	7.618
37.935	25.119	7.889
39.137	27.504	10.533
37.755	25.755	13.573
39.013	24.884	16.922
39.847	21.183	17.106
41.931	19.014	19.402
43.264	15.383	19.457
42.181	13.229	16.526
39.811	15.465	14.589
37.725	16.291	17.649
35.937	19.569	16.776
35.552	21.752	19.798
33.603	24.76	18.527
32.763	26.621	15.379
32.996	29.819	17.488
35.709	32.291	16.874
36.712	32.42	20.454
39.76	30.644	21.642
38.237	31.232	24.977
35.051	29.475	23.97
37.244	26.593	22.671
39.136	26.217	25.919
35.884	26.155	27.802
34.449	23.403	25.623
37.663	21.487	26.085
37.493	21.555	29.882
33.868	20.527	29.648
34.746	17.635	27.31
37.709	16.445	29.51
36.3	17.122	32.988
39.495	18.94	33.988
41.188	22.302	33.567
43.289	21.647	30.566
44.154	25.067	29.366
44.312	23.961	25.759
46.334	20.917	26.435
45.656	17.273	26.687
47.443	14.004	27.122
47.607	11.297	24.48
45.361	9.221	26.637
42.707	11.949	26.665
42.875	12.229	22.828
42.196	8.474	22.556
39.287	8.568	24.944
37.732	11.364	22.869
38.466	9.353	19.699
36.8	6.228	21.065
33.759	8.336	21.91
33.62	9.943	18.478
33.889	6.716	16.527
31.157	5.121	18.644
28.836	8.094	18.245
29.458	7.91	14.45
28.532	4.233	14.303
25.429	4.582	16.528
24.43	7.613	14.495
24.49	5.763	11.179
22.46	2.879	12.701
19.769	5.183	14.073
19.564	7.096	10.873
16.881	6.172	8.301
18.88	7.319	5.376
22.257	5.914	6.378
21.321	2.629	8.023
20.177	0.917	4.85
23.25	1.953	2.938
25.482	0.688	5.767
23.609	-2.622	5.951
24.082	-3.134	2.27
27.874	-2.686	2.364
30.901	-4.969	2.809
33.243	-4.383	5.77
35.746	-2.091	4.028
33.206	0.19	2.422
31.482	0.31	5.809
34.639	1.933	7.203
34.524	4.533	4.462
30.97	5.677	5.342
32.027	5.738	9.012
34.906	7.997	7.995
32.614	10.429	6.17
30.242	10.537	9.087
32.915	11.148	11.648
34.162	14.031	9.54
30.995	15.574	8.344
28.199	14.465	10.58
25.152	12.331	9.846
23.242	15.256	8.491
25.974	16.139	6.028
26.438	12.646	4.683
22.704	12.127	4.634
22.67	14.977	2.11
24.684	13.106	-0.541
21.457	11.556	-1.804
22.62	10.5	-5.197
25.899	8.927	-4.18
24.199	7.002	-1.327
21.814	5.585	-3.941
24.622	4.516	-6.189
26.478	2.913	-3.235
23.358	0.937	-2.294
23.179	-0.17	-5.875
26.878	-1.253	-5.896
27.696	1.137	-8.735
31.216	1.73	-7.595
32.59	3.849	-10.487
29.535	5.986	-10.771
29.427	6.637	-7.067
33.166	7.599	-6.999
32.559	10.091	-9.818
29.564	11.697	-8.055
31.244	11.981	-4.618
34.067	14.028	-6.227
31.564	16.658	-7.267
31.405	18.229	-3.929
32.762	21.04	-1.909
34.238	18.251	0.281
36.444	16.966	-2.462
37.414	20.444	-3.717
38.454	21.658	-0.222
40.378	18.463	0.924
41.148	16.482	-2.209
43.852	14.14	-0.79
41.695	12.801	2.137
38.577	12.858	-0.049
40.453	10.838	-2.715
41.479	8.229	-0.2
37.837	7.751	1.006
36.551	7.714	-2.545
39.119	5.096	-3.613
38.058	3.012	-0.605
34.461	3.11	-1.866
35.517	2.466	-5.413
37.652	-0.609	-4.757
36.502	-1.974	-1.498
40.225	-2.386	-0.534
42.672	-0.571	1.777
44.947	0.315	-1.065
44.857	4.081	-0.656
45.998	3.889	2.98
48.548	1.217	2.547
51.433	3.473	2.016
50.385	5.938	4.789
