207
12.206	12.22	29.936
8.424	12.245	31.44
6.525	15.353	30.424
3.093	16.094	31.874
2.998	19.873	31.526
3.964	22.539	28.977
7.591	22.024	28.043
9.935	22.666	25.144
13.373	21.107	24.718
15.589	18.823	22.727
15.613	15.066	23.4
17.928	12.705	21.559
18.392	15.275	18.781
14.696	16.089	18.237
13.012	19.325	19.343
10.161	18.073	21.524
7.158	20.043	22.762
4.197	19.33	25.024
1.514	22.028	24.828
-1.944	22.184	26.414
-4.391	24.807	27.613
-6.125	24.453	30.99
-8.039	21.373	32.033
-7.581	17.628	31.805
-4.23	15.963	31.647
-1.59	14.628	29.374
1.475	12.447	29.621
4.244	12.361	27.031
7.114	9.884	27.343
10.181	10.868	25.299
11.65	7.75	23.665
14.692	7.256	21.382
15.262	9.549	18.401
12.023	11.102	17.13
9.867	8.647	19.09
7.505	9.259	21.936
4.303	7.986	23.472
1.315	10.111	24.457
-1.807	9.744	26.578
-4.469	12.383	27.225
-7.648	12.63	29.247
-10.473	15.161	29.228
-8.424	17.963	27.702
-9.562	21.114	25.991
-6.633	21.216	23.532
-3.377	19.245	23.713
-0.454	18.738	21.315
2.543	16.376	21.584
5.37	16.508	18.998
8.973	15.736	18.037
10.672	17.353	15.082
12.87	20.296	14.277
12.585	23.906	15.396
14.363	26.448	13.141
15.819	29.904	13.71
13.316	31.795	11.576
15.779	32.868	8.868
15.022	30.518	6.001
12.213	29.763	3.607
11.295	26.084	3.304
13.236	26.031	-0.012
16.346	27.304	1.809
16.003	24.661	4.554
15.72	22.112	1.752
13.626	19.052	1.127
11.79	17.844	4.23
10.508	14.309	4.457
9.188	12.384	7.425
9.017	8.579	7.681
6.791	7.559	10.568
4.693	4.915	12.185
2.211	5.339	15.015
-0.301	3.269	16.94
-3.059	5.893	17.102
-5.937	5.349	19.493
-8.082	8.407	19.931
-11.349	8.289	21.839
-12.953	11.237	20.064
-11.366	14.177	18.285
-7.68	13.932	17.521
-5.238	14.263	14.64
-2.102	12.344	13.613
-0.084	14.699	11.462
2.967	16.629	10.453
2.611	20.09	11.988
4.546	23.297	12.351
4.708	27.052	11.834
6.184	29.753	9.649
6.758	33.388	10.712
6.349	36.567	8.643
3.741	35.551	7.968
2.73	33.68	11.091
1.086	30.479	9.831
0.299	27.2	11.647
0.13	24.172	9.34
-1.049	20.584	9.248
-0.534	17.524	7.015
-3.14	15.121	8.406
-2.83	11.391	7.792
-5.292	10.162	10.413
-7.948	11.522	12.765
-10.511	10.318	15.291
-14.275	10.752	14.933
-14.036	13.973	12.905
-12.21	14.687	9.646
-10.778	18.204	9.894
-10.989	21.013	9.355
-14.669	21.726	8.576
-14.071	24.15	5.691
-14.524	24.157	1.913
-11.505	22.703	0.1
-9.263	24.997	-1.903
-7.741	22.211	-4.005
-6.168	18.767	-3.812
-2.695	17.329	-3.822
-1.708	13.808	-4.83
1.434	12.669	-3.061
2.832	9.721	-1.118
0.269	7.329	-2.558
-2.658	9.372	-1.211
-5.026	12.186	-2.128
-5.298	15.176	0.195
-7.846	17.954	0.259
-6.262	21.354	0.844
-7.815	23.954	3.159
-7.16	27.357	4.709
-8.815	28.399	7.999
-8.385	31.319	10.407
-7.596	31.438	14.143
-8.703	34.711	15.817
-6.9	35.846	18.987
-5.744	32.32	19.881
-2.561	30.908	21.397
0.442	30.807	19.108
4.221	30.417	19.175
4.281	34.257	19.229
1.5	34.994	21.755
-2.241	35.579	21.353
-2.554	36.121	17.648
-4.755	36.003	14.603
-3.258	33.713	11.97
-4.076	31.321	9.196
-3.98	27.56	9.457
-2.958	25.664	6.305
-4.062	22.054	5.841
-3.577	18.982	3.693
-6.003	16.241	4.91
-5.772	12.7	3.507
-8.992	11.286	2.076
-8.521	7.955	3.875
-6.712	7.366	7.166
-3.269	5.853	7.508
-0.933	5.649	10.494
2.439	4.827	8.948
4.366	5.829	5.813
6.272	8.751	4.362
5.062	12.352	4.192
6.95	14.44	1.568
6.411	17.675	3.504
7.962	19.979	0.911
5.55	18.742	-1.782
2.679	19.965	0.372
4.363	23.358	0.84
4.747	23.777	-2.938
1.066	22.889	-3.47
0.025	25.432	-0.83
2.23	28.148	-2.362
0.837	27.186	-5.765
-2.658	27.923	-4.399
-1.523	31.312	-3.037
-1.252	30.153	0.576
1.79	32.296	1.476
4.522	30.827	3.653
7.027	32.68	5.798
10.349	31.644	7.267
10.455	28.226	8.877
9.88	27.993	12.606
9.092	24.251	12.938
8.273	20.906	11.26
7.176	17.949	13.468
5.301	14.677	13.697
2.488	15.569	15.985
-0.459	14.103	17.889
-3.223	16.652	18.661
-6.299	16.028	20.818
-9.376	18.204	21.244
-12.124	17.796	23.862
-11.28	14.133	24.072
-9.109	11.431	25.576
-6.859	8.835	23.985
-3.394	7.563	23.385
-0.769	7.253	20.711
2.48	5.336	20.423
4.815	7.017	17.92
7.215	4.106	17.406
8.798	5.528	14.266
9.626	9.139	13.375
12.58	10.204	11.257
12.828	13.648	9.799
15.164	13.9	6.801
16.319	17.263	5.481
17.95	16.951	2.054
17.856	13.175	2.558
19.796	13.338	5.85
18.172	12.209	9.1
18.101	14.55	12.099
20.7	13.995	14.847
