51
10.796	21.066	8.434
7.844	20.579	6.12
6.272	17.078	5.994
3.369	15.307	4.362
1.261	13.324	6.853
0.522	9.747	5.731
-1.486	8.986	8.857
-3.261	11.05	11.554
-1.001	11.872	14.468
-3.08	13.163	17.374
-1.998	16.61	18.444
0.274	17.026	15.431
-1.4	16.368	12.134
-3.945	14.632	9.926
-3.474	12.335	6.967
-3.021	14.461	3.806
-1.814	17.66	5.471
1.429	19.322	4.484
2.863	21.318	7.311
5.879	22.356	9.314
6.991	20.339	12.357
10.015	20.251	14.634
12.986	18.572	12.934
13.749	16.225	15.882
10.141	15.084	15.947
10.105	14.38	12.17
13.461	12.536	12.329
12.967	10.468	15.538
9.216	9.779	15.338
7.323	10.568	12.127
9.87	9.292	9.548
10.987	6.427	11.823
7.417	5.156	12.135
6.323	5.884	8.505
3.787	8.467	9.675
4.986	11.235	7.396
7.536	11.827	4.671
9.657	14.834	3.783
7.72	17.417	1.695
10.229	17.549	-1.206
9.161	17.974	-4.869
10.31	14.413	-5.603
8.272	13.003	-2.723
5.122	14.849	-3.691
5.329	13.506	-7.23
5.925	9.982	-6.06
3.121	10.26	-3.493
0.614	11.578	-6.006
1.514	8.635	-8.307
0.948	6.157	-5.495
-2.359	7.618	-4.167
